3 50
0.8341918456380036 150.0 557 97 67 72 86 92 98 61 71 70 78 97 90 87 85 97 97 81 81 92 91 92 74 95 78 77 71 64 60 95 88 61 65 67 95 88 79 84 81 63 84 98 86 67 64 68 66 72 92 95 72
0.804075922349927 150.0 593 83 88 75 82 90 64 88 62 73 74 87 92 96 99 94 90 62 60 67 89 90 72 96 84 80 96 78 98 90 81 92 69 79 87 79 61 60 76 98 73 68 99 76 95 77 86 70 71 95 98
0.81301210852471 150.0 961 116 127 114 138 128 117 117 108 100 112 108 101 101 139 126 102 100 132 101 100 129 107 106 110 128 125 123 110 107 135 105 126 117 125 133 105 122 125 109 101 110 113 114 126 132 104 139 113 106 101
2336.0797627115435 1.1752762518612414
4006.351941772858 1.181360438022522
3513.1902285049237 0.9176335063334917
4608.1331345056715 1.1218750450722537
3166.7465670435363 0.9819592761604631
1954.843585036825 1.1637735612603828
3757.5664471230184 1.1798629711835096
1887.1991723992367 0.9837913762725634
3780.501577225594 0.9767567155279596
3301.9777515730766 1.1720849557076838
4486.627125292702 0.9605828688071183
4282.875152425586 0.8876856872405535
3027.5488648251408 1.0141858244216955
2868.7956270087243 0.9227693296231306
2851.3499929130776 1.0643270765758057
3078.298162028446 1.1239080212131816
1960.6170840910304 0.9520865492833865
2678.468075190038 0.8628674302370856
3408.740638724363 0.9338827299847987
3394.250461282345 0.9140219858341361
3255.4455699023324 1.0670684867252378
1651.2081673484488 1.049691187440642
2598.19453395157 1.140374163179911
3479.559487989147 1.0435274904359177
3278.7939768666333 1.1228382302996835
3672.7338945358833 1.1827319071575841
4671.664816519942 0.9387056931899788
2708.704902532754 1.1371919568752467
3354.872407395903 1.1495703541923028
1159.3087193527836 0.8528404629425896
2507.641719627961 1.1524585853512808
4914.381334944723 1.1048375638663874
3586.7626303700986 0.9072862526987276
3597.2531319593763 1.02323965281642
1925.1782120514629 0.9723158023498036
2868.3554881140785 0.8472871305093043
2480.038369848323 1.1613101185930252
3158.405168982336 1.1884770489134115
2797.2334840748026 1.037523565356897
3264.385714852398 0.9655122786667792
3333.891560972642 0.9393709021012691
4295.536979565755 0.9020591601359954
3846.7420988103922 1.169840823414532
2812.6409990075003 1.0363000180019175
3480.5868919985405 1.1352481027460897
2631.4565933968256 0.858380597994819
3052.1037052837805 0.838376941679174
3105.492156178207 1.1022749255952637
1875.1641023127254 0.8441167559123609
3618.5752225716296 1.1532900868958211
