3 50
0.8932665837336793 150.0 552 103 104 102 100 128 105 116 111 120 128 130 129 119 116 119 137 118 131 106 120 115 122 129 116 118 110 103 139 102 131 135 110 107 102 114 121 138 121 130 109 105 125 136 103 112 106 131 139 116 127
0.814115903061578 150.0 598 89 97 82 99 80 80 62 98 92 62 77 92 78 71 99 97 65 74 64 70 64 62 99 70 85 63 69 92 91 85 98 99 69 73 97 80 83 89 83 93 93 82 95 73 72 78 63 66 91 93
0.8341793022870789 150.0 632 82 89 96 65 83 88 81 64 65 69 67 97 77 66 70 60 69 96 65 70 88 74 86 93 84 89 82 62 75 69 77 89 92 73 83 67 68 93 92 69 94 99 73 87 79 62 85 65 95 95
3760.2452809376637 1.0394148944275252
3328.196909136689 1.05825001376617
4147.269584326108 0.8832616019701813
3022.976956006607 0.8006761817489985
5022.588295950223 1.0638940936002323
4913.874474673603 0.8315025592670006
4849.1354973272155 0.9528395098725201
5337.203532809347 0.9162939069559427
3130.0043310487845 0.9700085117737207
4378.35185502585 1.1737761577589245
5259.328992636748 0.8772114651143688
4338.987881302636 1.157920503284565
5647.464975176215 0.9980651368797625
3294.9641801696066 0.9150517035949085
3757.5397483665984 0.9768563305601421
2873.5752779644235 1.106433618999677
3141.0904465211956 0.8390413242212553
5494.8197633281325 1.118313024979228
4715.5773058289105 0.8431126775949986
2258.4182952149577 0.8100437681551457
2323.388051393539 1.0286457027116167
3722.046074676346 1.056849433483111
4275.801662707314 1.1214416838809558
3386.813585790945 1.0262247191596554
3462.9671342299584 1.0033673629186581
3148.593671717129 1.0570955777145785
3658.5282856343256 0.8054654401543541
2444.0009398453117 0.9645045605126845
3660.8779147306886 1.1718441941672553
4335.690705397392 1.1862064733636075
3825.723411795098 1.109617071537141
3229.0168540780146 1.0833386353113934
4387.828049826137 1.0020734614511817
4241.620010935954 0.9810803655014844
2261.91269037602 0.9988291747781713
3654.990996134266 0.9242049188949358
4142.39901189181 1.0518218485287159
3036.833464419864 1.0438336400190604
1273.254510349138 1.0332529181901473
5783.092758009224 0.8292079943578325
2677.7392999154363 0.9676012082143165
4047.842423115336 1.0621091122976507
3358.7699772492238 0.904544914378464
2217.702347174348 1.0422865769885419
3472.716345492499 1.0624726254104842
4465.413493049073 0.956806725502562
4413.923821768799 1.121102569625081
4690.424664885192 1.1548680641414886
4002.979687487084 1.148147745211423
4132.022144962557 1.0178281648728775
