3 50
0.821728287045398 150.0 534 86 63 95 76 60 82 95 71 94 99 80 67 69 81 91 62 96 92 92 73 71 65 62 60 96 79 83 94 60 90 93 99 69 94 77 96 74 67 91 69 69 60 63 80 60 85 85 82 89 97
0.8669327691139049 150.0 542 68 61 90 61 62 67 73 71 79 86 81 76 70 95 96 90 86 75 76 94 85 69 70 98 72 84 83 86 82 95 62 96 73 67 89 89 62 85 63 86 87 81 87 90 71 69 82 89 96 70
0.8651116232296207 150.0 879 120 128 105 125 106 115 137 127 136 126 100 133 125 136 118 122 102 108 117 106 132 123 127 117 124 114 112 134 131 126 122 112 116 113 119 113 105 102 104 109 114 108 136 106 134 101 134 104 134 109
3300.2927876775843 1.063455758317653
3242.9892988218126 1.1033270339311099
1700.7639481171238 0.900493431614046
2101.7400166463735 0.847063390710455
2150.1097335310997 0.9411612312261379
3747.587034306347 1.115742749889822
3069.4219810472737 1.0339543338720638
2394.09627081325 0.9561047140901096
3160.238029068295 1.0182423135776832
3179.6012214221137 1.0476991182720354
2192.226788790013 1.1355919032289457
2603.98554040817 0.9872637861321684
2503.257616749418 0.9286212228292362
3669.869413502817 0.9454282674552901
1521.8127011653887 0.9749369271533308
2945.5599958844787 1.021286983527192
2981.807856291625 1.104890076605431
3127.905316301884 1.170759632173193
3547.5414414332713 0.9079652672312859
3284.0019324477207 1.1869564516885558
3600.916018127895 0.9469686818268221
2499.2265463107374 0.8287275015426094
3757.056736098439 0.9843882421312113
2707.6695185335097 0.9117022630342473
3960.3847388434356 1.0335408952296308
3331.250073171078 1.0345987301755324
3475.281903326221 1.1184330139831835
2946.6074896650684 1.0817236722395605
3460.5933856432744 1.173023644845064
1895.5223217284538 1.1610068272083582
3288.1612782718366 0.9692778418018003
3232.4273475227938 1.1374519848863216
2257.1004788789287 1.1278786293542393
2833.9101068815444 1.0299763159539383
2486.2824651211295 0.8475919954702978
2925.0143952372073 1.0275336477236834
2183.1148394797883 0.8292298354074281
3446.3125247897074 1.0024482488360582
3184.316355374981 0.9335790360227599
2617.388847663827 1.0616236612036167
3380.3976616692935 1.1529626926578824
3079.9108117636983 1.144746406125396
2307.7937961201437 1.0290683566506056
2443.1777291618628 0.9683062551323096
3193.1190815558016 1.0098028243480297
3326.9795922802773 1.1000884678164031
4130.386870880441 1.0133990267146136
2177.2064923527732 1.0658218680070533
3712.3360024977283 1.1634453727784932
4459.978388972282 0.8632571500331119
