3 50
0.8588227808105875 150.0 818 94 86 85 62 70 72 99 89 84 98 67 93 94 75 61 79 92 79 88 61 64 71 89 91 82 98 86 91 71 91 98 84 97 90 92 68 83 66 90 89 87 77 75 78 96 88 76 84 66 90
0.8402522549276501 150.0 823 77 60 84 66 99 73 79 71 61 78 97 91 60 64 85 68 72 80 87 76 81 76 60 96 84 62 85 74 69 62 88 69 98 69 90 91 67 83 66 87 77 96 96 61 79 90 60 65 66 71
0.8746762499795389 150.0 843 110 138 119 139 108 107 119 101 135 125 108 129 105 118 124 122 115 116 111 136 114 118 131 127 114 103 107 100 100 120 102 103 114 122 127 101 121 111 103 119 125 112 131 110 101 122 123 124 133 139
3345.3763227178256 0.9139697403658809
3627.481439516766 1.0716000007567252
2973.083816872876 1.0711883954014982
1333.5904790685495 0.983597102675796
3816.759365344803 0.9648992990628644
2733.5049715921996 1.011305827862076
2739.349931991237 1.1261919521479447
2400.0038551071 1.0933404919913712
2773.8894980622335 1.1203561937630155
2362.9718339315627 0.923809330832628
4576.635534275371 0.9320609559248638
4192.664805480605 1.0235493083962426
3259.020485761044 0.881993725669206
2907.6560402349946 0.8987843262848482
2661.32501042471 1.1721468349471353
3359.527193564761 0.8736223922098936
3059.832193292975 1.0667567335372465
2879.24301811222 0.9964189153910242
3411.138147403042 0.999244679594053
3584.8571511903856 0.8665768886285439
3415.7723666331913 0.85405218689254
4150.133771529715 0.9659801393003846
3301.914555028984 0.8195491036496737
2888.6465710684447 1.1418636103374031
4064.8773783434717 1.121465121009853
4130.156781743448 1.0115296013414847
3168.723026991828 0.8164458977488946
2763.9172459111264 1.068784649435294
2958.6413564986133 0.9830661514752104
2071.72174176297 0.880078744961677
3237.522544490215 0.9731865397024366
3581.794539913409 1.0414193232481948
3030.1925751453255 1.062801862140261
2987.2475952567793 1.0829737995079793
3140.2262678502375 1.0397619307083925
3381.526651540169 0.9150168664821627
4222.0598007555445 1.0797233835962707
2807.2133574737263 0.8433351771799176
2069.070885009478 1.1715205748053763
4646.4812064174885 1.0238255152304898
3107.3528257522025 1.1479848518256859
4618.619675939652 1.1156169773219546
3495.133882875728 1.1348539287109995
2876.9172781619195 0.8075164420674507
2642.9785650520357 1.1564604222602242
3873.7299195157493 1.1518926233422462
2887.7448186443175 1.1245955735255018
2194.9776595005305 0.8804815128715227
3144.7087643485243 0.9613587316746696
3159.1066764736083 1.172303126870208
