3 50
0.8888502797716631 150.0 543 87 93 96 72 88 78 68 61 60 86 87 60 85 76 82 90 89 77 75 65 90 80 77 65 84 77 94 88 82 95 60 70 91 91 93 69 71 90 95 69 70 64 70 79 99 91 75 87 67 69
0.8698772695378734 150.0 907 96 67 91 81 95 84 91 70 72 71 61 82 61 99 85 92 70 67 81 73 78 96 63 93 87 94 82 63 65 63 62 94 83 98 78 81 89 82 63 83 90 71 62 70 87 72 82 77 71 86
0.8710719435934708 150.0 929 105 100 138 128 123 106 127 104 108 117 137 137 125 104 111 120 133 117 115 133 119 112 121 120 125 128 138 139 126 138 118 125 129 139 100 110 133 135 108 100 103 130 104 135 104 127 111 104 132 111
4237.672829706349 0.8591829643490273
2983.804637186755 1.0432906603717484
4533.777231227125 0.8587318168582783
4651.630132400531 0.90995718297536
2686.9050711590085 1.0924075325664546
3580.1243698595918 1.0854063086685755
2596.217952089888 1.1621417435297259
2235.8547272883484 1.150324763355982
2621.645931308503 0.800846799603931
3655.544915954016 0.8024425954786913
1898.8834141010664 0.8429309771714362
3228.3005911182763 1.0365774111159098
2213.4987851981605 0.8338821957783213
3721.2266634850566 0.9867667442698059
4079.652701190178 1.079070730284066
4324.602009313343 1.024467752050901
1908.4470639077012 1.1443556449156114
2144.6951823869704 0.8854986649301849
3663.2044729702507 0.9044107284076126
876.6849355167387 0.9409470331476331
2253.665055016894 0.9154277513114617
4627.346438388839 1.0091404876786159
2283.7711074029185 0.8567904672566288
2792.206896177578 0.9541361077707075
2073.2271515565694 1.1031873697136685
3226.4045069501417 1.0810532088260358
3154.7257100405004 0.8753348468799546
1637.0121487302922 1.0050424229582189
3673.589671216987 1.0444304697352849
3078.898466093453 1.0016281058131398
1833.1498309225506 0.9909106560516894
2733.9572451456934 0.8766357775948831
3125.0233287548767 1.0223404592991978
3524.120424666926 1.0615808149533887
3111.3163482478803 1.0043468037822951
2789.501399854935 1.1486555973681047
2371.707506237019 0.974530119298083
3156.215116457424 1.0800113991542106
2843.8173099202186 1.002706052408094
3861.0916321714194 1.1530648528257932
4314.506242873564 1.0441564496249767
2973.75613351465 1.1938360131883594
2361.7731289766834 1.173399944111805
3823.3670493872314 0.8942853102383461
2821.0113456689064 1.0960171994758618
3837.731544375874 0.9472791181861672
2980.4279828664935 1.0917998289269435
3386.9170342008624 0.8282208470742043
1696.7698550025282 0.9965857639992936
1993.6413135525534 0.9895080318310694
