3 50
0.8590047396406244 150.0 647 105 113 114 128 120 135 114 115 104 115 100 131 117 130 102 103 126 127 100 107 104 126 100 113 105 130 121 137 127 132 119 122 108 112 126 100 119 127 107 133 138 104 131 103 101 112 129 132 103 112
0.8782154604889595 150.0 652 67 65 65 93 77 80 90 80 99 83 66 69 99 66 62 98 85 99 68 87 73 63 96 61 74 95 87 86 91 75 95 94 70 60 74 71 66 75 80 63 60 60 78 98 71 85 68 77 73 81
0.814692954848082 150.0 933 99 95 62 87 94 60 94 72 93 67 95 93 87 88 94 64 82 82 79 94 90 60 84 95 96 90 73 72 95 77 80 77 95 75 91 67 84 66 89 83 77 96 80 93 85 82 78 97 88 62
4769.881062999712 0.8107647996797069
4214.660930842355 0.9010207453028786
2329.7843616036953 1.161292168068899
4139.336395135222 1.087628630151081
4781.60999513737 0.8121779423130063
4961.247521418508 0.9274349527167132
4034.2935824885667 1.087110246206033
3023.85954217744 1.0153098871155681
2645.2236072313044 0.9581133346136259
2719.9461917169156 0.8974666443752384
4143.727173272577 0.9423624255079217
4551.494977291588 1.0426054620439775
3801.7788192403113 1.0973551999078972
3144.2579119034017 1.1155746715170394
4509.213647550293 1.011752695403835
4930.33984957832 1.048232626278365
3102.7830080155436 1.08870630358349
2589.761133270973 1.1494143508119494
4445.970637664631 0.811783903340299
3895.9092231731097 1.1426307051841162
4134.82950427403 0.8221002467303087
2975.597193935724 1.1615970771296054
2560.785768545534 1.190224285779494
4758.203968575694 0.8319991787633924
1800.9925860349297 0.9266780573183637
3109.4656912533733 0.945275793703734
3989.3936907768234 1.116910762832299
1860.642550055795 0.8513293237500735
4148.120532583307 0.9006112249876703
3887.825361120099 0.9219007093040743
2609.3697904040528 1.0087268911704534
4640.422932360673 1.1216139069628244
4117.134610761491 1.1829506677097614
2554.1126214462556 0.8356848357298061
5799.212417833347 0.9543983093193189
2134.6675908640673 0.81712239556914
3789.3310973132593 0.9063767044384908
3317.8244820077553 0.8601369251239624
4435.285572797443 0.8773399787952247
3800.0196544041337 0.915650334441143
4808.629056087759 0.8704442308282063
3816.800220765683 1.1765516648953198
3692.028218976756 0.9433449018613486
3805.432277917453 0.8763734462366827
3850.300520089815 1.1958444850992667
3611.822047205652 0.8415288316184942
4100.81448891621 1.057552835471951
3004.766787916251 1.0075425835327396
3642.043829067454 0.9224232080575477
4463.669457846397 1.1848819271083328
