3 50
0.8582696694383436 150.0 508 100 136 139 117 108 132 105 104 138 127 118 134 139 134 119 113 111 119 117 119 128 114 113 112 104 124 119 115 110 105 115 132 100 136 118 100 103 101 113 133 126 106 107 125 122 113 133 108 126 131
0.8121065080145414 150.0 525 96 97 73 70 87 99 86 96 74 76 65 90 63 68 68 79 82 68 83 76 89 73 67 78 93 63 88 79 63 63 71 61 86 76 71 82 84 97 93 92 86 68 76 96 81 72 84 94 68 60
0.8824451918057422 150.0 697 88 68 66 77 84 81 61 97 72 96 64 73 95 62 71 62 91 75 80 85 83 91 88 69 98 81 74 96 95 96 97 76 73 63 65 97 84 62 80 98 67 83 82 60 88 93 66 72 66 70
5166.220084701265 0.8925038482525829
3219.3511953659345 1.1516940595702003
2564.183226834353 1.0533547720577974
3171.870297020047 0.9898206315194596
1813.84325580437 1.077115505240629
3691.613071912918 1.0364024056689376
3404.5383174865524 1.181991949952048
4137.573716395473 1.098635212187379
1925.096578408998 0.8576434565777749
3589.850571254493 0.9365577939337913
3345.5949897463925 0.900719509834705
3653.8261597480796 0.8729565595139481
2779.884187083484 1.135263327167084
4182.910322017429 0.834961692454935
3421.794582214234 0.9466187481148982
3705.1939250548257 0.86016819553215
3441.136456061815 0.9793316945431692
3561.5864262180417 0.9329282435954384
3229.2896485469896 0.8518340171457582
2767.4850096608347 1.1509060171086392
2996.847737953846 1.1731582565375318
3942.4963008879504 1.0206224814111515
2544.6827769125093 0.9390366858829787
3740.251412859701 1.0099525820724913
3058.410266851415 1.1630488531813616
5103.610553367207 0.8276885540110552
2621.0350202707423 0.881006998927396
3861.358405175312 1.0751431698644756
4182.53607197237 0.9973733269258316
4809.927175055922 1.0335342581366118
3249.692000780673 1.0616864147258838
3276.6915824237826 1.012753076973669
2155.0610815319696 1.017756556615155
3931.0166052274844 1.1446735551582112
4319.025336389586 0.8170020938293827
2972.725931968348 0.8022466326372536
1929.0744113926999 1.074186784699959
2430.5310724256206 1.1009113952340817
4284.247299289068 0.9945524975315192
4870.421467350972 0.9673067953206502
3207.077742437254 1.1777605713520902
2672.596166165449 1.0161570959110378
3627.935641420348 1.1730322430010258
3886.5974504293 0.9219647687766834
4388.345382510179 0.8274736287133405
4260.976494505946 1.0620899513398323
4302.102511837998 0.9646774539408086
3660.089108828627 0.844297270811845
2963.0565742582344 0.86561401497397
3242.6448226829 0.9311291764762863
