3 15
0.841463620064585 161.80129057905015 791 96 97 86 74 85 68 84 82 72 99 80 86 88 84 82
0.815973559484268 158.82223487297097 861 101 132 111 112 135 117 126 122 125 117 107 113 133 123 120
0.8935611986659756 159.2129475809769 972 75 72 86 68 70 94 75 84 69 79 73 90 96 73 93
2527.53867375168 0.7661292199437231
2193.3461634363503 1.0272672420908102
1630.184445688689 1.3993424227746816
2061.585329669411 0.8314907149792365
1508.8327560227146 1.1848791696706535
1435.3620844946192 1.1004079614655182
1976.3115484383638 0.6009692128126539
2220.119580601725 0.8260081577629865
2894.8276606600775 0.9189781477946626
1786.076235818244 1.1431727534618223
1794.4447082484694 1.1347551209791362
1779.4612537127764 1.2075059435854762
957.3144440131683 1.0959336302812894
1443.112682672946 0.8358219306366067
2163.5992343627186 1.091135290989448
