3 15
0.8179516100978086 140.09463434172605 583 67 84 85 80 93 91 92 94 90 88 98 77 73 64 64
0.8077839921597809 174.55674433966325 804 122 119 125 125 128 125 105 134 136 118 117 105 136 131 133
0.8982980919721113 169.8994546165817 983 96 75 64 88 85 80 94 77 71 86 84 97 85 75 93
1912.1122696811153 0.6571555083396233
1682.320967165956 1.3620616051918844
813.9867619101739 0.6839542300106196
2659.7404304584916 1.2039354880066382
1403.757653953919 0.9776234158168841
674.2068086892793 1.3459067161527072
1463.0449867444297 1.068648569436698
1545.6389723776294 0.8456359677887744
1763.4783067514054 1.0086619816104352
1697.2446180417503 1.024246466950283
1464.2536158790012 0.9528226017437841
1313.6192463157781 0.7747738479124124
2138.0752081309265 1.1979322056422834
1314.1791527671444 1.3439285692932612
1228.410853199468 1.19483855062104
