3 15
0.8242024485934922 130.77110697917337 648 138 103 125 115 123 111 127 133 134 114 135 120 104 128 102
0.8537988468465211 172.2711335571941 731 69 88 95 99 87 87 75 68 91 80 95 65 71 70 81
0.8868009917178115 158.45336869689208 735 66 90 68 84 71 60 85 63 67 89 81 62 79 63 97
1631.4360972053705 1.0331794426535341
1845.1426849962384 1.3121588945339298
1450.8961962523035 1.1211722698126065
1360.2714496269523 0.767517909578681
1526.5958631418898 1.035614138629398
1630.0937097356675 1.0993844876058703
1415.7344127317274 1.006312529505187
2446.857424430596 0.726039150268605
1364.94162477654 0.828850137991371
1973.7193579463567 0.6787195630102669
780.0081698292695 1.3720829479881191
1648.733722796896 1.2529381270000464
1785.2561773767736 0.7483299447430959
2182.4098631906813 1.1290855505071757
1555.0480653194547 1.108211393973618
