3 15
0.8394126864936663 131.80418907371418 511 103 109 117 139 106 117 134 112 103 135 102 128 125 124 102
0.8473163832605729 172.78902653885862 715 66 71 85 61 82 86 74 88 75 65 74 67 73 87 64
0.871801982068179 169.5561821620074 723 64 69 74 99 68 96 90 81 97 73 84 80 81 74 84
1579.7231836952888 0.8171606298663132
1891.254788853743 1.2548174804356487
1250.2398906656267 0.7145876569023171
1278.592522790373 1.1144339618876384
1282.140984908523 0.7909717154980845
1613.6175223738137 1.3077940636979308
1175.298683900083 1.229789040263649
1461.2758393230765 1.39020280294767
2176.65951104101 0.7116133317792097
1627.2538325492 0.7622851913510894
1093.3250205231682 1.1042740023543969
2672.758937449242 1.255260886524057
1982.2589195055493 1.3595598195974001
1569.5445096037104 1.1141778247697642
1325.6961358486503 1.0745668385307874
