3 15
0.8239753299755335 160.4015634111948 632 65 79 87 66 76 87 69 62 62 97 69 77 88 90 77
0.800959294661854 153.8612181124325 775 114 122 116 134 102 132 120 129 120 114 134 115 100 117 123
0.818627736954332 130.86539902611017 858 64 79 92 72 79 67 74 74 74 61 92 60 74 94 79
1631.769976769349 1.223938638540795
1334.0940183504645 0.7636196454570012
1529.783320235066 1.3833743118338886
1077.5285919645444 1.1595682921145976
1115.6532102517806 1.2840226904823107
752.852509458937 0.6444168516173151
1465.1863231871134 1.378020355007826
1821.214225828437 1.2082629618796639
1796.9963312418242 1.1204456232411113
2112.2845937505576 1.296624545244249
1411.9961875086872 1.1629736351593807
1592.0460185425331 1.334567108157054
1374.67296826985 0.7477045986502935
1365.6820126844398 0.8882961860854893
2182.674265333565 1.31216971834815
