3 15
0.8970986548346666 137.08617400838446 707 66 85 93 67 69 86 99 62 78 77 85 75 98 61 63
0.8314677358763074 174.56467894096053 863 108 131 104 130 114 127 114 136 138 126 111 121 114 117 125
0.8309983098560358 123.91436943370343 999 94 91 80 76 85 90 92 62 91 94 83 95 70 60 74
1120.2784628449813 0.8307411918955445
1881.675499642249 1.2281891821641842
1300.3600684635417 0.6152275925903549
2241.121541733179 0.7900357965890967
1607.3938511725428 0.6651962299504343
1406.4310474026295 0.9355557037052933
1556.9961803304861 1.2701214645400274
2048.9683813783963 0.696147172835304
1802.9637670153131 0.8443999218495897
1428.6050694444834 0.8671696138563356
1447.086025681128 0.6991244395468714
1783.0119009988778 0.959719750629553
2074.7239138978643 1.3555747582651556
2224.5000945628444 1.376482726526135
1279.4288505890545 0.6337957200680445
