3 15
0.8904418363009393 174.44109963379555 521 126 137 104 107 121 139 133 101 131 105 129 109 134 108 100
0.876621649317872 169.97124177247184 579 77 61 86 67 61 62 91 92 90 98 78 86 96 72 90
0.816329460702341 177.6485834917067 653 83 69 63 96 82 76 94 81 92 71 69 93 80 95 79
912.936990730118 1.3444354343828282
1275.4743570827775 0.7454105956146447
2004.226953426061 0.8145896415292213
1398.5469595409656 1.3135789447740185
2049.4019017591077 0.9156654453509326
1478.731704534557 1.1793435192675026
1520.7128753669374 1.2782733681318044
2149.48079183132 0.9470543560249377
1362.1148099719414 0.7538958386176429
1615.054020019577 1.0615860443806973
1725.562844460032 1.1694133926966614
1155.4443261030954 0.8982622343904186
1772.2619587866463 0.731363109926748
2490.0091196150765 0.6076146487301577
1121.012391839324 0.8678892875554828
