3 15
0.8961799616056835 122.88830064737675 559 71 90 93 95 80 79 67 62 80 83 84 73 73 98 65
0.8734928751516589 156.2875057227309 582 85 99 68 88 77 78 77 60 84 63 69 86 65 92 97
0.8196689783400424 156.47072239564272 626 130 139 130 113 125 126 139 117 126 110 138 135 121 129 113
1447.3644886182567 1.0702188966342536
1358.1797672841155 0.7902350822156364
1728.8182494004363 0.6591260817498683
1648.1793089903583 0.6756047774560701
1415.0217605763703 0.8168809483838773
1433.8166439080367 0.8134165175162084
1320.5798526798064 1.0194453364495903
1395.543901980094 1.2428606643155014
1394.7574674715154 0.7101843118485399
1619.7286819519761 0.8522381905004441
340.0032460504939 1.3074875603933238
1075.3883538341365 1.2685435360184383
1099.947309257642 0.9454372658855865
985.0100200062268 0.8688615579302696
1404.4627284114629 1.3621954395195472
