3 15
0.8663492311563978 120.93432372507974 580 87 93 90 99 64 76 92 79 86 67 75 72 95 89 97
0.8258727690295402 134.83413039080557 785 89 78 74 92 79 66 63 92 71 91 99 94 90 82 89
0.8962418810415431 168.33470158767702 953 106 135 101 127 129 114 123 119 105 117 130 137 107 104 103
2057.8224694681876 1.384122479251609
1567.5348509143091 0.6544268376287826
1131.4729748788438 1.1223140154497466
1390.6174587973971 0.8176293458904412
1175.6860662337356 0.7738704093016741
1329.3243377264162 0.971618570816446
1463.5565043081704 1.0545765503715807
1836.10918216578 1.3973085044133917
1413.0475964762177 1.332383025664024
2277.5716315145487 1.224541937083996
2042.5242715995755 0.7405996909972349
1558.1334825835356 0.6943154145233107
2288.816634927409 0.7581693936032945
1055.7054173349238 0.9185004288830547
1422.9674020184013 1.2670537367491064
