3 15
0.890199019253052 143.40738175840107 599 131 121 134 124 137 119 129 126 118 103 116 109 100 118 115
0.8744011452654361 123.45585115057683 766 84 76 81 90 90 81 76 83 94 71 82 94 75 82 89
0.812611574537005 155.3472511009714 987 98 69 66 64 89 97 92 94 69 93 90 90 65 96 69
2016.4911145728436 0.8410499807477515
1293.1214406388713 0.7987951708652301
2228.739137698857 0.6475774136972344
2403.584623520813 0.8388854696190183
1494.4019605428496 0.9876567021090572
1521.494192897534 1.2575282433700106
1859.2781908821264 1.0566214931867557
638.434346672703 0.9642969830229331
1954.1822497171506 1.157439508894345
1018.4658454935513 0.9785981440064633
903.7372573635877 1.3721040546306993
1397.0651117795364 1.0565107760495873
1736.3412859819846 1.3309477981138034
1349.4970892298143 1.149633045347512
1879.6444534690158 0.9058193137222851
