3 15
0.808118616197695 130.2323605957822 558 100 121 110 109 113 116 117 123 100 136 106 122 102 136 132
0.8909218256161265 123.1912774268721 918 68 81 76 97 82 84 97 97 73 64 62 63 68 86 86
0.8585972167620337 121.68415309246497 979 69 64 89 67 64 78 92 70 68 77 81 90 69 76 75
1616.2328392725851 0.9871451149906794
1382.9142565435911 0.7694942139265133
1698.3066370376202 0.9447866587554232
1162.9109652769803 0.6953649688272009
1305.3298879689864 1.296344000301008
1883.3398520572957 0.7250232854097984
1554.568989230672 0.7527482697067814
2042.3217035680768 0.7897161101843952
2209.91384409848 1.046330214173676
2284.5995724348268 0.7794867341483389
2013.395946649617 0.9093085291770318
1256.5959117274006 0.6670665482431116
1643.079404964663 0.9104437659505589
1505.9165995519925 1.0355477477076367
2500.9066408598 1.316014372393219
