3 15
0.8598070584675008 127.03730780645792 931 77 93 99 68 81 64 94 99 95 71 89 88 66 63 78
0.8216405496259763 144.20825476279288 958 98 73 81 67 60 85 95 66 60 89 79 83 74 77 98
0.8955756686575227 137.4474909478873 973 114 131 106 103 120 101 118 113 105 100 113 113 104 135 139
1249.7724121293058 1.257567122607238
746.0576607903972 1.2822705328731345
1278.6018768748982 1.0814616895591145
1887.665747330495 0.7004881022996011
2013.5283060742809 0.9466740122973798
1061.903329004953 1.2941046113841541
1077.8317959564508 0.9347035377318837
1933.8639138141348 1.158413285484345
1787.7337584881434 0.921587323623756
2403.4588139491666 0.9547043059683256
2083.66415851521 1.136728317000086
1947.0694978946512 0.714623412518301
1438.0002524134743 0.7994638293400615
2451.2296765787924 0.8640500915441902
1264.22541048603 0.8144073615503813
