3 15
0.8456524842618465 130.31750998098642 591 94 84 70 84 96 91 74 83 77 78 73 95 72 97 60
0.8344172425971137 152.2236354543689 774 118 112 127 107 125 135 123 116 120 104 120 103 115 127 107
0.8822810515001503 179.28285502066518 996 81 75 93 65 69 85 81 68 81 89 72 86 68 93 83
1440.5685686736795 1.2673754693343153
1951.822975821477 0.7574346354893535
1156.765394640417 0.6773555168053553
832.3958021315245 1.2199508974815982
1034.61405569583 1.2588301951784624
1840.9077841995356 0.9853351051037726
1388.8007118246521 1.2151756787541919
1541.8498144007963 0.8167511655449667
1267.737529424214 0.6603586402300526
1500.4819671904238 0.7385463380174283
1950.4779751424364 1.3692801228910172
1529.6368661514198 1.1134728672370995
687.8462195664413 0.7522740770697531
901.491639077007 0.9773594772963416
2182.559235365476 1.161648233734435
