3 10
0.8920884912536893 157.83646368420165 682 114 112 111 126 133 119 113 112 107 118
0.8008470594283278 146.49881001029155 817 68 75 80 86 78 73 69 95 79 94
0.8921391296317704 98.46278905380655 929 70 73 73 61 75 97 90 60 98 77
1409.174909512877 1.007121135025157
2005.9774881816006 1.1151928021576307
1503.0995810446377 0.9622938776188811
1610.9295011521915 0.8562125534186442
1377.2116918640836 0.9543339950329837
1512.5867868314433 0.8147846728727026
1910.2859092872186 1.1323763224133703
1597.2289538087587 1.0361888199919873
1241.2913230438555 1.0969971835410086
970.6516306327294 0.9566320477862833
