3 10
0.883905338840655 162.63476374955843 758 90 87 98 97 60 77 66 83 64 62
0.8544315081826217 115.14992688641996 856 111 103 108 131 115 122 128 116 119 131
0.8032866770528783 123.65460750323767 884 82 61 81 92 70 99 71 67 60 68
1261.7617052772277 0.9354436723670407
961.6750149092777 1.1766847826806566
1462.497733914507 1.1219357732180324
1991.5976145695017 0.8704994128363882
1584.0261841916818 1.1063688832357683
2047.614961265212 1.1066970766889166
1534.1800314576658 1.1308655213506285
1799.2999435422958 1.0133664854840343
1565.2912412321755 0.8128919064395492
1598.9840858934792 1.0168935793541638
