3 10
0.8726318224885835 121.13761352594614 537 125 100 111 106 116 119 124 122 106 117
0.8741282311924569 168.183233451518 857 86 71 80 61 90 91 88 92 92 84
0.8140373890245873 121.1389527231646 899 65 76 90 62 69 89 83 85 76 87
1490.402159717776 0.8498062436544546
1445.7845683867156 1.186770166659148
1911.0547561619946 1.1716909526246027
1673.386803964498 0.8189125836651534
1360.1432249230616 0.9074489271935032
1328.853125755728 1.0995940839735219
1745.2017594975248 1.1851028077596906
1318.2914890389459 0.9141104474337439
1337.1808867787931 0.9659841799150936
1064.249594377627 1.1733651891468126
