3 10
0.8591195637074842 150.6676210378269 586 95 97 96 78 76 65 69 63 60 98
0.8363112575370597 124.11372882237175 652 69 81 87 84 76 71 95 98 88 71
0.8846167657138607 165.38804840397287 920 128 128 121 136 118 122 121 136 109 103
1217.4411901528088 0.9617869531893876
1351.892355845664 0.8354641607135866
1175.2240082707776 0.9671008172059773
1211.9324518061119 1.1297182355946545
1197.4429582249682 1.1935995434244036
669.0676813842921 0.9005600600426463
1794.2384934628035 0.948649902966371
1696.6445318223996 0.9264828836316554
1076.5831928709686 0.9139425679440935
935.5130905239623 1.1938090602545595
