3 10
0.8006380001096215 138.16495831350994 596 73 93 78 93 81 82 60 86 75 82
0.8497102352287887 142.5692062542653 731 135 131 121 103 128 104 101 102 110 105
0.8618643018270191 144.06475340055871 902 68 78 74 77 62 94 75 85 61 65
1739.397385968922 1.0788014754413702
1515.9205193746589 0.8007374212002324
1973.1431254399731 1.0002111199364487
916.1589167815534 0.829618860188939
1708.3504731423877 1.1981925912631581
1170.1512784824467 1.0775610815539203
1342.6790141619053 1.0981812897379413
941.3325013079211 1.195282105949602
1505.515778367004 1.0711286198141738
1578.6143416883083 1.1223174170054109
