3 10
0.883748713936801 156.27531242325293 716 68 81 82 91 62 71 68 75 94 62
0.8571611647158071 142.97233646708696 848 109 121 137 101 113 115 128 138 109 128
0.8279960142064182 125.79376377185099 946 60 91 91 82 61 70 64 87 93 93
1079.8783520105703 1.021368304369001
1537.6020867631596 1.0294373588732568
1789.735702888941 0.8921921613214376
1828.3553252003119 1.1467669228901773
1339.1745533609815 1.093201175146131
1614.802591682346 1.0095599894978384
1231.8828862644493 1.1919340731885812
1315.5386752615202 0.8873028214719004
1125.041446561877 1.162212291905278
1001.2577704557486 1.10034949263771
