3 10
0.8149936460456668 119.7098800155645 729 136 133 137 125 113 100 131 105 139 138
0.8818560162021385 153.6699043885291 813 80 81 98 81 78 91 70 73 64 62
0.8266612147313518 149.94880053042726 897 90 73 68 91 65 97 64 64 63 93
1170.787597596978 1.0336706804418976
1639.9428092385817 0.8229203397436042
1765.1944744262528 0.9128481064987207
1427.6375971894024 0.8375269487336193
1619.581139502506 1.170863171140537
1356.379284457156 0.9202519178788319
923.0161862385455 0.9545226482520843
1761.5659150519748 1.0870570473656156
1667.3702637072681 1.0044860386240861
1945.1917845653143 1.02636737149276
