3 10
0.874412086694122 148.0730753663883 634 80 67 74 74 97 92 62 90 95 61
0.8758552434948196 99.27262592962848 756 123 124 105 133 117 122 118 127 132 109
0.8569279829147269 180.24366782414995 791 93 76 71 77 72 82 78 62 89 64
1215.2312286611864 1.1222938495068688
859.563935181563 1.0670550801305327
1279.0276463062808 1.049159655736267
1672.0324674596338 0.8187978380102187
1478.7909584930485 0.8839390375396172
1933.7771781690033 1.0188524901730576
909.0556080081074 0.9783212454276947
608.377572097364 0.95082683029543
1438.8142817392406 0.8399418803901124
969.4006092513653 0.9719984076548785
