3 10
0.8885805907158854 129.18543686499044 712 82 81 93 83 82 71 73 61 89 80
0.8450547993997798 182.28901887115066 775 71 89 73 63 91 93 65 81 80 77
0.8671344800486981 138.60908393524937 775 114 120 103 102 102 118 122 134 105 102
1050.9952091054427 1.0377092284561158
1326.8891898909221 0.9313015724062776
1168.5276123912295 1.134634517368576
1357.8344401260094 0.9210380522391606
1255.8117490489994 0.839774441779521
1497.6512285342144 1.0292668958831257
1316.514177797108 0.9548286870488807
1395.778972619074 0.9895207428911411
813.4943159799694 1.1742014787582324
722.8364190211676 0.9392649922094777
