6 15
0.8642952940323535 153.1006663508876 564 89 93 75 70 76 69 75 72 81 61 74 87 85 85 71
0.8862953671546647 122.77321323229127 653 62 84 94 77 89 71 97 77 70 71 70 68 79 99 64
0.8889426308041788 143.9117496464013 858 93 61 76 71 97 82 65 82 70 92 70 73 89 75 97
0.8717825755691391 178.21383721337344 931 63 91 99 80 88 87 90 85 77 64 75 92 96 62 98
0.8254517756401243 171.5430840019357 960 97 71 67 76 93 68 82 73 62 86 99 92 98 89 98
0.8929238851749939 152.09527071880134 967 73 68 97 97 75 72 71 70 98 66 62 90 85 67 87
1429.154193380857 1.0064579928255735
1446.622529456453 0.9723875083759929
1561.0223524138414 1.0926195001173218
1524.401931543342 0.8559988959565717
1124.5519631704954 0.802100732142753
2088.5347910093265 0.9912341181447821
1122.1464299465924 1.0290289709884626
2521.2655195881134 0.994850333312281
1982.0431236876616 1.1171474222506121
1587.863008994051 0.9484750598988385
2039.800207632931 1.1216109717460208
1423.8932098119692 1.166224087826886
1160.7783251197143 0.8850845920569765
1238.921544075929 0.9462067174449466
1704.7468120086955 1.1368772836571257
