6 15
0.8617154322136589 150.59811008117094 556 74 82 83 98 77 76 67 80 73 84 94 69 94 84 61
0.8705822644953232 157.3479076707965 661 68 82 79 65 63 78 71 97 91 85 89 82 73 62 62
0.8932080971095042 142.76185100866374 682 68 65 96 94 67 63 92 75 93 89 70 65 89 88 91
0.889298268272805 126.27226077993339 776 98 84 78 94 88 99 83 75 70 61 93 91 95 80 93
0.804455273967486 146.6223050369888 879 81 78 63 95 84 62 74 78 86 70 63 87 80 99 64
0.8033708322959474 141.65493116107632 921 61 79 99 85 88 69 67 94 97 70 70 89 87 63 71
1687.8911732651275 0.9543060079790063
2050.647843237384 1.0545940915812595
1139.326770456305 1.0251076204488694
1465.1151352970096 1.017722857260705
1305.073743183752 0.8067019825177288
852.5162549848467 0.9111220844285345
1361.2185338642394 0.8622262878113718
1185.1649861232072 0.9029527182838532
1566.7562904809088 1.0682117396174
2200.6843640955904 0.9656975853046524
1497.4740739159345 1.0713637835934078
919.7812538259217 0.8629253392440125
1457.438731296224 0.8317955503757445
1248.7858345361417 0.8579840167101221
2005.6636536222336 0.9041654859942336
