6 15
0.8385036777000624 170.83281259516352 575 79 97 88 61 79 77 60 84 89 93 97 64 87 96 79
0.8791445693761368 173.01707791446802 607 87 94 85 78 83 78 68 63 61 75 85 78 69 70 77
0.855041272164417 152.67527813601498 642 86 99 81 62 67 83 63 67 96 60 94 85 72 84 69
0.8975062390015893 160.36887786248266 687 90 67 74 79 60 62 91 83 80 62 96 65 68 74 95
0.8031704761018127 120.56683690463626 915 93 60 97 77 61 85 63 72 67 74 73 76 65 94 96
0.8848428679514599 153.14671202304748 948 85 69 93 90 81 60 84 66 60 65 74 80 97 68 77
1581.7029343943466 1.0185314671122223
1002.0391600268651 1.057694141942296
1774.8174266062422 0.8742995892822084
343.60257081427085 1.047256353361419
1642.9255444616206 0.9245727448399297
1287.432014869592 1.0655990145533352
448.9762347425807 1.18825048925173
1438.9971150834026 0.8970622690929273
1785.1236468388488 1.0123511114345165
1278.4758915946643 1.183350938680375
700.2916542673561 1.0319847301610925
1636.779265415126 1.0134307967416574
1702.5621174661164 1.1114631565692261
1947.9451209844087 1.0048533367522678
1553.3610763465401 1.0029802101898804
