6 15
0.8842704492737398 123.49286637513208 622 83 85 85 68 84 99 77 78 69 98 77 80 66 97 73
0.8217505754615223 125.14904072193978 705 94 89 93 94 87 93 95 72 86 84 75 74 91 89 68
0.8991436246070065 155.1643054255402 742 62 88 87 71 98 93 69 99 72 73 69 68 72 93 81
0.8415646549495986 140.0991502689672 825 87 64 89 67 85 78 79 83 76 66 88 88 83 97 95
0.8609847218142855 171.1728492255238 906 79 94 95 84 75 61 76 63 61 89 89 66 88 96 75
0.808126566045671 161.7189419252782 936 99 93 84 92 99 87 95 74 61 69 81 98 73 86 89
1339.7729016909973 0.8451318638292773
1857.4516372629587 1.151226472710155
931.9760016303328 0.862987714413449
2096.953129269057 0.8104640676581479
1835.3396398082482 1.1279148227948
1664.4670827239531 1.057907343749575
1263.958453040673 1.117152656048509
1164.9609307666492 1.0901591576749279
1816.796134986519 1.1937149327391607
1286.8945792204136 1.198892207533116
1276.1059373778508 1.023526073730238
1618.2565971211118 1.1276178361315052
2197.919346590192 0.8136733944734801
1983.505766996768 1.111143256886979
1299.6904711269249 1.0441379763544605
