6 15
0.8860643969872596 149.7726925399423 686 91 79 79 80 98 97 72 61 93 88 88 94 62 83 87
0.8379650843879949 142.96090476946077 687 72 82 88 97 78 82 89 74 78 96 63 76 77 86 72
0.8675088039382113 130.21405310056227 707 95 96 69 67 71 71 67 73 70 71 99 87 81 61 72
0.80633744580583 150.36088298585813 716 89 93 96 65 86 86 74 91 65 77 79 80 60 96 82
0.8208562742818759 174.04629994498916 781 84 86 90 79 72 94 73 77 78 74 66 80 94 72 78
0.802621798422052 151.7395990799012 912 85 92 64 78 80 70 89 92 79 64 95 73 69 68 79
1722.9708573261544 0.9028660558727772
1806.6000451244906 0.9288276877446608
1010.0646520703724 1.046211044481805
1321.8925604068445 1.0324927760442593
2000.420429256747 0.9991253343575021
1462.5305622010883 0.9411068991513921
1269.885045003494 0.8518711357472606
1706.1781392123185 1.1186484700697963
1503.887513475785 0.9395806312979275
1953.5411089524146 1.029835132270308
1737.7254683648655 1.0472977876040852
803.8149828023335 0.9485053221713112
1425.4998891074908 1.0210970840936644
1283.6870046594843 1.1289770131702261
1439.6360028879856 1.1683689854359371
