6 15
0.8766643783088863 125.65879024616149 541 85 70 85 69 88 93 63 97 69 61 76 99 79 96 81
0.8214344300177318 144.2906285589204 724 91 79 97 70 93 82 75 97 91 78 77 81 99 66 77
0.8021014056972284 174.10532535646576 773 97 74 66 81 84 95 89 78 92 83 67 73 72 93 63
0.8703198817809489 141.70384130965687 781 93 70 66 95 81 80 66 62 70 92 68 96 80 98 71
0.8597386659125094 124.81520431526857 869 72 68 75 76 93 79 87 91 79 96 71 66 65 70 73
0.8032069056432436 135.62423407169362 929 67 93 86 97 82 90 94 85 78 76 73 60 65 69 85
1229.618023021265 1.0858129121351339
1662.1327167430431 0.8317182936521971
1752.6071115986142 1.014230345859666
1355.1804344140912 0.9084264531214589
1364.0022045534886 0.8573382017039066
1679.4459284581071 1.0857591001767022
1394.5323050515833 0.943318806077919
1632.6545045950245 0.9765389309871562
1565.7103028946972 1.1486193206103483
1047.056630497934 0.9701106671235418
1923.6107102001674 0.8054414759444166
1811.8757869742049 1.0391223175759505
1684.949677068618 0.8209888597541373
1630.0066140853924 1.1031358302426209
1306.0775032529543 0.9364787067892192
