6 15
0.8672926575518014 125.45247277151721 633 72 88 63 88 92 66 86 67 90 76 60 84 88 61 68
0.8191794083261927 175.0831584022809 651 89 70 99 60 79 76 95 74 73 80 74 93 87 62 78
0.877757380894285 131.8783285399549 770 67 85 70 93 90 73 62 62 60 73 60 89 70 80 82
0.8658864218311011 153.5118535930248 816 69 79 79 98 87 80 64 90 65 81 82 69 73 76 67
0.8810006515829779 162.26647283774662 911 89 93 79 70 75 63 70 97 90 76 72 85 67 61 97
0.8727486269442504 128.58769300266496 964 66 77 71 87 88 99 94 72 69 86 95 89 79 90 75
1637.3478354805895 0.8817544841960345
1416.1336046872448 1.1198235576979223
2177.625665338482 0.8343168405699115
1225.0276539806985 0.8018519285859291
1989.6703691318758 0.838595634639503
1279.5354954988718 0.8048805618406245
1919.210188964208 0.8018712032517075
1458.5597089099451 0.9642882520448877
1639.7207808994592 0.9879012790282505
1510.0551354102795 0.9619757106611018
2095.568311865597 1.0170711961065626
1779.2746193406892 1.0056579507504695
1417.4622167643518 0.805235373799889
976.9021244908876 1.030937178649362
1779.200697188941 0.9218907897952253
