6 15
0.8371682795045636 151.46847890722867 648 64 72 90 97 68 62 74 90 66 60 92 75 70 97 76
0.8280136287355278 144.49749447418108 663 90 77 88 89 75 95 78 69 80 94 89 77 76 88 71
0.8150081668025702 173.63183129802124 683 66 80 90 91 94 74 90 93 66 71 90 65 79 94 84
0.8479591613507931 150.42292433874027 744 84 97 84 60 62 93 96 60 62 85 69 89 90 96 86
0.8712196884236642 124.8325097348603 807 99 93 95 70 96 95 79 70 62 73 75 76 65 96 60
0.8381659187062902 149.19950866712426 938 91 77 61 81 79 70 78 84 87 74 95 98 86 74 77
1975.9421814904042 0.9180835938637026
1439.2428388022774 0.8309891734008858
1524.4470948323888 1.0455789791711516
1294.3942224323719 0.8062352591834251
1695.6144278182642 1.1221597680517477
1701.5861420093706 0.8181764095326607
1820.187826808758 1.1276023910129784
1621.866632628497 1.1846362310987597
1277.005163842997 0.8456291189885408
933.0629146054123 0.968603364307485
1839.3796215035595 0.8834855427841649
2353.486237383552 0.9227611630316221
1309.2729144141822 0.8889489655248464
1289.3246064284797 0.8253899108256371
927.5978851972412 0.9730047301521886
