6 15
0.8934382336663247 164.53758909102513 504 89 86 70 82 99 61 86 68 65 97 73 64 69 80 99
0.8622589488523716 125.27951028871958 512 76 91 68 64 75 67 62 88 77 66 84 93 89 71 65
0.8992845403465723 155.1631740043498 674 60 89 85 84 74 94 66 89 92 93 74 88 73 86 80
0.813606055232031 126.22599211359457 739 83 84 61 65 93 78 84 89 70 83 92 90 91 80 72
0.835885571720142 143.43835554896796 934 67 85 73 87 93 98 87 70 64 60 74 70 98 84 98
0.8991791527265878 128.23052015412753 961 62 93 73 71 93 83 86 87 86 97 67 89 75 84 71
1965.0240340041441 0.8888612002891524
1923.368318121656 0.9172971952879136
2140.8844944070597 1.1848035668997938
1971.87092661302 1.0047177565909347
1152.8478922893469 1.172854148706902
1669.0141899082491 0.8033262088921539
1873.348570828788 1.0473927787728765
1541.7509154884267 1.0094639897349382
1244.5998266426682 1.1884640390888355
1362.2162669591987 0.9830109551897179
1391.2862946278146 1.121474994421082
819.2244238698925 1.1579615962239238
1379.545645816823 1.1144210693717218
1417.8106434034623 1.115003968839213
1533.069161428021 1.0265633272623387
