6 15
0.884294702602895 160.29453447832708 556 70 93 94 71 95 86 74 89 88 92 75 97 64 83 72
0.8659278627897814 133.70117689448276 601 67 73 70 71 64 94 77 79 63 73 74 90 92 68 95
0.8273119605148394 144.92675214175833 632 68 80 90 90 99 87 76 95 82 63 96 97 76 89 61
0.8177107256588493 156.35474461949596 699 90 64 88 65 86 60 95 93 78 88 92 70 93 77 62
0.850130418807424 128.1706436902536 807 99 97 67 60 99 90 83 93 90 66 61 94 65 60 60
0.8966805899223749 148.3149898998433 880 75 80 60 92 65 64 79 97 60 69 82 80 78 70 71
1687.9966350290933 0.9213746300505901
1332.8109785639806 1.1502597457839974
1253.759095807208 1.1367523118136589
1610.030151261645 0.9795893873774211
1870.6272893710816 0.818341149249123
1958.6020555491275 1.1082260868112148
1425.6285686638846 1.1806916132546776
798.4733841627957 0.8970651244841478
1760.1504575483148 1.0917664862126053
1604.3562476767988 0.8144718088844203
1569.7527052049445 1.0037607335255514
1251.0195524913026 1.1098267454697117
1484.263874196384 1.0159303290761565
1117.2146686201193 0.9273986137346379
825.6050667928407 0.990555005276601
