6 15
0.8685226650950653 137.89724672419223 578 81 88 92 78 76 70 90 90 94 87 91 95 65 83 81
0.8451553759818115 150.83610545231684 793 81 97 87 63 92 82 74 87 84 61 71 60 90 93 75
0.8597930933881298 123.05963572527016 863 99 94 62 81 97 93 88 89 79 99 83 66 76 88 87
0.8072030865246506 174.49074881439157 939 83 95 88 80 64 84 95 99 93 66 83 99 63 73 75
0.8135407580609153 125.06144156142616 947 67 89 73 65 87 64 90 95 96 86 68 97 61 71 76
0.8598600664464117 166.9836120426917 975 84 70 74 89 82 79 73 76 85 65 99 63 99 70 77
1285.9351533341253 1.1366163344488023
1461.3060021239396 1.1931902046290246
1497.9892001788364 0.8356669343684697
1529.6644631053578 0.8813015846400899
1263.4979669049912 0.9977581651384652
1606.1119573171038 1.0036097138257376
2045.1515130539315 1.014269450437079
1207.5034819822704 0.9309094550741617
1741.9474146637963 1.0824030439225392
1053.61964969819 0.8717558133137194
2211.4337934809328 1.18134995150085
1229.5750679602613 0.9950975326584592
2256.31959602062 1.1981965254723876
1562.4392431219544 1.181717408682657
2150.5911143529797 0.8680505912271943
