6 15
0.8940918465045151 165.02483668629847 586 98 75 90 93 72 78 69 68 89 61 77 80 74 95 81
0.8886987382255145 174.73201851057792 586 89 91 77 90 71 80 84 81 91 95 87 95 94 86 63
0.8586635938449433 146.38305744607246 800 65 67 97 94 89 94 68 73 94 74 88 62 67 82 80
0.8299185249870563 175.50916790783475 858 75 77 87 88 75 83 76 67 83 67 92 70 80 71 80
0.8872906218235799 138.90579576083778 931 77 76 94 65 99 67 84 83 68 90 90 79 73 67 61
0.8889741123812371 177.2774758633782 961 90 97 63 82 87 78 61 72 76 91 76 68 87 92 61
1429.8500516636761 0.8388613425724912
1495.41682989972 0.8083563430203253
1720.3236087094265 0.8391873282755311
2210.043162517464 1.0616386371287758
1837.0790774407646 0.8903908940191675
736.721285121571 0.9424637047923484
1689.7619177575343 0.9788105691223029
1638.315970887445 0.8054558945807799
1619.5000182954861 0.9095572977641734
2197.9896687922787 1.121695962352731
1842.2410519290659 1.1689520705512544
1536.6213135180465 0.8701606855561766
1179.4754295527298 1.0241797234809331
1756.7036531936699 1.069926304976249
1681.902096238565 1.179280009630913
