6 15
0.8337067842903301 176.4632165655695 556 82 72 83 81 79 73 80 93 74 74 72 85 76 66 79
0.8168556023444855 170.67495381896205 567 94 66 65 98 96 78 84 81 90 79 61 65 63 71 92
0.8540640132240688 136.50657165828224 735 60 61 78 98 78 83 71 69 87 86 60 97 83 81 97
0.8728749030953684 142.2398900044117 752 94 88 71 75 75 89 91 65 72 60 92 80 88 99 60
0.8368267431166254 173.58884469099613 772 62 91 64 69 61 89 77 87 67 95 92 83 95 69 60
0.8087391624412839 128.50109513287825 922 66 74 61 83 89 75 78 87 72 95 70 74 85 61 86
1257.5887115141254 1.1103885615296234
1472.8219898446905 0.822817637013778
846.6462625579493 0.8347363696247453
1810.8465347465797 1.0985335983699656
1646.0603573053218 0.9521398550647412
1717.8250918326307 1.1792232858495946
1550.032336122924 0.8150413635915377
1460.9770447654246 0.9471680553510244
293.79037884579134 1.1461940816853962
1561.7138396373223 1.0940540029014976
1380.0603057263875 1.0757721947675414
1217.009577846451 0.9377019042524044
1300.7872234853373 1.14846118527133
861.2927200639627 0.90251806037984
1010.000633265463 1.1062429759848185
