6 100
0.821785573145458 143.39255153652581 705 83 69 70 72 65 88 90 63 91 65 85 97 64 92 91 86 74 76 95 93 99 80 85 65 85 75 72 97 71 78 70 74 97 75 69 68 62 80 63 94 71 85 68 97 82 66 67 67 65 89 76 77 86 93 78 70 70 84 89 76 78 86 74 84 92 77 86 72 96 81 66 84 97 83 77 78 83 81 91 77 85 67 91 79 60 61 71 67 98 93 60 75 93 76 83 97 83 72 61 75
0.8024808497139889 159.9920861744277 745 78 79 87 89 71 84 95 82 60 62 65 71 89 87 83 84 81 97 80 85 63 66 79 94 72 97 89 62 62 88 77 83 68 76 78 84 73 71 60 90 92 88 86 63 74 92 88 78 71 78 67 91 74 87 78 94 78 86 85 82 94 68 90 69 85 96 84 63 67 84 85 70 94 96 62 91 89 65 98 82 83 89 69 88 61 98 74 79 93 96 88 64 92 65 93 84 67 73 64 61
0.8855494068723632 125.13741330106896 793 80 96 70 70 78 83 89 85 77 80 96 71 82 96 68 66 91 73 96 68 80 78 67 66 78 99 94 66 73 72 82 96 63 88 81 94 89 67 98 95 99 73 77 69 84 95 82 74 73 61 70 62 82 82 99 70 85 71 61 87 81 82 83 90 95 80 88 93 97 83 78 75 93 79 61 98 78 87 81 69 86 64 72 98 65 97 62 75 87 77 69 84 69 81 61 91 84 73 64 86
0.8940294769215322 164.2903452586831 841 178 162 145 178 145 176 162 152 161 171 172 170 155 170 179 171 177 148 176 151 145 145 172 147 172 175 152 148 152 174 164 163 156 157 157 177 155 159 154 154 152 176 152 149 142 164 158 150 174 149 176 160 146 143 174 157 150 169 178 156 141 146 177 155 148 145 146 160 151 179 146 156 146 150 158 141 160 159 154 147 146 158 156 147 163 146 146 155 175 162 155 167 153 148 163 147 160 153 144 177
0.8122876213770569 132.94727294395508 900 157 161 152 150 158 160 161 148 145 156 175 154 160 143 169 149 150 161 165 173 145 141 155 143 146 141 154 154 149 159 179 168 150 154 165 152 167 159 175 155 153 151 141 154 159 156 159 147 158 144 142 171 177 153 144 179 176 165 146 155 164 169 142 159 147 150 173 179 148 169 154 172 161 169 161 153 166 166 158 163 142 141 156 175 141 152 176 157 173 150 168 161 171 154 159 174 179 164 146 156
0.8089008987464555 153.4507559673123 956 173 154 159 172 174 143 169 145 160 147 144 168 163 162 159 169 151 154 171 146 141 167 145 156 140 178 178 144 161 152 168 144 161 152 144 150 153 157 153 153 163 171 171 169 167 158 168 162 141 148 151 150 155 144 161 148 146 162 158 178 145 149 164 168 163 145 175 152 167 170 168 149 169 142 178 153 163 151 173 177 162 170 151 170 175 177 177 164 162 167 165 151 149 169 170 156 170 159 178 140
7487.917085890304 0.9860581748184643
8197.776275329968 1.0667029298335415
7528.672986401508 0.830720345258688
6809.041738672199 0.8095674878059281
7479.403241092379 1.1804346849416598
5102.641882178857 1.0638421779687146
5218.915584109436 0.8934310350022402
5255.690700278609 0.8894586104753608
6048.359215054633 0.9678229931459931
8507.54054696451 1.1637295118599884
7875.195228049522 1.0782363227554435
8040.141994683193 1.0265683907062495
4834.450797408825 0.8056243279620783
6289.680777064334 0.9160441398335186
4565.004454933849 1.126011843919108
5677.797312175886 0.9108420477292591
5646.289709672379 0.8282695131329317
5601.894956224374 0.8934165653237254
6608.728919553767 0.8500251794695888
2930.087823768616 0.8870693183092219
7516.940794840481 0.9572094876744957
10167.998506024534 0.8872781957358873
3862.6053014450454 0.8210869876695981
6502.528329338968 0.9472135855014314
6271.236137917989 1.0155333442279468
3453.589931746301 0.9753768845001093
5749.147707261823 1.126465194970621
6132.158077705318 1.106309135633508
6913.427038718087 0.975142528981606
9675.113392228315 1.0563408380038215
9667.808260559148 0.979158468003029
7595.558955739807 1.1768138749064176
6207.588830071152 0.9393754941740678
8754.077850506312 1.0616880339099088
4230.4408579256615 0.8750929002940928
7311.962766828441 0.9575327448642881
4986.257274229336 1.1443954197605575
9617.686784952111 1.1810822075880634
8623.239069646033 1.087183828568792
10580.624426205937 0.9682364771502772
3874.5021660437 1.0968781613459226
6253.278120542083 0.8630779592074833
6620.762115795604 0.8086622847796818
6408.5893261567835 0.9355186331285842
10337.595137566148 1.0139363732464068
5619.057273189567 1.0386564158220222
7094.6393256718275 0.9332448738450655
5325.175588296923 0.9476914219531993
8704.06192438463 1.159165239612649
6788.4850373951485 1.1306223016559172
6737.4644319246645 0.8952597147170822
8027.730867496375 0.8085991369473167
8693.770042671887 1.1966579377019535
6032.695211998265 1.0953948766598844
6166.844872394282 0.8634133295371665
7044.481296486722 1.0894573141060158
7594.213828869978 1.0831466353363082
4731.486948006275 0.8434814173954498
5874.229627185973 1.1831650783297234
8238.520067516816 0.9323072484025652
7106.447361497496 0.8162560002798527
5039.964228942807 0.8430221381241584
4554.849118067636 0.8836328192174577
4565.591412012453 0.8875014174096606
7403.981390909363 1.1850256792799065
5526.056619861724 1.0863674084312183
7809.41200349316 1.0001676932724564
2766.5410382629534 1.0257223970800837
6351.929948255965 0.901408194391427
5785.994630370444 1.1997741483414153
7152.842382478899 1.0540755756674356
5426.018244834635 0.9330198578414124
5924.428997707409 0.8559648243517004
9953.526599036712 0.8513470218819138
6509.496745575383 1.0092436421299023
6976.281697462977 0.9180850144351647
8867.144982421323 1.1945304523255145
6365.4391850036045 1.1811012753284706
6526.7716189348685 0.8398417234343821
5443.451071035137 0.8053994452169249
3745.7051819562344 1.0941759243323523
6931.960630717765 0.8654924134406878
7789.736181420895 1.1368578226106547
4121.320803302944 1.0283171064178505
5750.879044177906 0.9995901312400091
7764.107924470764 0.8498289424663119
5088.515377434231 1.0404104627860613
8537.529171465787 0.8502648178804845
7080.707309222988 0.8330834833437094
8911.204409873711 1.119165756472528
7050.265993798833 0.8665883402721527
7510.55567751384 1.1049081038504953
8763.057264759756 1.1618799928305379
5791.825967957053 1.085691710814591
7819.887532746131 1.1069930549853364
8317.280219351574 0.970520073344055
8933.246121554614 1.127495570805733
9764.227157631922 0.8815534282965604
10059.875898261947 1.0708168609951392
5799.152856819245 0.873426130675014
