6 100
0.8759866758728733 178.62022930822894 502 93 86 66 69 62 61 64 88 84 72 60 60 96 77 99 95 64 94 94 63 85 93 83 76 68 67 95 82 95 91 61 77 88 72 81 96 65 85 74 99 66 68 62 96 83 85 71 83 87 97 83 61 88 75 99 67 85 61 83 73 67 85 75 84 89 93 61 90 79 76 68 97 64 87 94 68 90 86 63 79 97 66 84 75 96 64 60 74 83 96 62 71 72 98 69 88 61 70 62 72
0.8306091304949004 151.63662701610514 547 69 93 80 90 63 80 77 61 63 93 68 83 94 86 61 96 61 89 81 97 73 62 90 60 64 92 66 90 80 95 71 68 67 79 78 85 93 75 82 90 65 76 94 70 98 74 97 82 91 94 66 68 95 86 65 64 82 88 99 81 88 68 87 95 78 75 79 86 66 98 82 64 71 68 71 60 60 94 65 65 72 84 67 88 61 92 87 91 67 92 98 61 90 67 94 67 65 92 67 67
0.8823319225293421 171.28143785018025 576 168 154 147 143 164 150 151 157 147 152 153 157 168 174 160 167 158 152 157 172 167 158 173 166 163 140 148 162 179 161 169 144 146 143 163 167 171 168 175 149 169 168 151 174 168 170 140 179 167 160 171 157 142 141 159 162 162 142 172 176 150 162 166 151 147 178 170 159 145 174 147 152 158 157 142 177 152 168 160 142 148 155 173 175 161 150 149 162 146 177 167 145 179 179 164 156 172 150 158 168
0.8240555453804931 155.89552210820943 758 63 83 96 86 95 65 83 66 90 61 61 87 88 82 61 64 75 77 73 69 74 69 60 95 76 75 72 64 71 70 99 76 83 80 67 66 90 77 69 62 93 83 92 71 86 81 62 64 94 92 84 82 98 61 84 60 66 70 84 93 95 68 64 80 72 84 77 75 81 89 60 81 91 95 99 90 77 82 80 96 86 68 90 77 82 61 84 73 67 76 74 96 73 95 66 87 70 72 88 86
0.8735478252536273 151.44135717645395 760 158 166 149 179 161 150 177 160 146 150 156 149 162 144 145 166 153 167 143 150 145 159 173 140 140 140 148 150 164 170 147 161 151 174 148 143 153 154 177 157 178 164 153 173 156 177 157 145 176 155 155 147 157 159 161 148 143 161 174 173 157 154 173 148 165 159 160 147 173 158 176 176 155 171 157 140 147 160 164 173 157 148 176 146 158 145 179 168 157 166 144 177 169 145 147 169 170 141 172 150
0.8520523772850648 168.93967287345984 917 174 171 160 155 154 169 164 170 152 169 144 152 141 163 159 164 160 145 156 171 156 178 174 155 178 179 153 175 156 145 140 172 179 149 169 145 155 153 165 170 166 147 175 140 160 142 176 166 164 161 163 158 159 167 147 140 164 160 160 178 175 146 149 178 163 166 170 162 142 141 159 158 177 161 168 178 158 146 174 155 158 156 141 178 159 161 163 140 159 168 170 169 163 146 169 159 146 161 171 166
7247.9686246484725 0.8155821808623698
4577.507713114814 1.1495344695547685
6140.182387917745 1.12798359492113
6984.204586819447 1.042888442113973
8463.800356296057 1.0306509538923092
7190.98999219004 1.1175245640226779
8396.662956527187 1.0217485918770177
9183.215567757865 1.0868496431457437
8485.082298359455 0.8283180662743976
7109.08685629786 0.8072685194928884
9146.554611747188 0.8863910138663204
6510.600627848779 0.9878954545745491
5455.011234294923 0.8886138084239109
5011.291645418312 0.9061150895424626
5347.027070744654 1.1200853696287356
7899.084161093541 1.0429407614301276
6443.179456502722 0.8904753955634271
6960.3590737816585 0.9254830432555888
4969.105061183202 0.8564068900394962
6686.143467645868 0.964634055330747
8950.825157424772 1.0025118273807787
9330.02973367288 1.025551770402073
10087.096953069164 0.9125698838560279
8119.507427291571 0.8407932807479891
6769.979270701138 1.0835480293022477
3462.74226533615 0.8592264691173672
9153.458407397737 1.154946386970466
8334.886345744217 0.9622337459621557
7315.603792068345 1.082735414155593
8334.96061988641 1.1081989768061073
5837.067052171644 0.9223659798691971
5138.016204098643 0.9712125321037589
10527.07552230887 1.1008130953646396
3785.2914568642454 1.0416671337326489
4191.03860077649 0.9770730874473657
9314.200451920533 1.128250241107499
7982.91492221959 0.8059688927565233
7070.0759006506105 0.9065374356079023
7069.795390221564 0.8453594866655922
10436.387848677465 0.8593726720333483
6611.732164158464 0.8473143926911728
6010.183605023636 0.9202035867656313
8333.035586880818 0.9291151915440967
6600.947671786638 0.8470486734689648
8035.336113374207 0.8476980360486819
6808.142372105788 0.9950485996119223
7033.99560922027 1.0852941733341799
6005.943203036653 1.048903836692698
3903.1180876622097 0.8055376302886588
10795.82474920522 0.809506037365377
9266.928740486848 1.0461143871706697
6050.038536768161 1.1699717357341624
12766.102644579496 1.0360325423492525
7523.2068356809805 1.0735012058039832
5532.1184663265585 0.8661416439448284
10268.192529956697 1.1921320587623048
7168.881029720598 0.9822610734717341
5660.510109226892 0.9331391018939936
7048.533945055707 1.1964595887474878
10751.532634842013 0.8639364192989242
8852.079460533647 1.0106812077110563
6283.736674254839 0.9219014393730823
6482.829480445918 1.199037345060625
4587.0670481995 0.8012528406576069
7277.816236355481 1.1944205076558267
4679.91249803645 1.0613227914198151
8328.477830815526 0.8230904381821993
4229.013588343561 0.8799720888620914
4486.827209080802 0.8580333165182138
8401.824301811348 0.8578339818001501
10151.61391098053 1.1795529492639643
8712.524276239088 1.0933467260230023
9040.428757087499 1.1948318788045764
11281.302638646886 0.8778330074433969
6584.902723690437 0.8885830045175911
8264.469570016361 1.1517186292609596
7423.513726893232 1.037877723384368
7134.310749601198 0.9843959510328409
8178.341432682055 0.812544306189179
6220.039151074482 0.9294657871503664
4023.3262845811855 1.1492478801015924
4141.264257814804 1.1966440740608362
7845.456961620007 1.1402617458855207
6738.139479473724 1.0152432323833949
5674.156296132838 0.8317943670285671
8158.480343264397 1.117049371719655
9107.994769863479 0.9868992025229939
8031.577973524853 1.145914211238208
6781.055880342788 0.9086335139258113
9205.278071008479 0.9801372011271589
8702.864352196346 1.0405709669375984
5947.283912906088 0.894160690512253
6113.452334681024 1.0424452157539976
7003.237706314288 0.9604943955884017
12257.278769746084 1.1876010246637674
8480.382647607434 0.8682572362144764
12922.605437433742 0.9569857315906981
6409.287532724131 0.8356940397219408
7685.520407134659 0.8743691176684121
4408.866177699014 0.964193120259012
