6 100
0.8736575597449064 168.33239973647574 519 62 72 63 63 86 88 67 69 65 68 81 77 87 78 61 83 78 76 84 67 82 69 80 67 85 91 72 77 64 74 89 85 79 76 81 79 92 65 80 64 87 63 99 84 67 95 92 72 83 75 99 92 71 89 92 65 72 66 75 89 93 83 62 67 60 69 84 76 68 70 95 76 93 62 99 63 80 86 78 80 82 63 83 94 99 80 70 78 93 72 62 88 93 64 87 74 84 63 95 87
0.8278397623642395 177.28390710713606 672 149 172 158 179 146 174 152 142 173 151 166 162 168 166 142 148 141 143 161 173 179 142 164 171 163 171 179 176 140 171 157 150 169 161 157 161 152 141 161 141 144 141 141 162 158 155 174 157 179 153 167 160 179 141 169 170 141 157 165 147 156 164 142 157 158 172 163 165 174 173 160 173 149 160 146 178 153 172 141 164 174 146 166 158 162 153 140 157 159 163 170 155 147 158 159 140 163 177 157 163
0.82012495979281 122.22172927315123 737 169 157 144 159 146 141 158 175 158 171 145 142 141 143 148 149 162 151 152 173 167 165 153 141 142 174 147 148 167 166 141 153 169 178 162 166 156 162 171 168 166 147 156 168 161 169 143 156 170 151 171 149 153 164 173 150 171 160 154 158 167 149 167 143 172 176 158 144 154 170 145 174 161 154 170 145 144 152 149 147 161 171 142 156 172 156 146 165 153 152 141 157 142 150 178 174 160 179 162 156
0.8846386592100216 137.30271282875646 847 167 159 153 148 156 141 172 140 158 169 176 175 150 164 148 154 149 167 158 168 145 152 168 161 141 144 166 155 177 161 178 175 169 175 144 144 173 173 154 155 140 157 175 164 165 165 163 149 153 163 141 142 167 177 152 160 152 154 157 145 158 163 160 149 174 152 141 144 142 153 161 150 169 178 167 143 146 153 169 170 142 157 156 148 144 172 157 151 142 153 152 141 167 161 161 146 177 173 148 147
0.8444098282231857 143.22964753013625 856 73 79 79 81 72 87 94 68 70 73 72 96 68 91 90 84 68 78 98 94 70 94 83 92 67 79 90 84 62 95 84 97 88 70 63 88 94 65 66 85 81 91 60 94 77 81 98 73 99 98 90 79 73 89 63 68 71 70 60 89 70 67 96 97 93 63 87 89 97 69 80 96 83 94 68 98 98 69 78 98 79 94 89 61 69 60 72 69 81 86 68 68 60 72 62 99 87 78 87 60
0.8395680688385264 164.1617248394159 946 89 97 67 92 79 71 89 63 98 75 76 82 85 98 71 60 72 91 69 68 73 92 73 88 63 79 71 86 81 72 67 62 89 98 84 63 64 64 71 80 89 67 65 69 69 92 80 87 63 79 60 78 69 98 97 97 96 95 91 62 94 73 77 86 95 60 72 74 84 63 84 60 93 71 60 98 82 99 91 64 82 93 96 76 71 79 92 82 92 67 93 73 69 67 76 72 73 96 80 88
5675.589792591076 0.9512737562796411
9769.805678679066 0.9884202745141816
11730.320549467015 0.826923606290608
8259.261136114288 0.8064093469608727
9359.128620284455 0.8107073222434225
6128.821624241438 0.9671243161210924
6109.775823894954 1.0656695499375515
8358.222403210219 1.1140077491751617
6983.019439108027 1.0563727169617012
8804.561288733114 0.9560962370906763
8752.828840490163 1.0077771640160502
6400.224980611264 0.833124361395243
7424.514434008376 0.9203523804510677
5774.129150213352 0.8422586366446141
11394.876637282881 0.9849728995111492
9444.26893166992 0.9348754337138001
4061.586314546481 1.067762145704692
5343.099357774134 0.9865075838888273
9964.410744313249 0.8571812254916773
9600.858174814028 0.8175135253412997
8037.311326477969 1.072294895953743
9632.09184437013 0.8443651659627294
10747.154587013898 1.109410379089911
8160.176843235953 1.157835419532065
10636.048286548528 0.8232491199906538
7826.798029586757 1.1910780187917003
6059.015578871521 0.825040375502192
7542.002034191419 0.844558349745947
6660.02834148448 0.8784297837486633
7394.484165377564 0.8278791625780179
8532.571438903618 1.0929133169591063
6557.841738599943 1.0006887761218735
5271.687578875144 1.031293295705085
7494.462653658218 1.1320931428358507
4644.852290832576 1.1549414113987253
10619.938254778916 1.0163576805462298
10422.485346087067 0.8715904197957584
4989.7221262943185 1.1748266573108337
8783.909407442537 1.079001833110952
11115.690809854428 1.177255173551528
6998.164499671497 0.9603613368462529
8102.824548260751 0.8739166846612456
4796.528756297255 1.1824310170788657
6549.273264242525 0.8279381460218964
7008.401929320095 1.0828854294473742
7494.38109481835 0.9866660745543343
5054.272673775602 0.9416752220973698
9020.734713861439 1.097503098307608
10864.73048924407 1.0657683597331933
8444.8791769077 1.1701765847062995
6159.095761433866 1.184635776374158
10319.279137991594 1.0284502250133676
10472.742313143754 0.8113082280040976
9002.292599903089 0.8956677296948544
7010.408378714792 0.9196893045444781
11251.914834264455 1.020121046858433
10941.187667055001 1.1894587839089907
9773.707820554857 0.9785754488611637
6874.766762189878 0.9177888637436863
5580.984234085616 0.9001240157893639
11600.637255100715 1.0947499859185432
10381.46872202478 0.9642787849340198
9266.98404752996 1.136590017716981
9136.787747889513 0.9978264089718278
9556.219734919909 0.8613492225992117
7562.217728733849 1.0332238554160003
6315.5158877573385 1.1244749963701068
7744.175296413699 1.0704127522844264
8628.92167101077 1.183669100225519
9946.34966139821 0.9178851377228273
9731.061777690154 1.147298913090981
8519.986063389995 1.1347572694520327
6200.9316162155465 1.165094414999686
6423.429675139069 1.0350979737252641
11476.132679342889 0.8211003945389066
5945.580625164752 0.9001910429333598
6592.1160011296615 1.0098644911193053
7411.1617947510495 0.9331234696280271
8580.478963086156 1.056304261231538
10200.608309711359 0.8832123199583028
12156.800744212573 0.9970974773390524
9798.411223179273 1.089365638186693
7943.348402316956 1.0919993884833648
7059.612178587642 1.080522852414766
9311.472271255894 1.0671394590002437
10897.390340095699 1.0630662986706962
8706.234806139411 1.0907248539215484
8948.431293771402 1.031989157729155
5200.972295164289 1.0724462718377183
7136.43122089904 1.0644842397642467
8896.777877120187 1.1013213510884967
7516.2931313420795 0.8379720066193983
6008.426203478786 0.9420249648264278
8083.0660109489 0.8518506442966484
7593.503495691186 1.1617325576469564
7036.292515737891 1.0011598206462027
7882.1272557688 1.1868999018772288
3740.996271578264 0.9123969702044955
10208.215074527676 0.9020791887139779
4992.880629315545 0.8121635443056185
