6 100
0.8210873558145492 128.70569079800146 636 173 179 160 167 149 172 150 173 152 158 147 177 176 146 149 147 141 158 170 155 164 174 158 160 152 154 172 156 146 172 164 152 177 177 150 152 175 144 148 176 144 148 144 169 178 170 140 162 151 175 166 141 144 161 169 179 154 175 168 174 171 165 172 145 144 145 173 155 172 154 179 153 151 150 172 155 154 158 143 153 148 141 160 172 169 168 147 173 153 166 140 171 168 148 147 170 178 157 146 179
0.8363136189044348 128.00110754157777 651 84 87 81 77 88 80 67 94 74 78 76 83 65 92 76 77 63 99 75 92 98 84 85 83 75 91 84 99 66 91 73 84 97 61 67 92 94 65 79 75 73 69 70 77 88 64 68 91 68 68 71 86 91 91 82 93 66 75 89 86 80 80 98 93 67 84 89 81 98 64 99 67 79 62 78 86 75 88 85 85 66 97 82 85 63 89 84 80 75 64 77 84 65 61 94 77 64 95 66 61
0.8850375558799067 171.3004422164594 702 88 98 67 77 78 66 67 71 86 60 96 62 69 72 82 71 92 78 99 63 66 76 93 89 79 69 86 84 64 85 89 87 65 95 84 75 66 88 67 80 87 71 71 79 99 67 91 83 76 70 74 90 60 95 70 83 63 71 75 70 79 80 87 82 94 61 90 60 76 90 95 91 79 66 87 87 97 70 60 88 72 93 67 95 81 77 78 90 71 64 66 89 71 96 65 82 63 97 97 90
0.8642777708118567 177.06439386155407 736 69 91 80 60 61 77 76 93 82 84 92 98 77 93 77 65 61 85 73 78 95 73 77 92 93 79 66 75 63 91 72 77 69 93 66 77 74 86 78 83 67 81 65 85 96 91 81 80 85 81 97 82 62 62 98 74 96 80 94 63 60 91 79 64 65 87 62 76 73 98 91 69 97 88 89 81 77 64 79 81 77 98 83 70 95 89 93 81 75 82 92 81 62 72 72 71 72 88 80 97
0.8063383897349031 165.8654305388718 756 168 176 150 155 154 173 177 151 150 145 143 146 148 154 170 161 150 151 174 159 169 147 179 159 165 168 168 173 177 147 144 176 175 156 176 168 163 172 164 172 166 149 167 149 160 172 172 157 161 168 146 166 174 165 146 169 175 164 168 173 169 151 161 150 178 150 166 156 150 151 160 160 168 176 149 143 165 160 159 149 166 147 166 150 147 158 141 174 159 162 179 178 165 167 169 164 169 144 172 172
0.818883316787244 176.3546727126811 919 162 157 145 152 146 159 159 155 144 163 147 177 162 161 166 164 156 166 140 157 163 145 178 155 169 140 156 141 159 169 143 170 160 154 166 166 167 143 174 156 175 143 143 169 141 144 149 145 153 157 141 156 166 163 179 163 143 177 167 145 153 167 174 165 160 155 143 164 142 178 143 157 166 154 161 170 142 156 174 171 159 164 178 166 163 151 158 154 167 150 146 147 145 151 177 148 153 144 145 172
9550.218459416112 0.8655396622257592
12312.240652168022 1.089143169499367
11789.111869055483 0.8756209333621621
7653.78787063117 0.8777270709068654
11208.006971682475 0.9391066296743269
6494.060103785156 1.1877141770493425
8802.302035207811 0.9747499529373559
3921.9105662098036 0.8530016759863119
7603.9216336350155 1.0608404547686685
6675.7105870046435 1.0692243353970332
4453.5843805362665 1.1256538372899805
5685.711201471198 1.1737907375084482
6376.635097775979 1.199453457476019
9334.89138312689 1.0675218719170037
6940.3367741839065 1.0554326676197787
5987.444875424493 1.007519437803934
5441.392891479851 0.8980768588739955
11465.311014309942 0.8121789721970081
7610.946853317967 0.9616011290553864
8909.386456714561 0.8293475154003489
7374.460962783606 1.007774686462399
9473.291577970078 1.1238211610244209
8715.438183343904 1.1355450221499859
8615.590735395961 1.0654721183248896
8694.20048813689 0.9357677976865274
6239.997987346791 0.8420018093523136
10717.40406899379 0.8292882897566732
8968.299633751261 0.8220840375098561
8099.928986872701 1.1906831522172883
10940.98692512337 0.8010432649482301
8223.958208945154 1.0637416655681675
8579.143020094109 1.0458669940441099
8880.296514697358 0.8778458800441775
9273.631218644743 1.1817272764432682
9661.32093433613 1.1828474972159664
9573.030316636366 0.99336994151716
10269.111015827038 0.9373537487307547
5946.06625359725 0.9707554638826629
6253.9336846052165 0.8202325487681794
9596.482535141993 1.0259968566934663
9608.477513354706 0.9812998969644717
10167.17640235223 1.0145604785699835
11599.800660560772 0.9768868205518079
11735.930557793656 0.8847393297120343
7867.798314251991 0.8207711803961089
15000.985134633323 0.852580458244928
11338.51414350028 0.905658059192964
11759.99699091771 1.0626281643727897
8344.619196614885 0.9475607492818714
6022.673109846795 1.1265234171405978
9598.221351492775 1.1348677339132593
10597.961089557251 0.9441138186852776
5673.766702529532 0.9267336980016854
11857.007386894391 0.853159533314152
7886.05894803607 1.0026438059228766
4860.435509676299 1.1451468560009748
10132.424921234324 0.8833998352727328
6183.810016531434 0.9228036546546247
6221.761192174483 1.0412831990263889
9004.191731077864 0.8464088082334165
7269.629989223582 0.9758573680894372
10614.298033128025 0.9738347919951793
7138.359260422932 1.122998036867292
6920.188156710091 1.1926302554576782
10197.092431733736 0.8767201658736196
8250.349981958258 0.9839323445196186
9059.308381050501 1.0026776262408552
8387.143721830273 0.829434394925769
7282.960151798418 1.1604482160632044
9770.239731616279 1.0691405875654771
5181.230074163937 1.1132355638221796
10648.903509308435 1.1722075629659092
12928.387147184283 0.9685176377733546
6944.984720330222 0.9668864902097366
8311.643138422305 0.9908980295046486
10238.017854967415 1.0912589153426118
8136.476675576175 0.9615608316055546
10202.37587125293 0.8146730704569656
7990.274106115469 1.126479556510169
10082.631816803072 1.0952852910934854
8294.113538390027 1.1118572931732114
7441.745977966511 0.8673955346036848
8167.709576621873 1.0177985313455666
8488.083250195597 1.1302850423164394
8773.841937760753 0.9878789872951651
9383.024115704018 1.1178312024125407
7649.653733039119 0.8708115613920261
7962.913862576581 1.1553642664105732
7067.711378299742 0.8001240230193926
9486.332280837165 0.8270035697326593
11023.940890459855 1.077006415340687
9809.516333154883 0.9489270884136896
9399.468461415789 1.027037535224161
8899.43531186548 0.9450638907863668
12089.864144792904 0.8753380770328729
5019.833909287706 0.847984966276434
9444.803157432503 0.963970811656234
8946.329672686668 1.1676349872894785
10266.505128129573 0.8302917245480093
9244.266740987126 1.110972142140376
