6 100
0.8894806587771038 173.85930195664315 537 171 166 155 159 171 159 157 140 145 174 171 178 155 158 156 164 164 168 168 179 157 141 174 143 168 174 140 166 142 164 148 172 149 148 161 175 160 160 178 140 143 145 152 167 144 162 155 160 171 146 140 173 166 154 144 174 141 170 146 163 154 172 143 155 158 142 141 171 159 167 143 159 158 150 157 141 158 153 178 151 174 156 152 152 162 144 161 176 168 154 146 146 147 140 142 175 176 164 140 161
0.8064328438818855 133.295498884447 574 74 78 96 84 68 65 82 68 81 63 68 69 93 82 98 99 74 77 92 97 99 80 64 64 89 93 74 70 92 65 96 67 82 92 72 85 72 99 83 60 83 71 66 71 70 98 87 74 69 77 91 92 72 77 81 95 77 99 99 94 73 64 75 81 92 66 61 72 86 60 90 67 69 66 98 82 91 79 69 70 84 64 78 68 80 70 88 95 95 83 78 84 64 61 86 68 65 85 68 69
0.8641890245032806 127.54077119718696 605 77 94 72 62 78 71 77 94 69 94 74 70 62 63 60 60 86 98 97 64 80 88 96 79 95 77 64 76 92 84 73 75 83 73 97 82 76 72 88 89 67 91 88 92 90 68 76 90 81 79 98 81 81 65 74 89 70 86 96 64 92 86 93 84 95 91 64 63 76 63 99 91 68 99 84 65 70 80 83 66 77 86 71 66 91 78 71 72 61 75 72 68 95 99 99 67 91 64 65 91
0.8321523593270027 161.94228133846661 790 159 168 141 168 173 140 157 146 173 166 160 172 150 149 143 147 173 161 141 140 141 152 158 179 167 152 150 167 167 153 156 164 143 168 172 169 153 173 158 175 150 144 177 146 163 141 178 151 159 142 167 143 157 170 144 148 146 167 172 144 158 143 144 148 152 173 160 162 174 151 175 174 172 178 147 150 176 156 167 163 168 168 162 145 155 151 174 158 169 148 141 163 146 155 160 179 170 146 170 151
0.8216552275961264 132.32069065560557 808 87 90 63 71 82 85 86 88 96 81 82 66 61 92 73 77 72 92 60 88 92 66 62 70 88 94 77 78 82 81 80 66 61 85 90 85 66 83 76 63 89 74 81 93 83 99 95 63 76 80 76 83 74 82 77 61 83 63 95 97 83 67 76 78 83 91 60 99 94 96 87 70 75 67 65 96 79 85 74 72 86 75 69 70 83 61 75 62 68 73 85 92 90 63 83 86 69 98 65 98
0.8553766246614333 160.6585362994923 946 161 141 149 165 149 153 166 142 140 150 140 167 149 152 156 149 155 142 178 158 156 149 176 172 146 152 166 166 142 152 159 151 165 150 149 160 166 148 158 162 159 157 169 173 158 168 151 149 178 175 174 141 169 177 164 150 159 172 157 176 150 156 151 177 172 147 178 171 163 143 178 149 158 144 160 174 147 168 152 140 170 150 160 165 173 167 170 162 162 175 176 140 171 177 141 168 179 149 141 159
9610.22370310669 1.0591081184460118
7069.705133865521 1.0134676016743693
6918.864905385901 0.8590972680412464
8267.308701512875 0.9297234633854325
10234.69004186643 1.0415353256059319
12868.605530617284 0.9077533804980099
9032.44915121987 1.1862517545755447
7544.21570456217 1.0292990393557688
8649.732939943162 0.9727819352249991
4111.1218730178525 0.9408838150025842
8678.974219554306 1.057014941567237
10464.943342869097 0.9339720760520428
6043.328884160639 1.188273874752926
9024.41171866967 1.1409036068011622
9703.354730956864 0.9782734754730008
6121.301738023354 0.9403482171424132
7384.418861350717 0.8006633908650487
5002.978649820559 0.9287619090609736
7502.359389080558 0.8930437603755618
4347.923418646392 0.9096742326889021
7689.289196975559 0.9887609485137199
8397.6213242171 0.8533314162466623
10496.43709921614 0.9281910585922258
7067.926083660398 0.874702479988738
6653.576285657252 0.8173282687073298
10840.871395655146 0.9659539324852535
6664.736570683382 0.8329380962808233
10643.892806567419 1.1373656162357104
8762.650405069104 0.9435085629868749
7512.109833609533 0.8030507709248178
9531.085696372129 1.0222361952706065
9631.333896251768 0.9359659739275933
10401.310559802097 1.144267917121568
10842.258054410757 1.1610417920955465
7494.454571453889 1.0352147074838256
7823.570365080633 0.829638108350788
8630.035241935968 0.8577893614966358
7832.42314676188 0.8973938799551167
11933.820059056396 0.9952452132467586
9851.095435519928 1.0106261952724096
12275.73184631695 0.8207043597206414
11761.871262231542 1.0082027340939306
7990.643690616308 1.0553198760011102
11696.255962264571 0.9421237651907406
10596.963895705447 1.0343950959019343
9141.051753150983 1.1991715786333041
10863.156234651047 0.9137195081695006
7286.547150583393 0.9111979230414482
9659.209153699061 1.088591286964438
9426.191280326577 1.152397816988995
7779.3890712326465 0.9328833833741095
5861.432702337057 0.9876549589213188
12831.819145317646 1.1978077045201552
4223.0739699033675 0.8949304081119965
11128.521930060135 1.0152384150584775
10844.993981489059 1.173890143726036
8185.640586150099 0.9082992587920887
8884.15762225652 0.962115986011453
12170.10645754413 0.8890399904622578
10532.768875490648 0.9633322616544073
10920.951207022734 0.9029305585801529
11553.227987172799 0.8827775784402366
7347.572846759011 1.06138382092639
10010.075310248953 1.005702147225211
7423.808725543469 1.0510617959396906
10149.068896789044 1.0459967269802724
9056.768903686298 1.0126051244514274
8400.464065947832 0.8533401127779519
8147.2227939264385 1.199354149813404
8369.25894793613 1.174562056452526
11070.363983482464 1.1474796989887248
10440.44448424775 1.0008010676430368
8652.547621281608 1.0142910729916699
6629.133177538075 0.8467816610366561
2997.689478238358 1.1141554321429004
5815.188284184533 0.8412093942663967
9651.346790918926 1.0050765125666548
11285.235289461018 0.9954858823039516
7784.714813278636 1.0649856154003317
7428.245578147411 1.0788997270119078
8732.543815307434 1.176543608186667
8655.950225335497 1.193641787968333
9174.639858868788 0.977398422469809
6724.5745007450705 0.9127126404741308
9948.708394171892 1.1107857267374037
11064.97332905371 0.8167135508424713
6364.360269713029 0.8211623518293765
12544.406380718325 1.0837576844548649
8530.564867307108 0.9423751545606732
8988.708912162012 0.9258770840241163
9684.840784538992 0.8916859676453401
13670.20620242543 0.850178871459935
9136.15156891561 0.9044497348136876
7789.618244126018 1.169581690175233
8074.278919239144 0.9457449195132723
9110.41866575087 1.1221585358261768
7422.821309429538 1.0919536637417013
6671.137737670598 1.1580609930011192
11709.322527885035 0.9763764416423135
7565.070646302136 1.0999410769666722
