6 100
0.8168147064594397 123.20416032176247 596 80 81 83 65 62 76 74 93 71 95 84 88 96 88 67 72 98 68 88 78 98 62 80 96 63 87 99 99 77 84 99 75 81 81 99 95 88 81 60 90 73 75 69 69 78 88 68 79 70 81 85 75 92 88 61 72 94 91 97 97 93 61 68 95 64 91 69 63 71 66 93 84 74 60 69 73 82 70 62 82 73 61 91 84 67 75 70 96 71 94 87 78 77 85 73 74 64 80 74 63
0.8952072323221874 166.97638026706193 731 96 60 72 99 78 60 85 74 87 70 97 98 64 83 62 80 87 67 67 99 79 62 67 97 89 85 86 86 90 87 98 76 92 62 88 91 80 86 97 86 61 65 98 69 69 73 72 73 62 78 64 84 77 61 66 75 98 79 87 90 63 79 87 82 64 94 97 74 90 80 96 75 92 86 97 93 67 68 94 62 83 88 75 92 91 73 77 95 98 90 84 69 87 98 85 74 96 98 87 88
0.8451213006158576 137.28267478588126 857 156 155 172 166 156 171 178 171 163 151 174 173 159 158 155 165 155 159 170 167 161 140 179 158 144 156 167 155 142 176 142 178 149 179 171 168 151 152 156 162 146 155 141 153 150 172 172 141 157 165 163 171 160 179 166 142 166 145 162 149 171 148 166 179 147 153 153 152 151 150 145 141 171 171 177 170 167 173 162 179 176 170 159 166 165 145 143 164 163 148 159 147 144 166 152 170 179 170 144 149
0.8400403770039353 177.21315610265881 861 148 177 147 144 157 170 151 141 145 146 158 164 176 147 144 145 170 147 158 146 168 167 156 172 166 156 171 170 179 143 159 167 176 178 165 171 157 166 142 166 167 154 170 144 177 170 160 149 178 161 152 170 140 141 145 164 165 140 146 161 140 176 167 155 142 179 152 177 153 164 161 144 150 169 161 151 162 170 151 147 151 148 148 169 178 179 175 149 158 146 140 169 165 152 162 159 170 149 149 169
0.8902921877366765 137.7047314455735 912 86 67 96 78 85 62 67 61 68 97 68 84 68 90 75 64 72 90 63 68 94 69 78 87 84 86 81 91 62 93 77 75 99 74 78 66 93 87 61 65 84 67 81 61 98 66 90 96 76 86 68 70 98 66 72 89 68 69 90 68 60 69 67 75 66 84 75 69 90 84 75 74 92 61 91 73 62 88 82 83 72 63 67 64 69 85 73 78 60 89 70 73 77 74 78 71 91 63 92 80
0.8195986178581184 177.7123107334652 959 157 155 179 144 174 177 169 158 168 153 172 163 150 140 164 161 171 147 144 155 154 177 154 169 148 166 170 162 158 156 144 147 148 167 169 169 159 179 163 176 164 168 145 153 162 161 164 159 147 142 153 153 151 159 160 140 177 164 166 153 163 142 151 169 159 167 174 169 154 144 154 179 176 174 157 169 162 177 149 178 154 153 140 148 176 167 164 167 161 177 141 165 152 165 170 158 153 163 156 151
9152.526925083104 1.1157902435528606
3436.8796362283892 0.8106438962067072
7476.519321624465 1.156699080766756
9855.97310856452 1.1357383907506522
10674.178279010033 1.1383222325327802
6167.549196321606 1.0852701323724137
8926.359682602082 0.9757035825363038
7667.592708556947 1.1484427657828309
10791.282492858249 0.879418576216284
6660.91004020785 1.1319737795006237
4715.102440223663 0.9905929904040797
9464.837526293957 0.8415921530852504
6567.399407056663 1.0963146748965593
8370.089064039941 0.9309935696050233
7836.425798240946 0.9111102983337821
6264.925530684096 1.1283068510772396
3597.657785775761 1.1433440357190623
9713.299710755015 0.9986470767194422
5519.7622116643615 0.9745044781615617
8887.415769709372 1.0816475913714538
4317.8834963215995 1.0628529769381925
7092.040214571102 0.8417148169983871
11213.631941219013 1.0085688761765088
7404.120043175524 1.1326954855058682
4147.933493648094 0.8785495638722155
8463.202740601073 1.059297260467289
5406.677630159511 0.8928760766464342
6227.2895870567045 1.05725604669549
7046.879836596415 0.8356862581765853
11850.386702722826 0.8777891833327962
10377.308619254633 0.9783934422495169
8967.864520154862 1.0281660318006787
3905.5949056366217 0.8966408230871205
7650.950943174585 0.989437410928337
7378.602613976299 1.069726705299194
10995.848887647413 1.1444560888255282
9767.85399919795 0.8473408591523848
8821.245138818356 1.1120053090843904
7616.692329743406 0.9277506115879245
7796.950036800698 1.037184303570012
5298.759020936606 1.124404261726411
5419.201258762696 0.9437279637694087
7323.643607787424 0.824082249725256
6655.228307577947 0.9176592520971475
10493.244517406642 0.9437482944180418
12127.383134544401 1.0921777727398159
7294.420379565673 1.0393428791291506
10335.53896000966 0.9046796627483582
6480.521183929281 1.098959772564705
7160.588221248368 1.0982826354814885
6763.7470696357805 1.1874978357519916
5586.206634896869 0.9393175297079414
7334.926100721312 0.9263987211403303
10187.983777436633 0.8583786637781023
8212.040684475958 0.894577062239763
6724.465115044899 0.8117786789536389
9906.443632926288 1.050913079816377
9502.251755464971 1.1297692648389885
6997.229009095599 1.008439889192889
8402.272923183815 1.0915382932043975
8319.958238498857 1.0867133385643981
5773.054407918804 1.0325898129816502
7020.94903171307 1.0595331689732101
10542.692442450192 0.9863985104399232
7461.751448830948 1.1299390686982569
8626.716777875803 1.1416620540261115
6136.462717081517 1.0220675877291545
4537.116729506193 1.1214375878311191
6958.400320721931 1.1311942416444154
5523.330793490219 0.8428069485682786
6362.436330233427 0.9167566369376869
8714.030421745892 0.8134290346785846
8583.878889166474 1.018625498012566
8615.882122482508 1.0124570121826983
6043.48896609594 0.9496650168730859
12500.500133039755 1.179911287988966
4192.933010886518 1.0852575387526324
9321.378851212945 0.8048776718618711
5257.462122272262 1.000730625673141
7308.267783242333 1.1564315442918733
8996.285214799624 1.194069204364018
5135.382714246203 0.932642911133257
7335.012284766754 1.0713347825329798
7475.093241430389 1.0859530989590362
6403.872486368476 0.9285431145575654
5177.413687310283 0.8765596641883913
8709.840407859905 0.9129702053237887
8862.198692049016 1.0025737856531334
6498.596353058929 1.1666080902454596
6087.7614020161 0.9206350893642153
7435.875330177782 1.02709463490767
9111.304540564213 1.0928430972038217
4865.108219411593 1.0676432123391728
6627.282329029737 0.9146680981881231
5629.096950493571 0.8779982336621872
6420.766560395572 1.028613632917342
6192.552130738187 0.9745967213436111
8949.051075331561 0.8635711277255195
10279.33922326212 1.1252750238817735
8921.007663321316 1.1400376492169262
