6 100
0.8034061603269186 140.02251819508555 656 149 177 164 162 155 168 175 157 150 170 152 157 169 165 176 172 153 169 169 142 142 174 172 159 141 145 158 169 168 141 179 156 145 164 167 161 164 157 179 159 149 165 170 159 141 163 140 155 170 160 152 145 169 155 168 166 178 161 168 174 174 158 168 167 145 165 153 175 168 160 143 158 164 178 146 151 157 164 141 166 158 179 171 145 157 170 150 177 179 177 156 155 143 177 172 179 166 169 157 170
0.8462482230789452 163.043683170156 690 88 91 73 89 81 85 69 63 99 71 73 63 72 70 88 60 73 60 99 70 62 97 70 94 79 69 92 81 94 83 82 75 67 75 98 61 89 99 77 94 67 60 65 64 62 86 72 89 68 75 76 87 89 82 71 66 80 66 70 73 84 64 64 97 79 75 77 80 77 80 73 90 66 68 94 78 62 86 62 99 77 84 74 88 91 61 64 80 92 81 74 78 85 89 64 77 97 76 71 60
0.8470097908353906 179.1417274386822 767 149 144 159 168 151 141 171 150 171 173 174 143 179 175 149 150 172 168 175 163 160 142 173 176 144 152 147 145 174 173 156 162 153 150 160 143 168 151 149 150 158 145 142 168 164 158 158 148 169 141 141 147 172 172 171 147 152 170 172 164 157 162 145 164 140 150 150 157 149 141 179 150 145 155 141 176 143 154 177 156 168 172 153 142 169 143 174 174 165 158 152 169 145 144 159 142 149 141 155 153
0.8727863742993565 179.4653989886288 828 89 70 80 95 62 76 76 68 82 86 74 75 74 90 81 73 91 77 92 85 98 70 73 81 70 78 89 63 73 78 67 88 71 69 67 64 78 91 69 86 99 82 90 95 69 84 94 99 73 67 62 69 79 63 78 94 78 64 95 84 89 74 65 61 94 60 95 81 85 66 76 89 83 84 66 70 90 94 91 90 83 90 91 85 90 62 75 93 75 75 83 75 92 64 71 99 72 81 95 86
0.8616107022448809 175.98275377310785 993 152 156 175 165 158 148 177 176 158 175 178 177 142 146 141 149 168 174 175 167 145 174 141 160 166 176 173 157 168 156 178 178 164 172 146 170 144 159 159 141 162 174 156 175 158 153 162 179 175 157 177 140 163 163 148 179 163 158 164 163 140 179 158 144 168 153 174 147 151 149 176 163 174 152 169 145 159 160 143 143 160 169 149 155 178 179 168 179 169 168 157 178 177 164 163 162 179 143 145 163
0.828346811281114 171.79907727801165 996 69 77 68 86 91 84 79 64 66 68 63 81 67 74 71 94 60 98 79 93 84 80 82 67 81 92 68 88 78 81 88 79 93 99 63 82 62 84 91 75 96 60 75 93 86 94 84 76 83 93 95 80 67 75 80 86 87 98 83 63 96 70 87 72 70 81 91 92 73 82 70 67 86 80 60 90 70 60 88 77 78 66 77 81 62 98 78 91 70 73 89 62 95 60 74 96 95 91 84 71
8496.293797827459 0.8781238306678808
8246.619577789581 1.1403561827572708
15011.082532089593 0.8661904435140841
8001.754635940175 1.1704839833433935
7921.093564380981 1.0590948415699055
10504.477179654228 0.8107507841379089
11797.57911049246 0.9131283557859263
8293.224903564671 1.0964041390276542
7266.1327578812225 0.9931992552456139
7641.269571056981 1.131374196525714
9546.930488410191 1.1558120788377302
11600.226533098643 1.030633051258876
10862.427481931494 1.1217755037786676
8295.749046357374 1.1310640719236198
10380.952711639064 0.9777553308776057
14012.493079418684 0.8286833368617975
7333.652552887192 1.069210803832918
11411.738878496293 1.1766945324677285
12613.398503629685 0.8830549881295437
8827.918463438311 1.1514126011885621
7505.6171514905855 0.9857563795994486
9761.609867237054 1.1663404167515738
8950.648132705443 0.9209504426540914
7326.089111987246 1.1152055631579603
8617.619819379004 0.9244296163061234
6899.476329495168 0.9229883387663886
10697.54555721 1.1318039324224685
12295.50932800796 1.1455085215124694
6435.150831888827 0.956254170060708
11869.510767661233 1.1691007213720268
9764.823508444497 0.9843517963040886
11371.192302622094 1.116388669946709
9220.812737985043 1.1627421478252806
11183.580768666196 0.8757365713008551
11062.502974431103 0.9467365668907076
7856.415022967654 1.0006773943261285
9863.79593489557 1.048787068963085
11167.855908978978 0.8641625463136561
8937.983926316829 1.1460991955432367
7238.102532162483 1.1902164039549006
7067.713736498035 1.1856318091106104
12568.762640285422 0.9032496596195904
13323.02062958023 1.0823172177636642
7362.904244916997 1.0980319740340345
13502.871800610486 0.8516619467250945
11408.771874521504 0.8279265946107536
10225.34016366379 1.014458359329433
10430.81835729934 0.9028370914935463
8956.284299550447 1.0593610778575095
11551.053664988875 1.1396697441281534
11301.866778905656 1.1958190427720594
8874.995262116565 0.9573711459854136
8107.648953663515 0.8191064748416941
10823.12713456706 0.8846084621134465
5229.502865962839 0.8816937345187078
10337.761869202342 0.8227016453966804
7338.077058297519 1.0864247490757717
8975.827410819425 0.8386846981133029
10307.450484821238 0.9211116637316354
10442.261080951184 1.0516981999803465
9285.631211815846 1.1313215676968413
12408.452256311004 0.8866694887830046
8337.24390699581 0.9978520150216945
9735.054106276884 0.8183222838861275
6887.094017921936 0.9683312405565956
8876.612265903781 0.93825175225363
11800.05773831287 1.0521691826427544
12040.566010271905 0.955842679731229
11851.19147632941 1.157462098884437
8506.378701691257 0.9852379219315527
12774.866765033823 0.8602007669403497
8441.666719686455 0.8875167602109653
3733.820471446372 0.9410412198103091
10394.316588039479 1.1513714999473152
10316.059044413007 1.095175980821928
6989.416384955119 1.1369012927471753
12009.11461469041 1.1684617122336656
9473.6981602795 0.8413121482531299
8223.221396039426 0.914517812086085
10303.065147921441 1.1942294885960698
11423.181792007645 0.8145047255196658
7683.819663095748 0.9233992952491878
10326.189620321134 0.9869572084607575
10656.248354199402 1.1565446484487214
9008.472372141403 0.905861246750871
10532.172902056018 1.0588207396912463
8105.99153757219 0.8380411429390986
12924.472643165976 1.003078347550636
9375.278365955446 0.9826499712340744
9724.856781548378 0.9536078788115715
10645.327830122871 1.1598590196232528
5697.917846492994 0.8037478044655011
5768.430838368349 0.8272540348721052
9385.71215428306 0.944118174437822
9719.576260591442 1.1037872443074919
8631.48507762793 0.8416957587149929
9896.478785081455 0.8900080215121008
7353.071259644286 0.9102440210637687
5950.300748309578 1.0179621859671062
7383.318930030009 1.1602562250553148
