6 100
0.8730968084374191 144.7662065978706 607 96 66 89 75 85 89 73 99 98 89 68 65 91 71 86 85 94 63 92 94 68 87 66 94 77 99 81 85 80 71 76 82 64 78 85 61 89 96 93 97 95 76 63 93 97 91 63 99 78 79 94 60 96 78 61 71 74 94 76 71 77 68 67 80 78 86 72 99 76 94 70 88 81 75 80 79 66 80 78 67 98 93 85 82 89 88 79 81 87 90 86 72 91 71 95 79 62 61 60 90
0.8007318887890499 170.327786881699 623 166 164 172 164 164 162 140 149 179 173 146 156 141 157 170 159 157 174 170 153 140 174 168 165 161 175 178 172 154 164 160 175 143 147 169 142 165 171 153 158 145 158 165 144 141 156 156 146 173 159 150 148 167 157 155 167 179 175 159 153 168 142 150 179 161 176 146 143 162 142 158 158 165 169 170 175 145 148 154 161 157 145 154 144 174 150 152 143 155 160 171 152 175 160 172 166 153 141 149 175
0.8841931494204412 129.27427117955966 688 146 179 153 161 178 155 160 165 158 159 174 145 156 170 148 172 160 173 159 155 171 169 140 176 141 142 170 154 168 153 143 155 171 178 164 159 146 148 142 157 176 165 179 152 161 173 140 150 176 141 144 174 164 165 156 144 147 154 158 168 150 141 164 168 155 179 165 173 143 177 148 170 171 174 159 141 167 141 167 156 163 146 147 167 171 168 148 153 158 162 149 172 160 146 167 142 172 163 146 168
0.8976921266223598 158.44677247745648 696 92 60 77 66 67 95 81 90 93 94 62 63 62 78 88 69 89 60 62 80 67 90 74 65 79 77 94 76 64 96 67 72 84 65 76 78 71 71 84 73 67 80 69 70 61 61 68 69 90 64 77 60 73 89 81 62 81 94 77 85 86 69 89 76 78 87 68 94 61 74 92 70 84 81 79 64 64 91 88 69 80 61 75 62 63 96 72 60 75 61 98 96 75 61 96 61 84 89 66 69
0.805532814909678 160.55920494642413 784 177 148 161 143 168 171 160 148 145 173 169 149 158 154 146 167 165 179 152 144 173 151 163 141 159 155 146 177 158 149 166 142 173 141 157 147 148 142 168 164 165 159 141 144 162 174 163 152 169 179 142 174 159 170 149 175 152 149 166 175 159 151 162 172 144 158 144 157 177 154 149 164 166 172 148 164 173 160 178 177 168 170 179 169 158 143 140 145 165 175 151 162 162 156 175 159 165 157 160 164
0.8600288171718011 178.12908530110474 809 96 76 91 64 72 76 86 87 88 61 97 82 99 80 79 89 73 69 90 77 86 66 96 85 82 93 60 90 77 72 70 83 77 83 92 84 93 76 94 80 94 97 95 73 80 94 98 84 92 67 62 85 76 76 96 80 92 91 70 94 68 81 94 60 71 82 88 85 79 72 97 86 99 64 93 93 91 86 72 95 87 77 87 79 88 85 80 92 93 72 91 69 83 92 85 65 99 92 71 90
5173.764617376322 0.8451471524548092
9369.010581100609 0.8057099807531066
10695.995333409603 1.0694525123243048
8120.6070456012285 1.1636418280437146
9217.027000609985 1.1154795747724233
7838.616990217027 0.9739556096814508
9131.338322718168 1.0823058464679867
7579.124098627107 1.1777730087814606
9585.827448080796 1.1012533023023854
6825.056401463538 0.9627623917042674
9796.827726104948 0.8087986613948618
7624.384619190398 0.9598858852838813
7834.184613715824 0.9527282204460505
7015.58140831391 1.1046090083194358
10475.745786682768 0.8741074435845617
10491.115327912737 0.8798918097668564
6567.454653808201 1.1669048410870964
9996.911534794164 1.15554421754011
4719.247748296111 1.0217440298636509
10363.88804471372 0.8870829728160832
7764.667818397417 0.8979787015900599
7979.1587106050865 1.1167833763951145
7018.673136174744 1.0762662312042708
7237.953848339732 1.099371393358521
6850.27652786689 1.0070803961666925
4346.743352328287 0.9291377537279397
8392.065745761249 1.064192257330223
6639.859884889788 0.9189112441265902
6816.435005357362 1.1912302074259697
1250.2238391839155 1.114129419056675
9424.518664140818 1.0150306440684036
6698.894904197975 1.0420877553301844
8204.776560061016 1.1839681460609666
9165.329889526687 1.108444343082935
8683.131767509229 1.1471747963744086
7604.875743552126 1.17893844110859
9655.223203630285 1.1757843016107556
5113.1466044670815 0.8433844175573183
8542.901383765757 0.9070522656197674
9582.155988866012 0.8803415941628265
11249.48753792984 1.172623767096236
10045.582736710034 0.8364259974425436
10506.742978794426 0.8701094366908977
10482.51207803252 1.0030441784362771
9224.928757276684 0.9137619724914735
8183.786044292054 0.9457634855937366
8792.289638363023 1.0191666299730628
5466.227635725771 0.8331234494988995
10340.134669870291 0.9870752171917392
4778.997575621692 1.1846311538049565
5268.0174943929305 0.941194198097273
7231.832403413632 1.1326127323070636
3113.650460721263 0.9735024369748192
9660.489788291561 1.004506743983097
8570.696481904548 1.1257018134899777
6981.293353764052 1.1634042985511472
6153.562041669833 1.0468527759338455
9547.488448656042 1.1173143483977253
10321.744474679772 0.9151036398596436
9444.729167393718 1.037220003576315
8440.879102319377 1.1120691200398183
12210.703923899975 0.9052629770225751
8951.046497340172 0.8277821292363288
7776.971135350985 1.0820286206265826
9474.752944427579 1.0486150398985423
9102.036097620186 0.8689978080057601
8942.608643554582 0.8841256226823986
9720.702813243654 1.0341454110689183
11338.23240088023 0.8133212935272623
10539.682870154576 0.9656453599341493
8353.45940411848 0.9793392027180562
9699.604804057613 0.8443617416116975
6107.846898540243 1.1469066654338513
9995.113114050739 0.9195892441483065
5618.1931382727835 0.9264791885169573
6722.358959076457 0.9345849322885046
8378.89940550197 0.8595259814747886
10823.354021245123 1.105982415318741
8033.291970844742 0.9907682172572845
5846.785603494416 0.9266609553337191
7832.017476874972 0.9257102549755046
8269.053123857226 0.977631579767328
8668.422112295983 1.0784703049434348
6175.379455062091 1.0885631768738562
7393.843784651764 0.8134064125305324
8658.071391914795 0.9268663074036504
4349.1874879078205 1.0455569791041617
9607.806231760616 0.9078474082357294
10487.850488800052 1.1431007808255775
14942.73220224277 1.1192538290770404
9005.677904633096 0.9715581997235542
7892.03061994606 1.048223575017433
7656.364564634633 1.018370882051636
9013.734352278872 0.9943175446703574
4165.286686719664 0.9659009963578055
9244.061248913178 1.1476643689099766
7425.519771904399 1.0205209811630334
9410.976762688091 0.9040272410659766
7023.006022333369 0.9904722214466083
8804.837198235882 0.8764684199737015
