6 100
0.825705143361948 163.15395375204707 627 73 68 69 86 92 63 92 90 65 82 83 85 94 61 99 82 92 60 73 68 74 97 73 89 73 88 73 72 83 69 98 74 75 99 63 60 99 91 89 71 98 71 97 74 74 76 76 97 82 84 67 61 80 86 61 75 72 98 69 88 89 68 97 61 75 66 78 70 95 76 64 82 84 70 74 77 78 99 63 61 97 76 64 91 70 65 63 89 70 80 87 78 97 88 94 65 99 66 63 75
0.8500792432469882 171.0867925121491 733 157 154 152 145 143 166 141 162 159 177 150 170 164 150 146 175 176 167 147 154 147 175 142 165 146 158 164 165 145 141 140 160 158 146 144 147 177 175 169 167 164 162 153 163 141 175 171 175 147 154 168 154 172 170 144 169 177 176 162 173 144 152 176 145 167 166 164 156 150 154 176 147 148 161 150 165 167 148 163 143 167 149 149 173 161 148 168 177 150 161 162 169 178 140 152 155 163 174 164 141
0.8074024677996753 147.16271120735018 739 95 67 75 64 91 82 79 64 90 73 71 89 80 90 93 67 82 98 72 62 84 76 67 74 68 76 74 68 72 75 65 81 88 83 92 98 71 96 63 72 62 86 67 79 69 85 78 72 60 77 92 66 65 80 79 76 77 64 99 77 92 80 60 88 79 72 79 77 86 78 75 87 64 70 66 71 74 86 70 88 65 89 97 83 79 75 65 71 85 71 62 72 60 87 75 66 64 73 89 86
0.8900356952726227 179.93779038597808 841 156 161 142 175 176 147 173 156 161 142 164 167 157 145 168 150 152 155 168 141 147 176 159 169 163 160 160 156 145 173 142 171 152 158 147 147 175 141 140 163 164 160 176 146 159 167 173 154 162 175 151 152 148 173 168 165 163 141 147 147 168 148 148 176 160 171 152 167 140 144 144 155 167 170 150 149 164 157 146 144 140 145 178 169 154 149 156 166 167 146 140 147 152 171 159 171 168 161 175 147
0.8728028081255799 149.04686622944985 889 145 165 163 169 161 164 150 169 141 144 176 155 160 160 150 148 141 154 154 171 141 163 152 150 153 150 164 145 149 167 152 148 155 159 176 157 140 170 157 151 161 165 145 166 175 162 156 159 171 157 161 168 170 178 165 145 158 161 169 179 166 165 163 166 145 167 164 169 156 175 141 178 140 164 174 170 171 149 172 179 161 163 173 149 144 171 161 168 177 153 146 170 167 150 148 179 164 151 172 166
0.8043847198488885 137.70263366137752 938 95 64 64 86 75 63 78 73 79 70 99 64 68 82 64 75 83 70 62 65 90 65 84 93 92 97 60 69 77 81 87 79 80 98 88 66 68 62 67 79 95 85 89 77 81 66 92 84 66 87 84 93 87 72 77 80 78 98 68 95 69 63 65 65 88 74 61 68 84 86 66 87 75 89 66 62 79 80 98 91 84 67 95 87 93 95 64 98 92 83 90 95 72 96 64 70 77 83 88 69
11620.119765001218 0.9399671555471816
12985.629822579627 1.0755058579552883
12159.498172198912 0.94280097291716
8347.315962951741 1.114656441907304
9291.217454183676 0.8428103672904697
7369.548090185583 1.0634499715867531
8401.431601048504 1.1530375108017834
5332.815986435109 0.8230453069795197
8040.187074323332 1.1247331397229654
9790.679559868939 0.8725662723391954
7730.069178680453 0.936631910431512
9791.454483651303 1.0216769103496954
4308.915171179079 0.8365699701245113
6543.16650771404 0.9340438750049657
3217.1369798840396 0.8826709132293244
8109.056667039949 1.1802160627562006
6171.499508346311 1.0256271222180127
9874.139509165909 1.1331531449373018
9645.225944276213 1.1177100318304019
6289.591727132803 0.9251217245739308
9142.566979832933 1.1691239796448931
13911.121639770874 1.177308411097103
8233.804037392092 0.867648718297558
7629.754323311855 1.0093401826921786
5511.464095392264 0.9598105442087693
8775.569265747163 1.038693275029199
8581.257329239415 1.1789401526056076
9150.309152500504 1.0005175864903513
2966.7574382311495 1.0010500824696016
5131.328820281234 0.8402978181410135
6416.504059765888 0.9516189947737266
9293.08875428432 0.8308193450172212
9508.378432997202 1.1209006490536022
7787.6864789502815 0.8655786666076642
5644.613639650834 1.179151954818154
11058.405822634644 1.050774026696103
6581.599487649397 1.1156513052038775
7973.059461815103 1.1754277869311052
7940.942429242158 1.1372335676086398
9050.321830310651 1.030771997186555
6102.415649381064 0.8446081869704918
7597.504957116198 1.1936674439493753
10486.623285679016 0.8633678750249538
7145.403699366212 0.9769009889349258
8047.739600280749 0.9537922483133708
9450.850496690251 1.0400915344187927
10579.713503238174 0.8987145948661822
8499.064759418128 1.1395215020831597
8537.4966766026 0.9511915424412614
5279.210661106503 1.1231510232255344
7154.592728090804 0.961280296173372
9386.23928077391 0.8106482451951932
5589.036510228061 0.9974111638761133
7624.942200559382 0.8105836184378331
12211.620464031663 1.0556463270111163
11403.410852248971 0.8769123351659078
10023.327324315906 1.049532444061625
8823.57810573696 0.8274114427831368
9325.429493600559 0.9490910029595945
4358.7135656928385 1.0442359220997537
7178.411340171582 1.0649066073269902
10051.311495154436 0.8299535929870948
10438.069048534717 0.8986546912079822
9713.123484003932 0.9175871466145724
5727.826773008977 0.9196166627474736
9337.149317103847 1.071814734844536
6904.311928991111 0.9935339891009406
9709.228942137823 1.059891778698706
6256.5690918904365 1.0496430846446143
9642.278064529966 1.1309068688410777
6237.72857334039 1.0559199309140526
8888.536621914913 0.8321156928028377
9309.825633896484 0.8050718718548421
8614.710719229493 1.0088644241235647
11711.374569199468 1.1396559552986167
12760.38711109159 1.035970399572402
9303.565121291318 0.8652804800479412
6928.632519350313 1.0499384530455949
7530.634081165568 1.1800925200597088
10102.121583863203 1.1966795400315393
11999.344659009472 1.1499689144837801
9777.341355426734 0.8416629622725971
10438.611453775338 0.9286748550731435
7154.874888944621 1.0808058611028755
8207.998282472765 1.1033816849388878
8704.065934399277 0.9425397983272622
4086.714805644835 0.9448178031262757
8631.76357461406 1.1236765124138421
6978.490792381538 1.0873409782709493
7705.328313826258 1.0772654747625439
1406.738865387938 1.0591294635981054
7290.777277771126 0.8938421076393195
9772.178411657273 1.0071130229609058
6065.867295147544 0.9300269193838683
7592.023568092542 1.1390555620217566
9562.974837366888 0.9468226745425238
9509.806772376742 0.8352332785223754
7925.082990783141 1.0603393588121706
8990.810381482965 0.8005095768000925
5773.389767865452 1.0387605674666327
