6 100
0.8469872165997736 153.5575999191576 544 159 154 151 155 161 153 176 157 147 158 156 171 143 151 142 164 164 179 175 151 174 165 150 155 175 149 145 158 166 155 145 174 165 159 145 170 161 144 179 173 154 165 165 152 172 158 145 142 172 179 158 176 145 157 164 166 143 154 167 163 165 167 143 157 157 160 175 160 160 154 162 158 140 144 161 143 145 152 145 173 151 162 152 162 144 159 167 165 149 172 145 178 147 140 148 171 172 150 154 179
0.8372514932207128 146.29920076877164 584 143 179 154 140 175 169 159 150 148 178 164 158 175 166 163 149 163 160 169 170 146 165 143 154 161 166 178 170 174 154 154 159 173 144 157 178 141 143 171 144 143 151 141 155 169 164 155 149 158 142 171 168 146 147 166 143 165 172 166 163 170 166 155 154 144 165 157 171 175 154 145 161 169 158 173 144 173 176 163 143 157 148 140 173 167 175 171 174 174 169 157 144 144 167 150 148 151 170 158 173
0.8900370979990955 129.1710085097889 601 65 66 67 79 75 72 83 63 70 95 65 94 97 68 90 85 97 69 79 75 62 99 98 98 81 80 72 81 82 71 68 88 83 96 74 73 98 79 99 85 61 70 64 81 77 94 74 68 75 92 98 73 87 90 86 67 64 62 94 86 93 69 81 68 99 93 78 91 60 89 90 61 85 99 63 95 61 84 98 82 84 68 93 64 67 83 71 95 96 78 90 69 73 93 66 90 99 86 92 90
0.8729030166097377 155.41388898036053 879 96 71 71 70 79 98 85 82 73 84 62 77 95 89 67 80 60 70 88 83 90 97 93 85 91 81 86 76 75 60 76 76 70 79 94 88 99 79 98 83 78 78 72 83 95 92 92 93 98 78 90 88 73 76 91 88 80 85 85 98 91 79 77 84 97 67 96 80 78 71 70 92 99 93 94 72 76 97 77 66 80 84 83 95 64 81 99 66 74 82 63 65 62 64 62 98 97 97 76 82
0.8673887443298084 120.65565845311082 908 153 160 167 177 170 174 158 174 149 165 146 143 140 162 175 141 174 171 144 179 148 158 158 149 152 157 165 159 163 159 166 161 144 153 174 153 141 167 140 171 162 153 152 147 146 156 152 158 142 153 151 167 175 164 160 178 144 156 154 141 153 167 159 172 171 168 168 145 179 149 145 140 179 150 158 170 156 149 173 172 159 153 148 149 159 159 161 155 169 169 159 142 147 169 152 161 142 140 153 144
0.8352869568889348 168.43302769753032 968 95 75 63 90 65 66 87 95 96 73 75 70 88 72 64 69 99 79 73 85 94 76 98 88 65 79 89 98 85 65 69 60 77 80 66 80 65 90 62 80 70 78 85 76 71 80 74 83 85 87 62 90 80 74 97 66 74 89 65 78 88 80 74 92 73 85 86 69 78 76 67 87 70 78 86 66 75 61 91 83 83 62 68 96 84 72 78 95 60 89 67 65 81 89 74 65 97 99 72 72
6448.407845773456 0.9250746996262726
7150.944669943899 0.877341770069769
8779.218897847864 1.180033674815544
6100.292293745984 1.1550158903449261
7360.753589246764 0.9788897868849276
10046.053949570034 0.8026424379741992
9867.791633201174 0.9233872076357258
8937.808057610757 1.0896443934143645
9559.691872845959 1.168544978806992
8158.9467099380145 0.8528302195371339
10643.851424009616 1.0437000143218125
11717.400144177134 1.1703004847691965
5277.056228562047 1.144908341038095
11127.160056232202 0.9811702225382513
5866.538565976047 0.9965483491444297
9727.308754227857 0.945557092617825
7406.818896124354 1.1430161025237315
14711.9080896788 1.1097638968539045
8820.672428705859 0.9081898355355024
11458.90252857129 0.940486312619223
5718.474484559534 1.1457359600681067
9146.808033510506 0.9762591593496812
7771.815884445321 1.1859213055222548
8175.1448905859315 0.8169584734906674
9309.820546052357 1.1695313627732649
10889.054879190844 1.0202632435745858
10488.165779834286 0.9181357092933509
9327.222727836079 1.094039371696026
11838.610305209553 0.9483631816478267
10604.107638059735 1.0000789980760743
7908.347825176695 0.8993374953131554
8970.965329561699 0.9165425500937521
6324.477238386145 0.9740165375664536
7718.810475010094 0.8777490437395286
6799.956236020549 0.9408963181355972
4860.013792074833 0.9560100816382737
13017.963764728438 1.055678400082359
11243.700514298518 0.8765388733960648
8512.762645488217 0.9534475395636391
11058.232592314078 1.0044179320375408
10628.35374134485 1.1360273037919262
6297.653567432975 0.8643954874176794
6439.508733866771 0.931280540609567
9906.326594323717 1.064541394208599
7369.213072805687 1.0110339596956728
10120.363037394909 0.857004726381953
10193.2790376569 0.9917460973048629
9153.900505699441 1.1950780489036033
9123.945191843615 0.8054365479279617
11075.912872891313 1.176098583566963
9838.593775330599 1.007193591702979
8964.59467818733 1.1142628430550163
8175.15518312634 1.0241774139890423
7359.774100189229 1.077588783382823
9977.990462352205 1.1612590056349286
7649.524758420017 1.1299834268495283
10072.604681623126 1.1133220335885339
8931.986086221566 0.9158804594200284
6619.808236127143 1.0133758619683606
9830.072000734574 1.0758362157399524
7222.239782357583 0.8202012855445666
12837.462155486359 0.8456029243688872
10222.766908536601 0.9148554301186046
8501.990802534898 1.018069907783819
6839.157255714477 1.1777349392908438
11027.076147627162 0.90687861999598
7679.229662565137 0.9950715688072638
9712.808473157005 0.9810547245258717
9600.585181500996 1.1560688143621938
13328.479712734366 1.1819691155423722
5903.13014676089 1.1158641655587276
6190.9485690440015 1.1469869271751565
9780.21085678928 1.1763025111411909
10720.51767328496 0.9109177365526956
9106.559258152121 0.8882622983961117
6652.589036685315 0.8887332535279024
9271.739447278864 1.1965789613028313
12561.673313093659 1.1960195991051872
10639.22210260386 0.8400201582571385
7720.690983126191 1.1240403214191976
6934.857068439146 0.8307867611432518
10116.211034818121 0.9411330047787471
6595.220190321679 1.1830755746717785
10973.756904272277 0.846262185034038
5002.923967220413 0.9470227826574963
8966.27209100743 1.1338360553435995
8329.653107830922 0.806127894803592
8891.621569666979 0.9387614674147058
5146.2357304164125 0.9543558034324521
12453.486496067131 1.1310006929005503
8157.047285317798 1.1036600271449828
11176.951735184542 1.095754226256504
5758.023843882162 1.116681301286568
10332.492986541394 1.1522043424853141
9812.407594538068 0.8384387095982684
9736.584546911676 0.8384963640537562
11266.176690331691 0.8688994299389536
11992.804403583632 1.0221200175770737
9491.930104376086 0.955439128444964
8760.936376594596 1.1386295955730228
