6 100
0.8078786233299586 135.47971237880816 555 66 88 64 67 89 81 79 69 70 61 80 80 65 85 77 69 78 70 97 98 76 85 72 66 86 81 93 89 74 62 69 99 93 60 78 93 75 74 66 61 95 71 75 75 60 61 84 83 97 97 90 64 62 93 67 96 61 97 72 68 70 88 61 77 71 69 88 68 79 81 64 83 74 91 65 92 68 83 68 84 65 77 91 99 77 86 71 98 64 72 73 66 76 61 81 96 96 72 86 86
0.8937598528023555 150.53749778538975 581 78 72 93 65 92 88 63 90 63 93 71 76 64 88 84 90 82 86 70 99 94 81 87 91 92 66 76 84 92 89 86 70 87 94 88 96 82 71 80 91 91 88 91 78 85 74 94 79 74 61 98 99 76 79 98 82 70 71 99 82 96 66 72 64 77 92 70 93 98 88 69 73 84 95 67 87 97 84 65 97 61 71 98 82 87 84 60 87 96 87 72 72 99 75 86 64 81 64 82 94
0.8352695462687805 163.7324932682703 786 166 163 168 166 168 146 153 175 140 163 154 143 164 160 164 161 172 159 148 146 154 171 163 170 159 148 150 153 170 140 168 144 163 178 157 172 163 152 146 179 179 142 172 159 165 150 149 147 175 171 172 164 168 164 174 162 177 155 177 167 142 148 156 170 148 166 158 152 172 150 168 153 148 176 173 147 170 152 160 143 150 151 141 172 169 150 175 174 166 171 142 148 161 159 146 142 145 169 156 163
0.8029470301649114 132.6927175602462 794 150 169 142 172 151 152 163 148 166 160 174 159 175 152 144 161 149 176 154 155 148 167 176 142 149 179 165 165 166 171 142 175 148 172 164 152 148 164 160 141 164 158 147 159 176 149 155 176 151 179 165 143 148 160 149 167 157 162 171 171 167 155 153 149 143 149 143 158 168 152 176 147 172 146 174 164 147 156 170 156 142 153 156 144 179 153 176 152 144 148 163 177 177 167 171 172 174 140 170 154
0.8539546571741222 136.5304536811909 878 172 143 147 176 165 164 153 174 176 150 151 156 148 165 145 152 158 176 144 177 161 156 148 153 142 142 140 176 153 162 141 163 151 154 167 178 163 160 170 146 145 173 174 176 146 153 176 152 167 161 140 150 146 156 167 156 161 159 166 165 167 153 148 161 176 153 140 150 145 149 170 149 160 150 172 178 147 158 153 154 175 144 146 149 142 166 157 167 151 140 155 156 159 146 168 157 176 160 143 176
0.8578097032895386 148.80164325592494 906 78 61 74 99 90 61 73 84 97 92 60 64 96 83 71 83 64 61 95 81 85 82 99 63 73 98 65 86 80 79 87 72 67 88 95 97 92 67 91 64 82 95 98 99 90 78 64 84 67 73 86 75 78 71 63 69 71 78 67 61 62 69 73 95 81 74 86 91 60 91 86 89 91 75 73 82 83 78 95 76 66 83 78 99 61 74 98 94 91 79 68 87 87 81 75 62 86 91 93 69
10101.109004676011 0.9265551183303493
8014.337473462082 1.166381920890465
7388.89311695991 1.0143956610481406
8042.293690130619 1.0956270141119504
7457.5857304781 1.1323369546213202
5504.057661472149 1.0317175243811618
8291.533285187616 0.9223914750899147
7990.310622953308 1.1893877941799373
7339.026301383235 0.9569214711276136
7142.985837528404 1.0104813868095937
7207.684608348525 1.1286623354342753
6488.419800981663 1.024285663935026
10603.279797494355 0.9740780458201069
7763.629616583323 0.9035678621956195
7067.5945607526355 0.8929950820400836
8593.897427941112 1.176423283460612
13259.479971817304 0.8523314939916962
7539.736355066403 1.0850820806568318
7792.366803994789 0.957879094639166
9970.294341428094 1.0641226277458116
8510.048479099365 1.0993162503111746
10107.533208424857 0.8097288184755354
8075.743957922308 1.0325574979009107
6966.27910257257 0.8039835198239075
6781.4487752430905 1.0648241763121855
6996.335406630683 0.9389468923135917
8109.700834286258 1.0727139012775724
12275.955868883611 0.9617498388559023
9468.975010158101 1.1885322339273159
7210.016870140409 1.0888581337831376
9557.388694044414 1.0672447819253519
5598.788277930476 0.9977780023085681
9199.122029874758 1.173526541455814
10079.653688430013 0.9335734033167249
6674.025062354562 0.9096578098243291
7434.036410001027 0.9300506181966657
9801.482488606027 0.9533955739215259
8647.145275583822 1.0086307835590838
7399.560045272285 1.1657032068564774
7243.057383315318 0.8605845806331858
9685.64572388257 1.0384213020006956
8057.8156849871075 1.0143439056499992
8813.094902094927 1.0537041281511283
8917.32681621695 1.1548219882408775
10714.677372802278 0.9688259081918701
7367.70544690168 0.9776009957529072
8923.568302156247 1.0667877902112939
11453.490220106181 0.9081772447128474
6955.478242972888 1.1013006716703655
5275.886069152057 1.0710870503382737
4014.683978982783 1.0915677198423852
11268.070139612257 0.861874673499256
5568.784166576936 1.1490450965281478
6308.368090080314 1.0058343567795391
6801.923127950483 1.0491217341246863
9812.253467029796 1.1318959585648094
5978.235968807335 1.0309418857720332
7206.168540663365 1.068227729063051
9603.844772130387 1.0571483915722186
4805.75190827862 0.9554951191242036
9922.932853499926 1.1820537664095618
7720.89530396163 1.1778837675961842
7963.371647135265 1.1307771807079607
6453.160867560763 0.9029192944994774
8308.241718768655 0.9069371781979921
6208.697131864219 1.0260864063199553
7441.20839589063 0.9554330142659386
5771.530610228648 0.968273343911568
7757.19905342776 0.8266346239200122
9468.096283328625 0.9125984255475372
8448.267190509001 1.005871108250454
7852.048793950225 1.0800448119210293
5880.706657220438 1.0983064332180068
7657.677220023311 0.8613015257259375
7580.257995645996 1.0011859310175997
4604.600953062411 0.9735028744194855
11971.928166990605 1.128493137726708
7945.437920157189 1.0164800586114424
6727.163811258415 0.9810886037624562
10230.430912428974 0.8079361399863683
4306.131140113315 0.9868516099391991
4597.300000020805 1.142004064747235
4296.64376966361 1.1157730126216936
7644.487170493319 1.1287100460765536
7996.4166498181185 1.1037692365985992
4834.849052312873 0.929746105190352
7576.502580137979 0.9158099034575035
6884.995719815141 0.8913662786878341
7368.054493963377 1.0039669214121765
8768.77965831351 0.8380741387545395
5570.643015268196 1.1502179674116537
10415.431087487654 1.1797506958094792
5767.735187350499 0.8111047425083833
7629.123800591549 0.9048460461264533
6846.256605409604 1.1576457480363567
7117.963619389352 0.9479768020976663
8633.67032199365 1.096976332029796
9528.575884420417 1.0036338916773797
7468.011440045872 0.8285681237500987
4493.595847931174 0.9852981902452747
