6 100
0.8540519624165547 162.64473784156954 648 141 149 171 162 152 172 147 154 151 169 173 164 162 142 165 148 154 177 173 169 146 142 143 158 164 158 169 143 176 173 170 169 151 147 151 169 140 175 161 169 164 140 163 178 179 144 162 149 174 153 173 174 149 171 171 140 156 176 144 167 164 163 152 169 175 144 176 167 157 173 158 145 145 164 144 158 167 165 147 156 154 176 149 159 177 140 161 177 164 141 153 143 179 160 172 171 172 152 160 163
0.8355581577830933 179.64685870263625 655 156 144 141 177 164 149 151 171 143 165 169 163 156 173 161 153 166 148 169 154 177 159 174 154 143 170 146 152 178 176 178 146 142 150 168 162 144 177 160 172 155 149 156 174 168 157 168 165 174 176 164 144 155 152 149 151 162 146 141 167 155 149 156 149 172 140 156 152 163 149 171 179 161 174 176 160 144 150 141 168 167 176 152 152 160 176 160 152 145 150 149 151 170 161 158 146 156 175 162 179
0.8959168918377667 175.74056148040012 784 177 167 144 167 169 146 171 177 152 161 170 164 160 141 150 144 172 175 151 161 174 146 176 164 159 161 155 154 160 143 179 161 140 160 178 142 148 177 177 173 155 167 177 148 140 153 142 151 158 141 151 145 174 167 169 168 163 155 159 171 169 149 166 157 159 160 144 152 153 156 145 166 160 152 161 144 169 178 150 164 179 157 159 179 179 178 154 165 159 170 147 173 154 175 143 174 140 178 148 166
0.8174034208098901 163.1721877958954 882 96 99 64 68 61 78 71 91 92 83 98 81 86 95 80 65 83 95 88 70 84 73 86 73 89 61 74 92 84 64 75 64 66 93 88 69 87 68 64 66 94 88 77 72 72 88 88 86 76 60 99 83 64 90 74 71 96 87 84 74 65 99 76 83 91 81 95 76 69 90 71 72 97 83 80 64 81 80 60 80 83 85 62 86 60 66 97 76 79 89 74 86 99 74 63 92 81 96 66 74
0.8385203659457192 140.3141257535149 888 95 67 88 81 96 72 71 69 94 86 86 65 77 91 84 63 73 87 69 62 75 82 81 74 76 66 69 60 99 97 89 69 99 65 75 60 80 92 94 87 84 72 61 71 80 88 60 83 99 70 62 71 69 70 83 70 78 63 80 97 63 68 77 65 80 98 81 72 74 82 90 72 74 75 72 61 70 96 96 93 77 79 76 73 91 80 63 85 69 86 88 65 91 65 62 62 64 93 69 87
0.8432996510461681 164.91860912788437 967 63 84 87 67 71 67 89 75 74 71 83 68 83 69 74 77 75 67 84 89 68 78 93 65 64 65 73 96 79 78 66 78 83 91 95 87 67 74 99 87 89 66 87 69 70 77 72 93 95 75 97 62 68 94 69 90 85 69 83 92 93 84 96 93 72 85 78 62 84 76 72 81 82 95 84 67 96 68 99 63 64 63 80 93 92 68 78 77 81 75 62 63 90 74 65 83 96 78 64 81
8558.64167609057 0.9477266414479535
8031.982811703883 0.9874023955065104
7863.716978211903 1.0448051625998966
8202.702542224972 0.8700835040406765
11139.191262273805 0.832192275346544
10854.687225347841 1.0325099770239932
8262.914194924453 0.8765332569508801
9072.536872659875 1.1919325808171233
8103.787779447795 1.0721253094393555
9229.029110217049 0.8968586566905621
8599.12391322371 0.8292033690339631
13244.87182249882 1.0587210879669062
9491.614727341763 0.8131861280764334
9277.329780957754 1.1532464438329388
4807.580771525372 0.8018063789843256
8971.002180247047 1.0144192633162297
7883.118808437734 0.8465891897033515
11071.418435193847 1.0760490334296045
9251.778495373297 0.8378643202546593
7075.1003980441965 0.8727065429672276
7162.706220686618 1.194862390059955
9293.821187594785 1.052625306666132
5987.510234272679 1.0977074153947126
9977.792548487132 1.1104025798290518
9038.940940905488 0.9336254953660974
14269.203111492905 1.1820321987422804
13028.668556288776 0.8802959173163967
9788.020671414335 0.9015354334931879
9948.702454746559 1.011950167774285
11269.314030072248 0.8534139933810688
11970.372708265022 1.0388382485393977
6083.251766348636 1.01463635397241
10985.675210884157 0.8570117431291507
9291.625166813816 0.8591922929570088
10296.372406919772 1.017502824623269
5257.438181401691 1.1595563560964492
7560.3629998185215 1.1930296696729146
5708.2454008637005 1.1186609121576416
5437.382058670439 0.907955002152413
7834.599155677197 1.087386687508295
9573.975190407602 0.9867621315582852
9068.030107562798 1.1110830654583586
6917.340843315045 0.8233848568626734
7123.5504619350695 0.8694483434609627
10992.417924610185 0.8653106750005063
8227.12386644621 0.9713888765362463
8904.295147618766 0.8447835166911867
11989.737565088153 1.1885701155742041
5986.511215004746 1.1835881229346545
3759.8934019494573 1.1685530246985751
11784.435405992954 1.158830039664747
9727.704431532931 0.9076423862264785
8112.313132780687 1.0278943882036427
9860.393073380841 0.9632734914997294
6036.23994115691 1.1470791437645051
12037.8553135394 1.07391149950314
10302.914984058902 1.061181490753937
8141.073219437714 1.0245100295620369
5700.006222218293 1.0902371683668033
4931.097874665836 0.9813310829403612
5550.373291952474 1.168494877953737
7217.274264857244 1.0872728638191695
11916.34874200694 1.144276502018795
9561.590739542264 0.9059636465848888
6838.863086659156 0.8423252635036247
12083.450256456603 1.112839659523862
4651.6010365722 0.8262212706615064
6869.612545419739 0.9631943939660216
6532.4651973216105 0.9039762003297221
8411.85790279722 1.1443635780636239
9090.23868495058 0.851317251358423
9432.357545842697 0.8274267301582171
6288.587649472864 1.1296163865802626
8364.040608046034 1.022901955138996
4513.412587975973 1.1592870933058346
7359.2748869118095 0.988541009751098
9514.5228800887 0.8901750836480192
9919.602360292447 1.1795680563837259
14836.02812279529 1.0075234673452385
6688.852910098609 1.0214935895816841
10634.35623071006 0.9309467446516397
6614.642252301844 0.8850238018767737
13931.09639380786 1.0117873664459054
6012.3673087244115 0.9321527951697816
9473.728405740838 0.900562175898578
9331.469144622593 0.8753764348707364
11190.85570573519 1.130072946181428
9623.220157958227 0.9602120569112438
9136.617803495776 1.0291866907774905
6876.134855830895 1.0993146377093312
9373.466864440245 0.9571823377723211
8823.314730970818 1.1486248606606404
8510.671084846728 0.8578546532853922
4756.4916988550685 0.9933906921478235
8175.146064461465 0.8594663818270356
12972.426392607053 0.955242525858676
8917.8719692758 0.9484412622642338
9531.203104279786 1.0972256672717227
9142.286720350037 0.923840077858259
9497.836341084436 0.8702428255636254
