6 50
0.8274660861911078 161.0670643693211 586 151 144 164 149 163 162 169 153 141 166 147 162 162 158 160 171 164 144 150 149 177 174 149 151 152 175 176 142 159 143 144 171 144 171 143 144 159 158 154 144 142 173 169 140 173 145 166 158 152 176
0.8320092716092634 140.7474210754773 627 86 90 79 65 84 64 91 94 91 85 61 72 77 71 98 98 86 65 86 65 70 66 89 74 65 63 61 92 65 88 81 78 97 88 91 62 92 97 87 73 62 90 63 74 83 86 86 80 62 83
0.8319130495195305 124.53012729112851 765 92 61 97 85 68 69 67 88 88 77 99 95 87 94 69 92 60 73 87 94 63 75 72 68 63 79 89 98 67 98 70 70 88 79 90 82 81 66 65 67 63 84 70 99 73 61 69 97 94 84
0.8585368831369078 132.43966158839646 793 97 93 77 84 97 83 60 78 72 87 72 98 77 84 78 66 85 94 64 83 75 63 91 84 77 87 85 91 72 67 96 77 72 60 69 74 88 90 67 60 64 85 94 98 99 67 65 80 86 67
0.8092095725020475 153.86355187083865 824 157 159 153 157 170 174 141 171 169 173 147 172 153 170 173 161 148 167 163 151 177 158 149 177 164 167 169 145 173 175 160 174 142 148 165 171 169 155 168 147 173 147 152 151 166 159 154 148 154 174
0.8586821147093555 166.27811495177497 913 168 179 163 142 140 169 171 162 165 174 161 178 155 143 141 156 164 169 148 170 161 173 175 147 141 143 148 161 174 144 173 176 171 178 150 148 162 173 171 172 155 146 158 142 162 160 153 177 168 154
6576.483474152314 0.8585549346605074
5248.595636964212 0.8535496519820174
5544.958333497748 0.9676402308708585
4916.526496658105 0.9033071796525393
3577.497349453024 1.081879994438027
4052.0857997591866 1.0695068764794786
4459.809349077612 1.0468068538148994
4885.79784163064 0.9657084219904216
4367.658187127749 0.8157588554554669
5297.355786510532 1.067285143505172
4325.667099005575 0.9751088348788218
6986.120281585181 0.9199041247725296
1819.158038377142 0.9810301684445375
4970.608878059425 0.9098510306590811
5388.823181280425 1.167066504100144
4633.284290034195 1.0386180177050992
5168.445221575438 1.1371307662248014
3072.2173589228823 1.025260966781233
3907.164288039105 0.8482042279714348
4517.0927023412405 0.8579172129613302
5189.486006082927 0.9390878525983652
2989.542496894423 1.1475056482775123
5355.0472199559135 0.9398603664343966
7196.180087489487 0.9858479001113014
7733.756893330705 0.926220962568426
4860.613587069219 0.9619581872621561
2576.7227798552017 0.9597639111562528
4212.299310774428 0.9880852892954441
5825.528227554179 1.1833320035138082
5022.941453998916 1.1416687601050293
2242.8340118397427 1.1522604334457405
5023.456239940575 0.8648851351629913
3989.3491175145036 0.8640905354735565
5633.484119284754 0.8983301541335561
4915.22689680295 1.0583999379255657
3553.9679791931108 0.994956445461203
5964.948278989139 1.1477730915857538
6421.250454499231 0.9715163682453141
4725.456075399746 0.8721634041237483
5919.39770294239 1.0093696641847705
7194.545995941175 0.982802903864281
5238.8886941269375 0.8366611492281755
5079.808853663405 1.1534458800906426
6060.153100592482 1.0015347386044575
4921.725488448669 0.8420384767361078
6267.153757121977 1.1519180152894513
5479.223707401459 0.8310875340087864
4910.744895189096 1.1847695890722714
6250.61405491016 0.940188616857226
6797.00614541303 0.810919176760294
