6 50
0.8172415275791807 121.91750033777585 522 168 166 159 176 159 156 150 164 165 154 142 165 165 177 161 160 175 141 174 178 170 164 160 164 158 156 169 177 173 159 153 150 141 163 149 179 179 175 173 164 149 155 175 169 173 154 172 178 174 165
0.8075582915201263 161.86482252511811 584 64 74 98 96 95 87 64 65 71 82 65 99 92 63 76 70 85 69 72 83 84 67 81 65 68 89 81 89 72 63 81 82 68 61 86 63 71 62 69 73 95 66 95 99 71 89 68 97 81 97
0.8261338289190032 162.12983943987234 650 66 76 96 94 72 67 76 99 97 82 71 64 99 89 89 90 66 94 91 96 70 67 95 92 79 81 74 91 70 64 65 65 95 89 81 74 84 85 86 96 70 83 77 65 80 72 96 98 69 77
0.8123524879878603 171.02690912850176 683 68 73 66 65 62 83 81 71 94 88 69 90 75 82 87 71 79 62 77 78 76 62 89 72 65 83 82 87 89 98 85 93 74 79 80 89 95 69 74 85 97 94 66 62 68 81 69 87 93 80
0.8462052312151634 134.2191961714104 694 141 168 150 149 175 142 159 173 171 147 142 161 178 140 147 151 146 164 140 169 140 169 157 158 140 150 164 167 163 156 176 167 141 148 146 175 177 149 146 148 154 160 160 156 159 164 173 178 178 161
0.8291260677269122 174.75446706228303 758 153 170 149 156 154 150 179 170 165 163 142 174 166 173 159 164 141 171 146 153 164 162 147 175 169 161 178 145 171 150 141 155 174 176 149 174 154 177 152 153 151 143 143 158 153 174 172 178 154 170
4155.805911914925 0.9567936176486731
3181.3209059614956 1.1845900285212738
4871.425655219237 0.9441225977913699
6653.855268311425 0.9569097640053013
4640.850986907673 0.8817453317992355
3123.5614681340094 1.182552331220089
4927.421173539516 1.0795648503370407
7803.425046558732 1.0558943094020048
5723.541740113973 0.8051567051595634
5416.612218672447 0.8126248042771551
5450.712334302984 0.9147389970114255
3759.6239291376824 0.8650656233571989
3802.647088198376 1.1781224551435103
4748.375837795403 0.983122526253293
3253.9581608383787 1.022460097777297
6722.51513035014 1.1879033484258148
5528.016236187817 0.9141128906461563
4232.752469192104 0.8150747464871736
5178.7305197381365 0.8396115161733176
5478.868950305494 1.1274340484784535
6394.240109393362 1.1112411231145332
4895.081334656545 0.8705451890630964
4935.951952626547 1.1157497459801347
5026.053388939042 0.8237480468016442
3882.140092836176 0.8936293166070611
5072.062338062495 0.9230953644631144
4376.025971375895 1.0623510049260052
5449.963235822803 1.074910843986038
5493.463495162723 0.8487648106570289
4479.378596127805 0.9480530620056539
3161.846757277529 1.129645001459458
4886.505574274196 0.9607043749551977
4850.819328529816 0.8383851558212145
5546.050430022266 0.9705085902117528
4688.764241006243 1.1189977019484794
6419.766546927989 1.1831474798360904
2836.487907039502 0.8608406216275257
5150.616226385869 1.0796381411926803
5169.941381719065 1.0156742633011209
4251.8684260504815 1.1326806106289666
4417.797614743823 1.0025113033091186
5670.122336261203 0.9696004295191746
4561.879604070136 0.974431593083225
5766.258569949106 0.8120846715055402
5824.0884550730025 0.8545759640122251
5795.8381019442795 0.9381591858707531
3925.025406237395 0.9927031728410731
5726.406756767694 1.052925464688394
3313.587628720239 0.911900497292193
4591.619683549449 0.9893929127923249
