6 50
0.8828368478545277 162.39833513343592 577 165 147 168 160 169 159 157 145 149 167 150 177 150 177 151 142 168 171 163 156 155 146 169 154 155 171 163 164 145 142 171 173 152 179 160 152 163 165 171 161 163 142 177 149 146 159 158 153 144 145
0.8723851354139035 124.28673716167167 595 75 78 62 86 68 87 78 65 62 84 62 86 87 78 93 73 64 74 62 60 68 81 92 61 68 82 96 75 76 92 68 87 86 92 63 79 88 77 62 65 99 90 74 71 90 76 92 64 97 75
0.8823931353318409 127.8226654281529 612 163 165 172 156 142 153 141 164 177 156 172 151 165 164 164 147 174 159 151 172 141 144 150 143 179 144 143 158 176 160 179 148 155 166 155 176 155 173 168 154 166 177 179 152 140 170 156 154 172 170
0.8303285024713127 160.0270538076996 749 161 153 170 163 147 144 155 162 142 161 148 153 157 145 177 178 150 170 143 157 164 172 161 179 154 179 169 178 162 168 151 167 178 157 164 157 141 176 147 162 154 160 149 169 173 149 140 151 158 163
0.8460123204314964 144.84747429189122 783 86 82 94 76 74 91 88 89 74 72 79 98 95 90 69 97 76 81 60 89 94 93 66 73 68 96 67 66 65 76 79 69 77 93 76 98 87 61 73 65 94 83 70 64 89 99 62 60 92 97
0.8517331880963106 136.34706900435805 899 93 76 95 60 92 77 66 60 87 84 77 84 96 66 92 72 77 91 71 74 78 69 78 62 78 67 69 96 93 63 94 94 64 61 87 61 90 99 77 90 90 60 93 84 68 71 93 98 75 76
6690.985279604369 1.0393286745737773
4113.014642173521 1.1007352112747766
4868.15413101477 0.8944994277557288
5455.561955580986 0.8080525523234356
6138.040603064699 1.1497205425758765
4359.305672058825 0.803108222992727
2740.8511563663023 1.1668511829327053
6312.236367055335 0.917020219988953
5603.945356024795 1.1250801165096116
5044.259593929974 1.1092350690667576
3967.5792312559443 0.9416415461156917
5767.93047148101 0.9976010845322798
4425.726130440263 0.8676418815095658
3660.1049949088865 0.8278225102902185
5237.046578317706 1.1210002982112475
3246.859511726768 0.8644012676453687
4821.795936446346 1.1378488142716088
4636.339583078306 1.111578558851408
2534.9176134242466 1.180036730979018
4340.680076996001 1.0504486118432812
5498.561790800475 1.0500197470535704
5646.794801820457 0.9697844607529954
2446.873096448205 1.0580534773974941
5059.669724050704 1.0044319465794205
4920.62686346622 0.9870957004281855
3077.3422307507303 0.8845111417155056
5188.715103591772 1.1119418165764285
6990.377176478495 0.9557539140885041
4208.624614771968 0.8516109840890153
6741.3708775348905 0.9784673056253681
4666.025202777911 0.8035215407787968
4331.220744663408 0.8115943212467396
4598.737062228804 0.9702227953603849
4318.701134936446 1.0033248979092264
2942.4200180822154 1.0386966394835675
4494.002474063435 1.1880242116606312
4954.317769606922 1.0755608763012496
2457.7073218570804 0.815943654513185
6064.0212456785375 1.0892255362949124
4381.744219106756 0.9430251354855289
3458.010394475163 1.180653565158295
7467.885256045836 1.1899055944722985
5456.240513896475 0.8261707710723591
4487.510463742219 0.9806767871185603
5656.663099925368 0.8015411694660808
3509.5082588564164 1.0392985400876524
5981.738683914305 0.86408179552475
3192.8300988994333 1.1254335812527092
5592.8026092128675 0.8280541680893161
4098.680985539811 0.9390462410617806
