6 50
0.8333754805855287 159.48926026220218 508 83 74 77 63 75 82 99 93 62 80 91 81 68 71 74 84 98 79 62 76 87 64 72 66 91 78 61 75 86 75 93 67 66 84 73 71 90 75 84 90 84 96 91 78 78 61 67 61 97 61
0.890573583020565 176.6750392598261 562 173 166 178 170 153 156 148 176 169 155 152 162 152 165 150 178 160 175 162 166 162 161 163 142 150 143 156 166 177 149 162 150 141 174 170 150 178 172 161 165 152 156 161 179 142 179 166 152 153 172
0.8454858760841691 178.3112317655428 563 153 159 157 144 169 148 146 140 160 146 149 164 176 173 152 149 175 145 163 173 163 146 163 167 176 151 148 173 164 175 171 147 171 141 152 166 168 142 166 142 144 157 176 164 169 155 168 176 173 162
0.8220132472843661 167.73883961430388 568 72 93 85 69 91 95 98 93 60 87 71 66 84 60 70 98 71 65 85 74 98 68 71 96 92 70 87 60 98 71 98 98 76 91 93 75 61 84 90 60 97 79 87 67 91 87 86 73 70 99
0.8338498835463393 173.16865335115455 712 168 142 152 155 162 149 170 142 151 151 173 148 160 154 154 166 179 146 159 175 160 154 141 168 141 178 155 173 171 149 160 164 143 147 144 169 161 179 172 175 143 163 164 156 160 143 148 141 148 151
0.8612762495463757 139.11385119625461 885 73 75 90 79 71 84 78 91 61 71 71 87 93 75 90 68 99 81 60 67 82 63 92 85 93 73 86 82 80 76 84 91 84 76 87 93 67 61 87 84 61 61 62 84 74 72 88 68 82 62
6167.37234007977 0.8655448940916078
3869.1117925461785 0.9264626520812362
2594.086076963668 0.9275186612853807
5228.53940787817 1.0499695203328596
4027.2400421653124 0.8447351788896234
2792.960211263159 1.176760950938521
3325.3558671436076 0.876981243412337
4064.721804706985 0.9200506449529123
5764.856017946138 0.8785727722669247
4953.2352972726185 0.9202203281976707
5562.33822099539 0.8900515088957525
4879.600512942837 0.8268803049871793
5405.649219063325 0.8332269438037462
5766.089349625792 0.9187772885838819
5902.8924764178355 1.0522827717256351
4960.63638172216 1.1131636661602904
5895.565698708215 1.114153718644216
4392.903231080754 1.075019983226062
4833.143877424756 0.9570310004836808
3557.213584332318 1.136112442199113
3283.1394214044635 1.0134009850261274
4406.0187499763415 1.0700141821600575
4626.336401153924 1.1143682027532305
7215.061957292006 1.1325043351986854
3511.770561113821 1.0772470942095183
5119.355482880385 0.8190924116270435
3437.525162001656 0.9668300951709141
5927.081784466747 1.0075426305487332
5277.839268765289 0.9027750573454741
5226.3634119344415 1.1045240250425254
4596.065886231739 0.9617627265047918
2047.673609230264 0.9927480419261735
5021.535155418247 0.8144422062150733
5197.0149414468015 0.8359622356542182
6266.919825796674 1.1220370674508193
3725.999289220459 0.9425437324686783
5014.208056869664 0.8381092736315703
4215.835408750266 0.8244704357633567
4107.92949936115 0.982687359934105
4336.996394033192 1.0202763260649956
2221.1112860398675 1.1007150885307033
4605.589592033103 1.0349443820101978
7399.9327257683 1.0438386016847456
3703.6173126237645 1.1926105073039677
5533.966443802393 0.8679804123564527
4809.412591849533 1.0668688520916216
6039.743252615005 1.1790947197765713
4719.508354763027 1.1887970238103058
3789.3369788571913 0.9494221438082945
6553.484192118474 1.1877806794370103
