6 50
0.8402545371502551 139.4810960201995 528 73 60 62 77 92 90 78 70 71 84 75 71 81 62 88 74 83 62 90 90 94 86 99 97 93 80 64 75 96 68 64 73 86 96 73 92 92 86 86 85 74 65 92 75 60 76 86 82 80 88
0.8891220497512761 178.65064645564516 530 64 65 85 92 67 86 95 90 88 85 85 75 77 75 96 82 94 85 77 78 77 70 79 62 85 87 87 66 86 85 77 69 91 63 91 81 86 92 84 95 83 99 68 74 99 96 63 94 81 87
0.8701277609761731 161.18410420763948 565 162 144 168 179 163 172 153 152 177 147 179 173 143 174 177 160 144 141 146 143 155 150 173 160 178 154 141 169 152 141 144 146 146 156 169 160 159 151 166 142 164 160 164 178 155 173 168 164 169 169
0.8417607861309395 126.3470645369377 740 141 155 176 158 162 152 143 167 156 160 145 149 179 170 152 144 164 148 156 167 176 166 158 140 161 174 145 163 145 154 162 144 153 171 172 154 140 148 160 167 154 158 160 169 178 171 159 164 173 149
0.8875021917348427 148.48747420482306 822 147 145 150 145 144 142 144 151 152 148 161 176 150 153 140 172 162 146 156 149 163 173 165 165 158 149 160 170 175 154 143 164 171 146 158 178 143 158 175 142 154 143 162 167 144 142 164 158 140 157
0.8580946700851992 146.40238426052426 943 68 99 87 72 89 91 79 98 80 92 60 69 67 78 95 91 86 78 62 64 91 63 98 77 68 77 93 86 62 74 99 72 88 83 63 81 73 97 97 73 77 65 95 67 97 96 92 68 60 93
2999.557415299413 0.9294985932232979
4245.558552658023 1.1396155562281194
2749.1915505769425 1.0426402020640395
4889.565466562212 1.1449530430130874
4808.624804991088 0.9130748552023998
5155.626932985733 1.1232322997482416
4734.320082174244 1.0567147556357506
7462.739091102034 1.0798385686529381
3851.8332634867293 0.8315894640654538
4324.6810857045675 0.9566389819335441
5399.436942038332 0.99155275041717
4310.411200968087 1.1566871075330698
4481.8221529645225 0.9360535588503455
3870.953907364549 1.0304556709608172
4904.680910417112 1.1037834518309055
4205.5062100064115 0.9980272840530295
5820.838984421764 1.1536927192234212
4863.809052818865 1.0829295768861082
3695.92782961195 1.1491071730722973
4456.369913721998 0.8261685474469802
3003.918382510633 1.1459623643299337
4157.5637376002305 0.8266994720432019
5325.2874009074 1.106189162238481
5697.664911747632 0.9196641354785774
3180.756648205563 1.0827437005567984
4610.108661176313 0.9975211376917706
2292.296906407403 1.0006782670462655
4357.013839664853 1.0362811002030186
5832.685176774708 1.1809407049116667
3800.267066498874 0.9260809738282513
5236.138117082991 1.0141317690485045
5742.275424924924 0.8479260415318249
3796.426222517933 0.8819205597645102
5115.3671453408915 0.9261259770262125
4881.568382422512 1.002363244328412
4381.946592855206 1.1909000514363854
2953.460008342443 1.1423986081259163
2950.8785008044188 1.1147895788551472
3393.421124393845 0.8746516311214143
3403.4810890681943 0.8486780673697523
3362.262493822475 0.9333695486174064
3250.5831289381103 1.0386663995739998
3885.5642976971567 0.8533022167115126
3774.199725421908 0.8280194632620108
4275.036265680305 1.1963886213489547
4345.145752798235 0.8227373292906144
4877.670124071736 1.199780645824355
3917.1317036610153 0.8474382091154266
4600.879700266003 0.9319794675041002
3751.240212515868 1.1435782664274812
