6 50
0.812361985569761 124.7933499806665 506 61 76 92 60 68 96 82 91 64 62 62 68 90 72 72 60 99 74 64 94 77 80 92 89 64 80 80 99 76 79 63 95 67 80 97 70 61 95 94 85 68 90 89 91 73 92 67 63 64 84
0.8685331189046439 176.12674001028063 613 157 179 154 163 164 140 171 179 168 177 176 171 159 144 172 163 151 165 151 156 140 173 176 160 144 176 143 140 178 159 143 145 161 170 146 167 165 170 171 176 167 165 154 168 179 153 177 164 178 142
0.8029071258179294 141.4813650406873 743 74 75 82 72 67 82 85 95 88 68 87 60 60 67 61 71 74 86 80 67 68 65 68 61 89 98 98 90 81 66 79 74 62 87 83 99 86 76 90 76 67 73 97 91 90 94 62 66 91 88
0.8299623828833489 144.2081093337485 790 155 169 150 156 174 163 175 144 169 147 179 140 156 158 173 162 169 149 156 143 146 167 140 155 143 174 161 146 158 178 149 164 142 169 152 152 165 160 143 176 151 140 173 145 169 165 173 156 152 153
0.834196526513588 164.25292971430906 837 141 141 165 163 176 177 178 179 156 140 177 150 163 172 178 179 165 140 147 150 149 169 152 160 164 158 158 150 156 140 163 175 154 168 169 148 170 145 165 155 149 166 163 164 142 155 158 178 142 142
0.8775782958368734 141.55419158916635 920 80 69 79 61 99 79 80 97 60 72 60 63 84 60 94 64 84 64 92 60 72 83 74 63 60 83 95 87 95 83 83 65 93 69 94 82 90 61 67 89 69 81 89 91 74 96 82 77 77 95
4693.4647443990225 0.9722456562087964
4717.603918448948 1.0244369976344918
3524.102329320239 1.072974490459815
3530.0166454154773 1.1302204610166662
5456.394316643561 1.1364269585090903
5395.1552703769685 1.0569692573971696
6206.008724720113 1.0362611267417385
6525.861366486316 1.010211516866548
3718.1215986866264 1.1864191306748788
4012.543738491117 1.1662363615078513
3746.026113464377 0.9782017100637115
3342.1340601912425 1.0491824925745599
5689.519025359365 1.0900734980256546
4377.0553564299735 1.1011184212445968
6727.519683613571 1.1312275533950191
5308.015729213638 0.9179700867808587
3797.16238769757 0.9818702213209045
3389.204126910743 0.9304090847374755
4699.3205567094055 1.0295468632097777
4316.246015815048 1.0101536379703668
4176.812123708834 0.9944839415044816
4715.1125727085 0.923851345724853
3631.9015100055954 1.0955449393739691
4761.920338529932 1.0089418023653416
4897.055729956733 0.8054815404806928
3394.5670038285866 1.118466274738286
4244.595692297945 1.0477217919932527
6861.282342877845 1.1257887732829368
3019.1817342527884 0.8122844647573229
3661.7169170246257 0.9577762522182233
1612.522810392225 1.1998636830516463
6197.814718026462 0.9849800719389983
5874.528983382834 1.097254204411715
5812.832382303269 0.8004269820283666
5792.451220134744 1.1182800815402045
2533.8423283195184 0.8619519195148606
5225.92935169415 0.9472357905470122
6104.216515938489 0.8527337754066766
4685.60548183274 0.8100048983672082
2962.344248720315 0.8517247938538287
4828.618887683173 1.0050871101664431
3169.6020667303783 0.8635389331779605
4309.3836712454595 1.0247288627156335
7458.939055500639 0.9663024512686239
4364.930795189878 1.007041562057571
4768.346682621226 0.937380275352826
5975.323812708589 0.8554406944463672
5176.2175146869795 1.1686063537208933
4866.3141494263955 0.8552836859022349
4956.416075214108 0.8516690418385189
