6 50
0.8183423056483927 154.52641350426762 518 167 161 152 179 156 153 171 179 141 155 172 166 157 143 161 142 155 167 148 176 169 177 172 160 156 169 157 178 176 151 161 162 162 175 149 179 169 170 171 149 169 152 179 167 175 156 169 171 160 171
0.8786087485620593 135.75237619614322 564 72 82 96 83 81 88 72 69 61 89 71 72 60 86 92 96 88 95 66 99 80 61 82 98 79 66 87 87 75 78 98 91 66 99 63 68 92 61 65 83 84 64 90 97 67 79 94 64 89 89
0.829559799030861 174.78548088709496 568 64 66 79 70 85 90 81 80 62 60 76 63 80 98 67 60 70 83 65 97 78 71 64 70 88 94 88 83 90 76 84 61 64 93 84 60 85 78 86 76 98 70 90 97 92 92 71 69 76 64
0.8133633538186381 131.63614802693476 770 178 155 159 176 149 147 156 174 162 174 146 176 160 155 167 157 159 179 149 146 162 175 145 173 158 167 154 168 170 141 177 140 149 171 160 161 156 164 163 157 174 168 178 161 142 174 171 146 170 159
0.8384576530529679 168.66277520642387 929 69 95 61 70 85 71 94 90 71 88 65 72 97 72 67 77 93 96 79 74 69 76 62 84 88 78 76 87 62 79 74 91 97 68 96 96 62 66 61 98 99 78 72 62 85 86 80 62 65 92
0.8333442101819966 141.72342421750483 930 170 172 166 148 149 177 140 147 175 149 144 177 148 150 177 178 176 176 156 140 167 158 170 146 147 175 158 178 168 170 156 172 168 167 171 173 156 147 153 144 164 146 144 158 140 161 155 177 164 144
4183.106407763292 1.0789049104234838
4425.342260984463 0.9235917702353056
4519.828903508618 1.121703637076914
5989.676424685249 1.0557755550865788
5156.941954150755 0.8857615117996483
4110.03173783052 0.8606957000142859
7080.646049295965 0.9460311446311113
4476.806293129372 1.059258402411472
3880.3757709267747 0.986731851006094
5059.924979169563 1.1999587965104928
2212.4851882414405 0.9032911647207328
4998.481059873289 0.9510102744586733
6056.79580483986 0.8111238592861346
7327.878484868563 0.9480057541067997
2920.4572802732228 1.1395119586457534
4067.12345009782 0.806961358458304
6080.165665009904 1.1688285494998483
5522.438993121154 1.174181280855766
4434.220822085781 0.9308726939613954
6442.409085310788 1.107340902581454
3311.448050375281 1.0208651292564128
5422.600474390137 1.0966056187775122
3103.5869089354283 1.1678382855068228
5068.840518588097 1.1228864957687688
6065.48854835619 0.9836237095669333
5885.389549119947 0.8460333608435056
4320.569146768378 1.0867688182677422
5391.543987271436 0.8079475357497957
5357.824882752127 1.1358837656551277
5001.937171367515 0.8261747709150767
2801.1892695863235 0.8092466206723261
4203.3315494504795 1.05554787381059
4623.5926614066975 1.01766935300181
7108.926148522936 0.9246334519606225
4558.318657537472 0.8936503560726536
4445.6517727848795 0.9461247902123999
6071.724449744151 1.1745182768191524
6479.509679377768 1.0530335045928771
7341.2031257095005 0.9547577310404756
6690.584419441827 0.8879688368695494
6133.058316769377 1.0238646335452515
4149.584128287181 1.1663839280598651
4640.776371824729 1.0269562473907619
4548.898172174259 1.0532625288470374
5948.580161269494 0.8109018896688862
6238.863740101866 0.8810388742716776
4777.711738409267 1.1478100619748122
5074.5840268486045 0.9916692186456859
5112.740017980422 1.0799130603299298
3994.4783909398748 0.8311464907415296
