6 50
0.8691747979220145 151.641763236347 771 176 143 159 173 142 150 174 159 151 169 148 148 179 163 179 173 147 173 160 177 146 175 143 142 145 178 143 176 176 171 176 179 162 154 165 160 144 169 177 158 170 163 143 167 145 168 171 159 158 165
0.8683810636906176 146.36503934361517 847 92 60 79 87 93 77 92 72 89 72 98 66 95 68 93 77 63 70 68 87 69 92 73 92 87 96 62 86 60 62 83 82 81 73 92 73 90 96 92 66 64 86 81 70 97 94 99 84 73 66
0.8920973782374066 170.4137474300368 858 168 165 161 150 155 164 166 147 178 170 140 161 142 169 169 175 156 165 168 144 176 161 171 150 140 168 178 170 171 174 174 146 165 173 150 152 156 173 159 171 167 148 172 147 143 150 175 175 175 163
0.899919834778307 154.69233757185776 908 144 143 157 155 173 141 140 151 163 173 143 147 154 152 153 174 175 167 167 171 167 173 150 156 159 171 178 165 152 174 159 177 169 149 161 168 154 146 146 161 140 147 170 152 157 153 169 178 163 166
0.8471677844683515 173.49038361540954 924 81 96 74 60 80 72 61 90 94 94 66 84 72 74 98 87 77 83 97 85 70 85 73 65 75 94 88 89 80 64 83 97 65 86 92 75 80 82 65 74 88 77 86 60 72 61 82 86 64 75
0.8435602948966267 138.06968726051673 951 81 98 60 98 73 75 71 71 62 93 79 68 72 98 66 92 92 73 94 76 70 76 73 79 78 97 83 85 81 96 65 74 77 67 67 94 82 86 92 79 86 91 65 90 85 69 96 72 70 88
5106.81966647277 0.9745111689655314
3179.9471158503725 0.9222600362910371
6230.468978282721 1.051932115103557
4760.022868380021 0.8510749250060732
4993.5295313480965 0.8067740977175403
4379.444273796811 0.8663730200863973
4872.984595596383 1.1784107137473492
5287.248571633975 0.8814003251009481
4195.630745515945 1.0861281675068972
7432.842210183121 0.8461530652166767
5080.072444438835 0.916967591376493
4330.31376875061 0.892852044492941
5875.6860469538515 1.0758180606966448
6832.377045201574 0.8801735004118177
5331.217234836387 0.8633271787886884
5838.929780744866 0.9121529181392096
3838.9221977379793 0.9308065917973399
7330.770504098005 1.0275080440268323
3325.551033697966 0.820947285857868
6232.371673649045 0.9758614405225994
5360.896423736995 1.0906682800094045
3476.3299590780475 1.1206734879712081
5599.585254716167 0.8497937028950656
5933.435682876822 1.0239759926330865
5866.274925044525 0.9090050177817788
4281.013656101318 0.8834257969042862
7198.177568885418 0.9661319172613729
4577.7808218497985 1.0541523334093876
4710.797081440204 1.0982398514257825
3658.818601029617 1.0342165718210272
3339.5082116120757 1.1959695571405164
4460.958413355618 0.9434526626735468
4355.942834981272 1.1951421620549132
6684.440210991489 1.0258375887259734
6698.409193602993 1.1875969402632691
4748.53611410436 0.9702374310732322
4492.190236727556 0.8789819793230215
7142.788299063883 1.1410897583216062
4425.121311445944 1.0537608091587851
6560.856708775258 0.8534158630783653
3366.1873981311146 0.876101779042028
4420.480830982064 1.1531152412901422
4463.794655810691 0.976107357148777
3046.0800624638623 1.197472763541505
5370.462763135841 1.1749215366412815
4324.008078206008 0.9997205196022654
2333.5123508924185 1.1819147511554315
6543.298214665126 0.8029707968014591
4520.487926720367 1.0855711820990412
5214.096665939331 0.9407603540672976
