6 50
0.8899877796309846 125.95138545502736 602 150 161 143 172 165 147 155 173 161 172 159 168 161 164 167 175 151 150 166 160 159 162 148 165 178 160 170 175 161 168 150 148 148 154 177 167 160 166 168 157 147 170 146 144 171 140 147 166 144 165
0.8240043021500342 125.5515569891861 749 169 156 175 156 158 148 166 154 171 163 140 163 155 157 142 143 145 169 150 175 143 153 178 144 168 142 178 168 152 152 154 158 155 175 142 161 158 155 153 154 179 140 170 171 163 155 152 177 155 148
0.8834575085559049 146.6650569626479 806 76 99 80 86 93 78 81 82 75 60 78 79 90 97 80 95 63 65 82 86 74 91 61 64 96 83 70 85 67 81 71 74 96 64 78 66 79 89 74 76 88 91 84 67 63 75 74 65 60 76
0.8830383300148348 144.23494787576902 825 85 83 97 72 86 85 83 68 72 86 77 96 72 82 95 79 79 98 87 86 80 98 74 64 81 71 82 86 80 99 96 98 92 71 89 73 82 95 76 97 67 93 67 66 82 67 76 71 65 99
0.8114966095299245 142.17644336042403 840 157 178 155 144 156 155 165 177 147 172 145 154 146 154 158 150 141 170 175 178 162 166 164 146 146 170 171 173 156 175 179 173 167 173 146 173 150 176 179 150 153 166 172 152 144 168 158 160 141 165
0.8304386406174613 152.0643822058906 941 97 72 80 76 98 60 88 94 65 83 93 63 61 94 62 60 81 62 69 88 68 87 82 86 75 64 62 73 71 60 87 67 97 71 94 84 84 71 78 99 92 76 90 93 74 72 96 87 63 87
5839.692922438709 0.8140202863144697
4663.047786940179 0.9953684585994387
3733.4156437066713 0.8901704031330009
4391.617225416376 0.9992073888461647
4416.50764548978 0.8626226723287194
4472.325257406287 1.069235721902066
6329.04562075495 0.8432478995593438
5839.5100033993185 0.9715844960799797
5336.098664139948 1.1009018816094378
5784.300773740383 1.020256126832958
2706.1524412275285 1.169346943858883
5771.833823297076 1.1614336924445225
3777.5980946158406 0.8566973823169852
4841.35145981838 0.8449254422713841
7706.524338452549 1.091676489393523
4695.208234669062 0.8187161838096665
4844.296443412291 1.1286143862327844
5762.62111620386 1.0449667616927956
3393.43181607718 0.9609784197560216
5145.024419060521 0.9965644717167117
5617.436345997662 0.9320782759713864
5186.767202058326 1.0428261762667452
3640.0082015681064 1.1581171642065728
4659.8061143149225 0.9322260895033712
5336.468092891889 1.0827557758665964
4055.502260878157 0.957759584434837
6228.838457382119 1.086742436377628
4926.2713744536695 1.0777915771573892
3140.300945950112 0.9202805691469802
5335.154943852968 1.1819902525748243
4796.463820042362 1.0725438418841178
4965.193186656036 1.1365566291057092
4680.825159319381 0.9493938506400028
4988.3232330742185 1.1292769863959147
6319.905676419523 0.905876205469779
4616.802553190388 0.8410345162918569
4067.897654261209 0.8472107472371682
3727.854623878985 1.0051937925550345
4589.789833486476 1.13648970624607
5852.020464903221 1.0195714831750096
3579.3846855281163 0.9827092130357709
6193.820037144318 0.8037153262123737
1472.7410486013823 1.0145697360486567
5284.108804274337 0.999281155607949
5683.215531622545 1.0709316614469104
6773.553227243475 0.9510042479785935
4471.1651599579 1.0711794242032817
5222.665090266915 1.1419657906373482
4381.898272073381 1.1901216449711307
4994.741623518035 1.0985267218888435
