6 15
0.8089127049117466 158.04260139187232 510 61 61 91 75 97 89 64 81 70 97 69 94 75 97 84
0.8988757561944052 145.77006872448064 686 104 133 113 135 135 108 137 120 133 126 136 127 111 112 104
0.8023986896742968 146.81879305122928 709 81 87 72 89 63 80 64 67 96 81 60 61 88 77 95
0.8415402966026798 123.9120000563707 897 63 83 62 67 92 70 91 76 74 73 77 93 76 73 75
0.8804273495674019 129.85962616458923 955 130 114 112 129 124 100 100 107 114 122 131 115 104 114 102
0.8061002387688567 130.8087701612336 983 110 105 109 121 120 109 124 121 134 102 109 138 133 103 104
1533.4374169684309 1.1691259170626835
888.8651901500396 1.176786605652343
1760.2588494672875 0.9574912946358815
1097.6771459943695 0.9179645227948571
1632.9053898503676 1.0694001072838242
1232.4723690856042 0.904195848757892
1879.3620027553502 0.9878916068450501
1752.3923586776311 0.8800509080567088
2288.6040405116228 1.0758143423535644
1721.3097692257581 0.8676969337135676
1126.983555084993 0.8486255269630036
1447.6845558649977 1.1318613050103958
1454.7177526171654 1.1150043193621553
1629.7714796696137 1.1092089080333856
1369.299089184378 0.8230119973449762
