6 15
0.8496385638144833 151.92408257697045 552 87 90 98 83 76 67 63 89 75 65 96 70 66 84 64
0.8580445537674393 141.57649235007943 610 82 97 75 95 72 64 86 81 81 97 90 82 94 74 96
0.8318113303714231 179.55677835963704 852 121 114 126 112 139 113 118 106 103 115 117 107 111 101 135
0.8849727978010503 171.17043353597958 916 111 127 117 130 116 109 137 104 114 101 128 119 100 102 101
0.8520855442608214 132.59722182321806 935 123 122 123 109 117 106 107 135 103 136 116 127 114 103 123
0.8548637857649373 174.28085913617736 949 78 88 91 80 90 66 68 68 63 83 98 74 80 85 86
1349.9894515223077 1.1113137045982935
1564.8830216089386 1.0070981692171252
1935.3965026193735 1.0925973501155228
1923.5767133534755 0.9207550808166992
1550.5880506324982 0.9539309435021959
2079.9151566071387 0.8407509808858525
1466.928455391809 0.9648499373688042
1188.1009675059554 0.8489672419627732
1539.2104220792767 0.9747373124280557
1426.5447235746396 0.9815692114623464
1304.246972331146 1.0141766695864554
1789.514540554822 1.0096206430953698
1509.5720297544053 1.0506386992165806
1228.5772207731975 1.045520805738165
2178.492314788974 1.0743565413611682
