6 15
0.893016609611727 129.4891942434508 525 125 134 123 116 125 108 126 134 123 105 124 119 119 115 137
0.8989638193448287 171.8361653896948 596 92 74 94 66 69 80 99 68 64 73 64 71 71 93 98
0.8472977979917025 174.95222270901513 647 89 95 96 78 69 96 83 95 65 95 88 67 97 91 75
0.8646461561020133 142.1363719984905 676 96 66 89 98 61 90 70 91 97 76 89 96 90 80 86
0.8958534479916985 176.18620526515653 897 129 125 100 124 125 121 116 116 114 105 110 113 109 100 100
0.8029231421805292 157.02104197523045 904 116 105 115 115 139 116 110 121 115 134 127 119 131 101 121
1112.9674632386514 1.1569408941276142
1887.6344597375332 1.0817735383336757
1536.2838957340323 0.9754158866204901
1612.4502345131993 0.9572513913108154
1750.4826638288828 1.0912631978354452
1810.9553228183931 1.184872444453308
1508.9193499402065 1.0585026107978852
1303.6097784016508 1.1411202511050778
2100.8803516950957 0.867618029156217
1579.0979735944961 0.8960608970367056
700.5507789692634 0.8640407814770422
1580.6853034359583 1.0687708941364547
1015.8999894647999 1.0122353319055162
1273.2490701350853 0.8524489548020644
1302.7573511127275 0.9142983601564066
