6 15
0.8764974544755509 173.7453400860661 644 78 94 71 64 73 63 91 84 81 79 79 91 87 75 71
0.8432311164772839 170.5595651948941 677 117 111 107 106 103 107 104 116 103 119 106 107 132 118 102
0.8324039240535696 135.92187491204635 724 118 124 111 107 124 130 120 125 106 103 136 134 102 126 127
0.8593178385090307 132.4930874225649 753 67 90 94 95 79 62 81 90 83 67 95 85 62 96 67
0.8183038045776903 148.20129308913204 781 65 63 65 78 99 67 93 93 68 99 68 77 68 95 86
0.8421959364126237 154.25339280529016 960 132 102 103 116 130 122 115 109 138 134 113 103 122 104 133
1470.9951475609435 1.0805690132208912
1141.9818683012936 1.166242617649417
1206.2536435719426 0.9366368720811286
1721.1575387844682 0.9906784462003555
1143.9556485735147 1.029272052814503
1235.38231602791 1.1008600509770923
1416.496506870977 0.9064674014511639
1378.0442999589748 0.997186983433719
1302.4451780904974 0.9874664406610064
988.0630731278251 1.0230034659005447
1469.1713909667253 1.12529157124061
1366.177308025095 0.9511961880283472
983.7337698481799 1.1709017018543908
1538.1024894609025 0.844150104158061
779.314702967413 1.0362926392294125
