6 15
0.8987441441555085 171.13820121863787 579 63 61 81 62 94 79 92 81 62 64 73 82 91 64 61
0.8361906547602573 160.8463646979118 633 100 135 136 122 111 133 125 110 115 106 108 124 134 106 125
0.8099459851970102 121.44788443113913 817 91 63 89 98 96 68 71 78 73 61 98 77 98 88 93
0.8969229419877481 129.080407955288 891 123 102 126 124 121 116 120 104 108 107 137 129 123 127 134
0.8229104300869728 122.266608245379 944 137 105 123 108 138 114 123 132 136 138 130 123 132 129 123
0.8069905516557191 133.2301616128959 999 84 90 60 77 87 95 93 67 63 89 83 65 78 95 63
1184.2881160754969 1.0054789194621636
1481.38615725789 1.095020819550074
1638.9686982459643 0.8716928719649638
1541.0808386461467 0.8897646071315181
1563.100153166288 0.9984543257275588
1805.3582189924578 1.1003965817045582
1597.1552546487305 1.1140728761217518
1894.6119352562207 0.8110331604737357
1937.1700030060188 0.9890880773704301
1788.211071645063 1.1885296629364968
1775.8865061832091 1.0761079891967817
1199.8163164456898 0.943326387900122
1773.2365092251478 0.8869010826095381
2176.4317103242615 1.0384814842142922
812.1904175470441 0.9405835090919218
