6 15
0.8909033682850623 166.64839079996267 589 60 67 89 74 91 63 65 62 85 63 66 79 63 95 71
0.8654332529943547 166.36626823372634 613 136 118 102 105 105 129 129 101 107 113 114 106 129 118 125
0.858758720194804 131.84798760587438 637 108 123 116 126 136 126 115 125 115 129 113 115 103 109 103
0.8247305628340788 160.7282148762033 815 107 100 105 119 101 124 109 120 117 128 107 135 136 135 107
0.8011054086831908 168.05404294329355 842 97 71 94 64 93 74 70 84 80 69 73 60 64 65 95
0.8260459253545354 151.29027840668692 977 71 90 66 87 89 84 64 79 79 94 72 79 69 86 70
864.2133037836326 0.8892715362013659
1734.7192821911708 0.9760575636994256
1771.2170802628393 1.0973526823532285
1754.9316379241477 1.0739170798459161
1274.4588054184544 1.1079360768918871
2052.1713707802896 0.9386598258215587
1992.0438197339854 0.9052779028984493
532.7146499696353 1.1046222925172686
1145.2635304430928 0.9658166166603716
1546.982065627929 1.0597132827977018
2267.5703576064134 1.0793129760661735
1108.947748709593 0.9176586950951128
1725.4272743485762 1.101346134335952
1996.8446821062903 0.9828931132357415
1328.2781051672378 1.0143451581971346
