6 15
0.8323472423432705 121.34587811737605 723 68 84 93 76 97 95 89 69 72 78 94 73 91 65 85
0.8139192887436607 163.37698787170152 758 92 71 65 73 86 90 73 91 79 94 81 85 83 76 80
0.8117978636009164 124.32578433982101 784 104 102 131 106 106 123 133 117 133 129 123 139 127 134 131
0.8840712272403884 155.32751678636907 803 118 112 139 114 129 128 105 120 126 120 111 101 108 134 131
0.8765513697363535 177.29984921879722 878 135 129 137 110 124 134 115 136 120 102 114 131 100 132 115
0.8481242251841623 148.65784976566715 976 98 87 66 67 92 76 72 63 96 82 83 72 96 79 64
1995.6258719002574 0.9011526568523345
1675.3761944442824 0.8670613313800216
1421.81284260407 1.1045470733355696
1974.1475418445089 1.0384515028512522
1802.434497487831 1.1290099489689611
1569.4003875773253 0.8261744469876989
1876.3636047082823 0.9322540127795484
1216.0815488375615 1.128528924078117
1652.8304586202548 0.8478079707033908
1535.0121804712007 0.8732542882917388
2003.7173180858144 0.9663262695846517
1542.7389882477219 1.0773817024260328
1521.58099606223 0.948857884976962
1395.7823360111865 1.0796699830467207
1500.5881675497353 1.1471249070200822
