6 15
0.818103131278343 121.5512703746098 513 74 72 60 98 83 62 73 78 94 76 84 71 63 71 83
0.8963026974321433 125.55486511314245 658 103 123 107 126 136 128 109 128 134 108 118 106 109 100 102
0.8951748049817044 159.77774501500528 674 132 107 103 100 109 119 117 105 124 105 113 121 129 125 102
0.8733335902254511 171.04135827516242 745 85 82 99 92 66 76 72 96 79 85 74 90 90 79 95
0.8474161528161445 130.3263134784896 918 83 88 88 62 80 88 91 84 77 61 70 83 75 67 82
0.8788782822892557 161.05552752519353 919 104 103 134 101 137 107 134 113 129 125 111 135 134 132 137
1603.146129679619 1.1503511878461206
1838.2126366556824 1.1000469876002985
1589.7767991756093 1.1520694998976628
2000.0605721925888 0.9008961513625638
1575.0621065802688 1.05879173299175
1735.2655008195052 1.1582609596263853
951.6377624645162 1.1842227663322116
955.7089084798689 0.9868154363905162
1549.3211831439326 1.0581771176852017
1395.1430780421397 0.850642406187853
2382.464973542828 0.8743080774202858
1347.6025259411258 0.9233127247011642
1438.825034325193 0.9016267430403139
1476.7559196324676 1.0716947335214089
1287.3917774599263 0.8752502553758849
