6 15
0.8651336077327889 140.5155333921094 604 75 94 94 78 77 80 94 91 99 89 79 91 66 96 81
0.8125664186633897 145.05528279514056 652 91 78 82 84 82 85 81 82 94 75 71 82 63 98 91
0.8262890166715866 152.28641350954882 655 123 134 119 120 135 106 139 117 123 106 129 137 118 118 121
0.8228453549477939 173.80467643993208 727 128 139 105 107 113 127 126 128 108 121 120 108 126 114 114
0.8764635286355396 134.82611656142717 734 97 92 88 78 75 85 61 60 97 81 95 67 63 75 80
0.8540295845718718 172.03739624976976 832 122 137 100 134 117 113 116 125 118 128 116 114 134 117 113
1627.9036899996356 1.0462663763968827
1405.8898189025088 0.9810625177018644
1172.4218844952925 0.9476139963493925
786.5888303608918 0.9292619557952484
1745.5960605918583 0.8140037187824118
1559.7323695347013 0.9552182069762367
1287.020773344162 1.169406721609014
1446.8470228506467 0.8217540101566019
1717.9059502033253 1.132219272804049
1088.6424880789582 0.946733193150531
984.5374489579432 1.006470530039375
1582.2976446834934 0.9966243318537744
1341.5017189964549 0.8310076696450168
1167.6037756960463 0.9071410256637807
1628.6749842607621 1.0689965943177906
