6 15
0.8949927175202261 150.65349717924468 537 112 137 132 130 132 102 139 132 138 113 120 119 137 133 104
0.8936466686264725 135.70429806069524 674 116 114 107 127 120 129 120 112 101 131 100 122 118 114 131
0.8130785859102804 128.31034132762727 696 107 120 135 116 102 137 126 126 127 115 123 103 124 121 111
0.8336113937676874 130.3010993095287 739 78 86 93 76 91 63 60 80 76 62 60 99 72 70 89
0.8125826336786738 164.3656226994346 856 85 70 61 94 84 86 78 67 72 82 92 62 70 74 75
0.8329980776709115 167.0483461315984 950 91 79 74 86 87 87 99 67 95 95 77 93 63 82 85
1586.3350383052411 1.1161901902194893
2291.182862172441 0.9080705775088206
1644.6542018549508 0.8290212581401794
2178.5503837807096 0.8531460332525092
1825.514217610278 1.1760578271602449
1401.6111140046112 0.9537174487993041
2392.429987886898 0.9368781265359718
1700.3716140015856 1.1924826938685418
1533.2476655790506 0.8894877678047911
1692.9329279099356 0.9820557115024692
1729.463688753428 1.1198277493327793
1791.8653327838024 1.0617466674747684
1851.221502222742 1.1603232863191595
2208.6927094017265 0.994653055236043
1797.4487499294803 1.0622794114387628
