3 15
0.859673065938326 150.0 658 73 96 69 82 68 92 66 71 92 75 62 93 82 62 81
0.8130040880647287 150.0 846 113 101 117 123 114 116 101 116 129 121 126 103 135 131 105
0.8790661245058465 150.0 993 88 75 62 89 79 60 64 89 71 89 61 86 86 63 82
1293.263314633064 1.05271183472279
1525.1871574973275 1.1308911342852677
1295.8463602833126 0.8212186249322386
1349.5128844920987 0.8050030831705469
2800.523799932123 0.8402753131485836
847.4063267168467 0.9139245231497414
1912.3134545600985 0.8971638703990198
1882.8086707789855 1.1844751556153121
2112.710207846608 1.0351885848736704
2134.766277849667 0.9513009172321027
2661.313734702102 1.0586111591324459
1736.8795407486195 1.1761019415398422
2068.1997127037175 1.1639543111190283
2292.5396330033427 0.846416689569873
1226.5679888396908 0.8430069465817998
