3 15
0.8238034095484545 150.0 670 80 85 73 92 62 85 90 73 74 91 85 96 73 91 80
0.8092921069619575 150.0 672 82 88 92 69 65 83 86 94 85 68 79 90 95 61 75
0.8516160324995952 150.0 854 137 121 108 138 107 105 126 118 130 137 117 127 113 132 103
2071.6197890982003 0.9981110409907432
1621.6801988869117 1.1912533120975934
2198.000572676023 1.062847440909998
1762.0749674468036 0.9719478065721063
1868.7458359010548 1.0090505253549007
1617.969097928566 0.9293265652382902
2064.422849564415 0.8215359104310884
1483.7670364955065 1.1002616062438193
1643.1048776063783 1.0158638348319637
1896.5471509257166 1.042011015103138
1081.7487818344011 0.9413306415188198
1560.7216075705103 0.9489749479222781
1358.5310774454615 0.9774593335870952
1245.631331498729 0.9734018062538352
2133.43116493147 0.8280709037973676
