3 15
0.8926182013850585 150.0 618 117 136 138 126 125 129 131 114 109 106 127 122 106 100 137
0.8667308014449904 150.0 703 76 63 84 61 66 60 90 82 83 77 78 69 82 73 61
0.8123022972322962 150.0 769 89 95 87 86 99 70 94 62 79 81 83 95 92 73 74
1981.7508760615078 0.9340124629403735
1370.7507430623766 0.993812265573395
1484.883541187496 1.0827790717509425
1794.9756655448648 1.175364427629885
1222.4896899955302 1.0125360419126508
2334.179641827848 1.188457166522928
2299.439825520362 0.958182287977075
2329.482690497011 0.8089732705426427
2175.8741163866616 0.9517782667069946
1377.4490474703985 1.0547205793778431
1684.410989411042 0.9761129760400025
1554.8524514466956 1.085600025942782
1211.9529019600757 0.8041585504090795
1742.8413825600949 1.1782392125483403
2657.0630254756875 1.0237990551663778
