3 15
0.8586491010507659 150.0 750 106 116 136 136 111 104 108 128 125 126 121 117 134 117 108
0.8413338679743313 150.0 855 61 89 69 72 89 60 70 80 68 70 70 99 94 99 95
0.8290594544417885 150.0 901 91 89 69 68 98 73 80 62 89 72 63 78 97 65 90
2846.2515271371267 1.1179267845389864
1900.2237873958688 0.9042966149787725
2059.989511797264 0.8893104268612326
1629.3572081300717 1.130259056355645
1582.0870744388583 0.9357498366067267
2466.7531792115474 0.9154877785808331
1333.3396840528505 0.8240583422017265
2040.0175638463434 1.156943221821456
1188.5549800187594 0.9411360083306666
2025.7539915941175 1.016677822580577
1525.720541682777 1.1462832837263068
2708.9907914189257 0.9703001272539582
2138.7585321292163 1.0247181562830252
1793.7048355406948 1.14235629418209
1604.7116929408598 0.9560916980226796
