3 15
0.8319430525692479 150.0 794 133 132 133 118 136 116 136 138 111 113 138 100 122 114 133
0.8695842387731756 150.0 881 86 63 99 60 70 94 65 99 70 95 85 88 84 74 97
0.8732527115415728 150.0 931 96 70 87 75 84 76 69 98 78 72 94 94 98 69 95
1935.0964627467777 0.8870340413088865
1887.9458709781543 1.0615175180721637
2067.1719246399125 0.9224219464221672
3205.3993675225347 0.8906118148297338
1453.4345185580835 0.9477268804224205
2664.64153901758 0.8300615696905791
1458.4785844405944 0.8764792856178304
2441.3480992161453 1.000879783805741
2337.5864597668333 1.0786299767266398
1524.638177399699 1.1700950401630472
2461.8927101217914 1.0163898557344275
2331.4751516979104 0.9727823849068332
1294.66382856892 1.0585084937882536
953.6871514405518 1.0670638385443383
3035.7221903184272 1.1478505928358214
