3 15
0.8453030876171095 150.0 867 66 94 70 88 96 79 68 85 98 95 89 81 96 60 89
0.8766820980111043 150.0 869 134 104 107 117 139 107 117 117 128 130 139 113 132 138 107
0.8760596249492403 150.0 938 70 82 79 69 79 66 83 80 96 77 81 87 68 86 95
2259.35285982643 1.1591607755677216
1849.9298300245082 1.1350140623628031
2028.071379011037 0.9052124483689508
1680.202800478164 1.0963295558373893
2444.0951742642255 0.962226113656104
1777.7008312457053 1.0309594880216435
2474.1459183442403 1.0866886219733771
2024.1341406354336 0.9565418117109133
1235.6186887678573 1.0943754410446902
2382.1477517733156 0.8292313786722696
1914.7301871938953 0.9932306549635025
1941.6899279088723 1.052218607329898
2183.1081604234514 0.9149548834723207
2484.72487673295 0.853501569432746
3151.920948687925 1.064547187377798
