3 15
0.8574264854797173 150.0 567 126 104 110 108 117 126 136 117 104 123 135 133 134 107 138
0.8083664447222151 150.0 575 89 65 77 83 69 69 70 92 72 64 74 88 69 93 67
0.8325533122070992 150.0 947 90 98 67 61 83 96 64 69 92 61 97 85 85 81 88
1411.2395514403347 0.8690553996340117
1048.7707243984162 1.0533521714438345
952.9180191061566 0.9547942478357588
1847.3786876598808 0.9864250744090198
1918.9464088974264 1.0813215639744729
1314.1549917043585 1.0567375530489838
1567.6097336437751 1.0833519482515175
1725.5412234454234 0.8643231626917285
1860.6651455649767 0.8979995256525071
1062.9354883474234 0.9966602467533515
1819.8633625631494 0.9253999010093369
1825.6563305418147 1.1921399636448822
2524.266196515583 0.8050110031583871
1191.1720060450602 0.844921010905765
1844.7301171918707 0.8776962057470213
