3 15
0.8848026714692581 150.0 527 89 68 98 64 66 91 79 81 95 89 95 95 84 95 67
0.8446104115668875 150.0 584 107 113 124 109 104 105 126 132 133 125 112 101 105 127 121
0.8772297022356339 150.0 625 96 87 74 65 70 93 76 71 72 83 78 67 96 60 88
1918.5327720176108 1.0623159402453288
1483.5872207117895 0.823228715328974
1484.423790137349 1.1537350204079682
1412.570800412138 1.063699237182131
1546.5377892334539 0.8305227178311819
1576.0853825747881 1.0520544252797601
1305.3702530586722 0.9436995287784418
2160.9683706626793 1.1216838463608703
2149.774036392484 1.030967740851389
1379.112926424324 1.1237805796052784
1218.9651512141604 0.9435013196743952
1721.8808217613653 1.0169565730212216
2420.166021782288 0.9836581036550508
1181.379462914343 0.922478351336852
1397.8840471905762 0.9185634798283177
