3 15
0.8721679926487064 150.0 574 73 91 90 77 67 87 74 68 88 98 65 84 90 74 94
0.8690171987605466 150.0 635 105 112 126 137 131 123 134 108 129 115 129 102 118 119 139
0.8269862998589833 150.0 645 97 80 97 83 86 97 86 81 79 69 60 65 90 63 75
1962.044707768922 1.0433318614567524
1493.1455904507118 0.8971946981079619
1526.8596370722876 1.0582475177665323
2116.0682469494186 1.1500280602159887
1763.7331881824366 1.1890175442698716
1283.6793909417845 0.9437538317484291
1318.7929294953842 0.8316271384175951
1353.5203503285827 0.929467188347672
1689.763585482781 1.131567075744588
1277.8992549624793 0.8657330855925026
1661.8939972553019 0.9780803013871934
1715.3059677132699 1.079488971611477
1525.7418682918892 0.9040596840354075
1149.702028098637 0.9181898668919389
1418.4863624872094 1.05423534454939
