3 15
0.8324444522301504 150.0 522 99 98 98 78 71 89 69 90 96 81 72 91 86 72 71
0.8081768188618029 150.0 553 126 128 128 112 102 118 105 122 123 109 138 103 127 115 110
0.8551059973434982 150.0 828 61 82 87 79 62 93 70 83 72 97 76 84 87 76 69
1270.2818693237923 0.9543344439323493
1001.6500374571569 1.1979332600500388
1124.0001061604257 1.1657218940254723
1762.664538885083 0.8281349295802719
1082.3301429011563 1.1544473383067286
1428.2288029073688 0.9759135238850847
1375.7424508930906 0.9825139930658322
2328.923065112344 1.140830745474688
2012.5619936066178 0.8511925112659074
1841.247219695318 1.14367303261231
1351.7793810802145 1.0727691022917931
2471.5174983447187 1.1145402113031608
1392.7477494185525 0.9558089360797917
1218.1525501612023 1.1828355918485862
1825.7401177001982 0.9410429043027174
