3 15
0.8971129559176895 150.0 655 71 84 69 61 95 68 94 67 61 88 92 84 77 88 97
0.8044334048330013 150.0 672 121 118 134 105 134 102 124 138 122 137 133 134 121 134 137
0.8145146932382853 150.0 758 87 80 66 78 68 60 98 60 64 72 97 81 83 70 84
1774.5405619897067 0.8298798762167982
1892.194029289058 1.1084314058767013
2109.458816061395 0.985705482250525
1716.3733419458715 0.960390154829623
2111.3446124183347 0.8048443281745157
1908.6492500315665 1.1891388886796281
2147.3811921470133 1.1555513707174394
1093.592991142972 1.1516692423083856
2356.8957937504747 0.912833069315317
1974.3856985362827 1.0166388746141632
1305.153679490014 1.189653331920557
1741.1688355477186 1.191912970730928
1499.1167914219684 1.1885852409466742
1795.1138446229481 1.172201438249074
1512.791782452439 0.8426450965035439
