3 15
0.8967707246771482 150.0 508 79 88 73 90 74 86 96 96 95 77 72 76 82 85 97
0.8613323505165593 150.0 664 117 133 113 111 137 127 134 138 116 123 136 100 100 114 119
0.8549654312559408 150.0 728 67 87 94 72 77 94 64 76 98 89 87 98 75 82 90
1659.5275824025127 0.8303751807392785
1997.206462361337 1.0617034395728306
1715.9001010473055 0.8148805218214948
2009.1995322713224 0.9949364023640941
1501.91752452972 0.972194075299952
1552.4462030185077 0.9995859171771451
2034.5867139293846 1.0254727493841447
1878.0083122866777 0.857924552124548
1921.1788341195904 1.0896840574529325
885.7273193368959 1.1125283347698964
2246.960920972893 1.0092482641800782
2188.893875000387 0.9907085382646529
2152.9556910347546 0.9674043619285474
1625.2349235471431 0.8647785944814803
2382.2441616607134 0.8715276778551738
