3 15
0.8772522591000826 150.0 545 75 78 80 86 60 94 91 81 77 85 80 92 81 82 95
0.8277201798655008 150.0 830 119 118 109 120 133 137 105 128 127 105 128 126 128 123 111
0.8481580954783523 150.0 921 60 90 87 63 88 96 75 93 80 82 76 60 89 73 84
1638.418607544491 0.8739805202142981
2097.531145673171 1.0950521775697397
1629.1258814326925 1.0942985353786812
2693.277634865711 0.8490324435562632
770.1274214611698 0.8125619528720214
2462.143738963414 0.9208757340322977
1551.8587006822215 1.1138026787097413
1757.0207114954387 0.9101536029174243
2012.8349368866116 1.0604690611262912
1577.0467778012878 0.864881439504511
2285.613213446936 1.088540321173687
2360.8513518658 0.8974926228360779
1333.0500459728123 1.1177779093696631
1966.6557750250286 1.100366409554791
1521.7937150394205 0.8352611981318391
