3 15
0.8809467008229861 150.0 613 81 72 83 98 68 67 93 93 98 94 88 77 92 68 90
0.8165709367896764 150.0 750 77 80 78 96 90 85 79 74 72 92 61 84 98 76 96
0.8704750299562884 150.0 864 116 126 115 105 111 116 126 105 108 105 108 109 131 139 113
1317.93864602751 0.8404045648391884
1706.2353808987443 1.0400128815357377
2575.9302629362223 1.0495078496665826
1521.78123290362 0.8250779739950544
1883.277621772934 0.822647729062536
2196.99186915994 1.192226808261751
1234.0001921052599 1.1888335805703947
1979.8704628744104 0.8179964425592178
1618.314219675836 1.1686819645321347
1368.8589328964422 1.1481566504622354
1949.3432959997335 1.130654026975264
458.9316382841805 0.8833962312376088
1272.517436454889 1.0750189836501183
1624.2364514322205 1.1929929091854325
1612.9918042692148 0.9354562612983713
