3 15
0.8198118579636864 150.0 759 128 133 104 121 112 114 116 109 123 119 108 127 124 120 110
0.8870089875874372 150.0 935 85 84 65 81 77 96 68 63 73 85 85 62 64 99 80
0.8218234153705541 150.0 988 66 67 72 98 77 61 85 79 98 97 72 90 67 83 70
1610.0470427851615 0.9658788647888127
1919.9220705794874 1.0110442759278904
2476.681390744883 1.1868659966042734
3179.3317832519724 0.8257875811988767
1717.4192340465258 1.1197136819540867
1481.6258495226602 1.089724344865715
2053.7751490519954 1.14250253183363
2102.677507093396 1.164300725193998
2855.602957756119 0.8572383133964138
1653.4979911583116 0.8112841542896418
564.3925169368849 0.8545340844607132
2079.4404527403844 1.0947896962365509
2626.299875094807 1.141306235598616
2077.572111366222 1.1689498482362506
2981.7564745873146 1.1375053250904927
