3 10
0.8714221013228439 161.7435741962292 803 131 109 106 135 100 122 124 116 110 125
0.8992203362813663 140.3019469172603 816 89 84 89 78 94 91 96 71 68 69
0.8853235694206043 123.20850059218154 978 90 70 91 85 72 78 67 94 84 62
980.6258948386323 1.0662246721294417
1154.0082842756542 0.9591600407626873
1297.8259360075774 1.096387348232549
952.8065759466919 0.8578408484450395
766.3771005767359 1.0939722595605605
2108.180380305508 0.8383153733964543
1655.9803920602872 0.8841409845659108
1209.794684900216 1.0531251201911644
1056.4516686937527 1.1447318677567233
1789.7060084020918 1.044471164789703
