3 10
0.8587252006565276 165.53047899126977 717 77 72 98 87 78 77 99 88 97 77
0.8363806591719412 124.04369820883203 752 75 81 78 73 64 90 63 79 76 97
0.8613864030163957 144.22497646155296 832 136 137 113 101 138 118 130 104 139 121
1019.2703378986939 1.0717066583449628
1235.3232641714962 1.1656724956694569
1270.5657928332646 1.0011766061156915
669.317461547288 0.8311703619782503
1265.6919373707485 1.1643336113458047
1570.353087418792 1.1837812389007671
1489.6865529111674 0.8400710066753693
1299.3437820002225 1.004219690494659
1684.9429986658904 1.1065693243614139
878.3638251446495 0.8218816640109
