3 10
0.8814054396386628 146.98397654914106 766 72 90 78 68 77 90 74 69 78 70
0.849958558787472 171.2412313952385 809 120 101 112 107 107 119 106 125 126 109
0.8133734801379308 155.35738335773368 900 91 76 89 61 79 80 73 75 96 63
1521.5069211606567 1.0984696771909324
1255.0674475293654 1.1266320108335677
1510.2822891534695 0.9506144827342498
906.5333432368723 1.122568801089114
1227.4210466677532 1.1529680549127392
1011.3051459806009 0.8486670259609652
844.7850064401989 1.0436925187240034
974.0237088920064 0.9596600302509161
1188.7730030683256 1.176045869981241
1286.5194020807587 0.8655433101110687
