3 10
0.8431782706001111 146.19558206279888 612 98 70 96 98 95 72 90 79 98 82
0.864549845622837 176.1484753423442 903 62 68 67 63 90 77 97 69 60 83
0.8669396005887826 121.52725785279846 918 112 117 121 134 129 112 128 124 110 137
1140.8747158995852 1.141515015668165
1320.7419526627896 0.9534311814116372
913.5162534897083 1.1484225928101222
1085.184460718914 0.8324851723270771
1240.5870664386352 1.0911936863335452
819.4275303126954 0.8988200843333161
1406.318493665346 0.8644411143459857
1140.3304152344765 1.15471680346337
1115.949094572556 1.1621225303734861
1632.539574225951 0.9398780018840321
