3 10
0.83098892744801 126.98183026029139 549 66 78 90 94 76 71 80 62 78 71
0.8306878768623245 139.29627988085176 918 137 132 104 102 119 113 129 137 102 134
0.8777284952652051 121.58578644275967 961 73 73 80 74 74 63 80 80 78 61
400.7026156844737 0.9403430221641099
1660.91822725166 0.8246648563841843
1127.2051609568252 1.0877306581710855
1350.6120322014885 1.028845351880627
1863.763491992703 0.9017933690526697
863.2284886395005 1.1255056656693472
1069.5988551175756 0.9858997507670404
1381.9313541641852 1.0793607642305292
1647.7741571878382 0.9085566160553044
1561.9857302145429 1.0779170980150012
