3 10
0.8707135040720189 171.40857030546465 519 96 85 93 72 66 80 63 96 81 82
0.8942302676072289 145.91961450657848 784 65 91 78 73 75 84 77 65 75 87
0.8404603107652929 140.94995103309316 950 121 124 124 126 139 130 107 128 109 108
1184.1371018960133 1.170471968982154
906.9115237000102 1.1078095112700024
1144.2034631919637 0.8666554988997948
1223.8023511454987 1.1044477133854311
957.3211775547802 1.1336605948967136
1359.2568068790426 1.1893176682705047
846.5476782334986 0.8138062276823554
1561.670144835864 0.8387071092601834
526.7805851012619 1.1158523461984267
1181.8108561309134 1.1289203082569568
