3 10
0.8325337142217234 131.78047478554953 521 82 72 90 62 94 83 75 96 62 62
0.8101685049951068 128.18161266763508 716 122 120 109 138 130 134 138 116 135 124
0.8103920954557353 171.81513947404392 944 84 74 74 91 94 78 99 67 95 88
1148.126072734196 1.1004977818142783
1381.2329787332433 0.8765437121670399
1447.181069240969 1.0754876888191398
1001.8840559868065 0.8804349124052064
992.1170307321946 0.8111758083595775
1468.2099426917262 0.8629234582499656
995.3326782142312 0.9133280354500933
1270.8602062424966 0.9687747475410495
1227.730987951302 1.0129633360991208
1031.419478827318 1.0822366463413533
