3 15
0.8224834458669803 140.10693655454764 555 133 130 119 120 109 137 132 137 139 104 137 134 101 100 111
0.8973585266983611 125.24114762121515 673 74 92 96 85 60 64 87 65 69 80 75 88 65 95 64
0.8239989564588178 121.3988225196174 685 75 79 98 94 97 63 89 61 73 83 88 78 75 60 81
2433.763327956094 0.9698812499770115
1324.8639416323847 1.124976445866631
1978.4214905011813 1.1799009337346718
1968.976153864152 1.147437262295504
1762.5642087872814 0.9033700964310318
994.3975567306618 0.9413138178746913
2019.99132430003 1.0626577170654068
1908.98429870101 1.1548367401093746
1838.5058787486407 0.8573459299062482
2033.8452094110842 1.0037134348522325
2324.0724807102815 1.0462208241229642
1753.8411865019796 1.1299556014095495
1992.3572438407825 0.9382208353184994
2475.189370000193 0.9451174313146736
2198.1355190309423 1.1255627773070642
