3 15
0.8929172756815588 141.48813839061185 668 87 93 93 92 85 65 97 82 74 66 90 99 81 82 87
0.8106405621010608 147.95719305985722 669 100 117 137 102 120 105 118 123 107 100 100 128 111 100 121
0.8934385309952568 151.65611907544127 865 70 67 82 80 79 77 97 76 73 70 91 71 64 79 74
1624.9540057611566 1.1485038516836503
1224.0526090178823 1.0845628721872718
1662.807242420366 0.877103176196312
777.0392683782837 1.064773430358156
2397.456176158829 0.8572190832088568
1694.969822155847 1.0971919884845234
1969.9639608926786 0.8365218360446566
1326.2040792952437 1.0115102855942386
1954.1206215188636 1.0058446111392039
2076.8874993259283 0.9431952299095374
1530.3400110218877 1.0088269548615332
1722.4365879370505 0.8399614983989947
1559.9944889392252 1.0004535544582664
1453.5219067692906 0.8869726012596292
1439.7701182053506 1.1125258401496978
