3 15
0.8365637944540976 120.90056097413066 683 66 70 66 78 66 89 67 78 68 78 67 88 89 95 87
0.8296626972041394 137.5141450183667 709 89 93 62 86 60 61 79 91 68 67 65 64 66 89 60
0.8073181755662184 160.23747544014662 889 126 121 115 139 127 117 138 108 120 133 104 118 112 109 137
1350.3250873208415 0.8171467767453332
2215.8582648152615 1.0111915410957042
1514.9880414867043 1.0737403047089038
1931.8982211160937 0.9417085773254577
1383.8947898259519 1.0491954364802785
1768.1574913903928 1.1660097801092815
1872.7750251642603 1.1299853003128444
1592.4197243529404 0.8074776290610062
1284.695103548114 1.058236582994026
1632.7238090767632 0.9309204159026331
1595.9455552143245 1.146335842392212
1634.4148723365822 0.8691452437993636
1672.1001163754286 0.8295227955906843
1932.3920536324945 0.9027826166002698
2008.0349662515214 0.9508142352978624
