3 15
0.8617915105512086 140.77846545901446 665 107 115 102 111 132 102 137 116 117 128 119 103 115 105 122
0.8499027044693038 134.20888371768515 748 90 84 92 76 84 95 73 78 76 93 74 68 75 74 91
0.8139571838046569 149.21900647324023 837 66 74 82 60 62 96 86 82 75 91 87 81 78 90 88
1629.367985081045 1.077029734086234
1484.3944741048822 1.0684949269306798
1702.0507597315882 0.87332587004349
987.7249028290544 1.0247141002342504
1220.5896821432393 0.9849424827621996
1614.4563915232543 1.1600316462745612
2214.8203301919543 0.8846998817199101
942.361170279041 0.9946878573328234
1850.6797766184213 1.066197087243087
982.9000517977205 1.0412048038329578
1583.9418048674422 0.8210885765564238
1533.851270277745 1.0087269652434565
1224.8987600784344 0.8334268440843466
1750.4571346476503 1.090488898691993
1108.7979822281895 1.1265010031444174
