3 15
0.8361497396645341 155.9930501194543 625 87 99 98 79 62 72 86 96 90 89 89 92 86 95 81
0.889729948525646 163.53193474643106 635 103 112 139 120 116 101 111 127 118 111 128 127 133 119 123
0.8061037458375855 166.15142791726663 868 68 86 74 90 84 94 76 60 85 94 79 90 78 74 69
1855.285543438028 0.8978972062596965
1539.9722110972407 1.1351657436742995
1729.4625561431094 1.0541586573787645
1401.0199470917946 1.1148458975280755
1972.8885361529296 0.9663223692648379
2057.620386022538 0.9928739599939187
1797.5001833569765 0.9227627114756962
1809.0244624573322 1.0821916568267833
1536.6360350917603 1.098282915063926
2180.8267414311604 1.0832848723210173
2298.5453420652743 0.8354103672970143
2264.003175081312 0.8860961219650204
2089.776745147604 1.0294254618267333
1685.7689911329157 1.0978388184409402
1635.4870803497865 0.91885804457108
