3 15
0.8569729208494947 144.22399941199646 521 72 75 78 61 94 77 87 85 91 69 64 81 96 76 77
0.8048219038766333 130.43405899684876 616 99 92 92 91 69 85 92 74 90 73 79 72 69 70 86
0.8016259084097486 178.2978281806244 837 115 115 125 135 128 113 120 104 125 102 103 132 131 131 104
1867.1204483574606 0.9767750151935661
2161.0933979888814 0.805703477864436
2132.7621830919675 0.9569289040835263
1225.9539314288281 1.197922613167705
1993.5883350654458 1.1070843221748754
1779.9635489799657 0.8711282203733349
1831.203880785727 0.9968971786756168
1371.6173798718269 1.197829671503607
2368.2075626802907 1.0643669252059536
1553.9904564578833 0.85687358654866
1682.0268923130147 1.082650058234945
1288.3939609602216 0.8729056557759536
1553.0690692559103 1.167090031538391
2259.047823878346 0.8582817234484532
1103.729795299744 0.8154514132173339
