3 15
0.8241392651992077 137.83015243091063 560 109 103 105 114 125 124 128 105 112 108 129 125 127 129 112
0.8790918019289136 144.32454008342933 652 83 66 77 80 93 92 77 92 67 76 84 71 83 69 81
0.8423346606456864 132.37081616660166 835 99 66 91 88 97 85 95 81 79 76 91 96 77 80 89
1679.303739467229 1.0836386063174064
1673.4637194740633 0.9675569744751675
2559.625844106728 0.8809341961958342
1769.461560388457 0.9026342791768652
1600.9862411579843 0.9076798493628228
1740.7281391390172 0.9914439767671467
1167.9799231741172 1.0269313386795165
1065.8276846778815 0.8762671215018367
1781.8855154363555 0.8461895008856967
1855.7775615783562 1.1043356653317937
1942.9331145319452 1.1681838237365172
1330.8335795642881 1.0016102976957895
1793.0389529686495 1.0742621367761078
1532.3671848304084 0.8527200764900261
913.8731386807398 0.9461618624306813
