3 50
0.8015609249936583 129.85258512570215 598 87 88 78 79 98 89 61 61 86 66 97 85 80 73 60 75 63 77 70 85 63 94 61 84 94 71 95 64 81 83 74 95 83 86 93 60 98 90 73 70 77 78 93 89 78 62 67 95 88 89
0.8258365161827813 145.71863112659045 617 92 96 90 96 74 60 94 73 95 88 71 92 77 94 98 83 95 76 87 64 99 97 97 80 90 72 80 98 83 84 94 66 84 63 91 83 99 71 79 87 94 81 96 95 92 71 61 97 88 98
0.8846078704374295 187.5994142781285 882 134 110 126 101 123 128 120 125 103 139 110 137 126 130 118 123 135 103 126 128 125 134 137 116 119 114 109 103 109 112 130 124 121 124 128 119 117 104 102 100 122 133 135 127 109 112 139 110 120 130
3036.621709936677 1.0547009434507566
2517.0724812924636 0.888242783565589
3914.3921420213737 1.0857127573165506
2859.859821284649 1.0401030137109062
2012.7715378532305 1.1953542697469621
3057.977697528977 1.0166746319048943
3053.658182662302 0.870693101021076
2307.438328099003 0.9307643398735833
2099.7005783645 1.1125231275815017
3127.2271051536272 0.9517284918406289
3219.064277535114 0.8096978417787459
3179.132393662179 0.8748208073634334
2718.8683160333953 1.16259347866156
2617.4465481134844 1.039808142036925
3443.4569824608798 1.057026837083186
4155.4086480692595 1.1337106250970208
2949.608999236946 0.989215979854576
3142.9321239502465 1.028099773339879
2378.250306364455 0.8998192137037978
2499.913754392334 0.954422033567885
3771.9950194340568 1.1989288080994882
3405.485915358677 0.8708472711490214
4164.934894701395 1.1230558420448182
3857.2169969040024 0.9489250868126791
3713.8366640145564 0.8453323544890906
3159.6518539304325 1.1054491734659848
4815.613100706303 1.1128953487377184
3914.422030522369 0.8561331138154931
3984.9870210457852 0.8998047522396614
4133.335401564007 1.0182698250473796
4233.967655944392 1.1582182105886671
3136.8347935395636 0.9990130197191314
3186.2460129023025 0.9135935258490315
2609.007866205075 0.9225823407479264
3050.887497327681 1.1734402306222886
3756.4521952540736 1.171223935259712
2765.467713645694 0.8872687273806236
2947.1890035250035 0.8198831683967264
2646.7833565867822 0.8485893241656212
3245.286874069908 1.1713481490450621
4075.5285370751762 1.0498962066079567
3538.145840720253 1.0954701346253326
4251.135694146153 0.8631006437467268
2975.5634692431336 0.8183455173728372
3358.6374263375787 1.055045389301568
3442.0644757261616 0.9915883100527259
4108.172593950062 0.9611851882269858
3063.94099011344 1.153101825436237
1769.4939086761274 1.0416707267273844
1947.8073991676288 1.1582528404954666
