3 50
0.8677688540707329 148.57149696074728 599 124 123 114 108 133 100 109 118 108 138 108 115 129 130 119 126 133 103 122 105 135 134 116 116 114 124 130 100 100 119 135 113 109 130 136 101 129 121 120 126 124 109 121 105 125 109 105 111 102 117
0.8681167607476632 186.45945736716203 648 94 71 62 88 75 91 60 92 64 80 69 89 93 80 72 89 86 95 61 85 60 66 81 85 99 61 71 86 65 72 90 73 74 66 67 83 95 90 79 64 64 79 88 75 87 69 65 97 93 77
0.8963172500448064 185.02789236978919 811 75 81 75 80 69 87 80 91 66 70 78 67 65 93 96 86 80 84 84 79 69 61 74 61 92 94 87 64 97 60 93 98 81 67 78 77 96 99 73 84 70 89 73 71 96 77 62 84 71 68
3454.2725558510506 1.10794942645057
4247.636518716001 0.8939616319780112
4033.118284124117 1.1515241470379731
4479.3265890622515 1.1165162365588106
3090.7883701392548 0.8239923324791931
3995.5812880644908 1.1004127913527704
3960.759259612993 0.9587316321151562
3458.3477169867692 0.8009799395943713
3542.04584140162 1.1776932317310767
2717.7443893008954 1.0092140083880168
4687.677634001405 0.9047210685438777
3805.6119627746243 0.94835723401411
3134.945669531179 0.8305483720991965
3446.209100180531 0.8918394208568283
3933.1020929921838 1.1991948911852757
4571.349493228403 1.0729558227900367
5457.096886357035 1.0839074589165738
5076.1166247985575 1.000121702623983
4455.995617425633 0.9980231303004958
2473.298181939004 0.8148759537953661
4253.266594467031 1.0970093060849244
3914.930342868347 1.0017808767844714
2605.5305455728067 1.105637142244196
5096.6450954594075 0.8090521722647311
2893.917391903907 0.8153518537763618
3528.3486336964843 1.1050249461721666
2639.5599512187578 0.8655600189543992
3420.6695098859805 0.920528548121478
2562.5262963590603 0.8717957446128516
3482.601706757981 1.1594362782900274
3412.72672221977 1.0218901479444253
3950.712397836949 1.167400236385476
3801.743566436744 0.8383626445530018
5168.984781158213 0.9258039149608117
3781.9201135212224 0.8183475239723578
4975.903160883854 1.1897055405216288
4530.537333662625 1.0743224266821758
3988.515749024451 0.939663286110528
4145.499423857455 0.9510372914662274
3981.1188368931003 0.8383382767055552
5140.608054096603 0.9259257946458674
3479.531720250401 1.027630060283579
4116.960454944158 1.0409883493026184
4509.395994637661 0.8085593093201731
3821.83119535169 1.1577854040214615
5791.500644868238 1.1446451056945954
5022.915321442892 1.0999949754108507
3593.5773429575625 0.857723403545706
3244.992651935381 1.187131345638719
3547.530254900735 1.116851954175717
