3 50
0.8551249574507718 126.6257131984434 642 118 139 120 117 111 116 112 127 123 126 113 129 112 123 135 139 126 127 136 116 139 137 130 139 106 106 101 139 123 137 125 101 135 131 134 117 101 138 126 103 115 128 113 107 120 106 109 121 138 125
0.8362441502220946 163.20814371543486 757 85 79 73 86 93 64 77 89 80 75 64 84 61 73 91 75 77 69 77 96 77 63 99 65 99 65 64 87 79 62 75 60 61 87 87 81 64 85 78 78 75 65 80 95 78 88 62 89 63 75
0.8535944093051699 202.55500886667102 780 92 65 75 85 93 64 93 92 74 69 88 88 85 88 80 74 89 71 95 62 60 84 70 87 89 60 84 74 63 62 74 72 73 62 64 85 81 93 88 71 97 74 81 88 90 74 99 69 75 77
1988.5297716977504 0.9970206431361105
4092.1932523457117 0.8682023662474809
3120.829172231701 1.0809388239763011
3104.0350654488484 0.8518097170497773
2698.381676190331 1.0090769131638015
3362.833699097706 0.8545839076941621
5220.5181297801555 0.9727671384439236
3718.9461377399216 0.8029163895459097
3826.0274993375797 0.91873329659785
3111.095393554805 0.8726865444401458
4767.219174686395 1.0260748107354278
5091.851953184913 1.0110221794267966
4780.369762211254 0.8642667434763078
4191.204115525786 1.1866956425957143
670.2015428786617 1.011800260874653
6113.178476110969 1.1534490132324091
3466.2091489689055 0.8949096248261917
4897.397525563469 0.8242386453153325
5037.728947114838 1.1223575658940357
2399.4409076355023 0.9674213958594223
4543.280038206159 1.1749052781811788
3773.963577311434 1.0057407062013988
6088.615513071823 0.9232609115480807
2866.237587813354 0.9984506413871118
4503.327243413063 0.9863916115769891
4686.979495896343 0.9377224235931984
4430.408516256739 1.0159532195734187
3395.207611535153 0.8031424995731945
2329.4821947550054 0.8765212591288156
1919.3235842960855 1.1846670335432923
4043.029004337238 1.1005058992702774
2913.399195479552 1.1601233429065054
3869.5775670890052 1.0545705025534862
3129.5565556651236 0.816435832154732
4279.326315646005 1.108522017465689
3826.724862370149 1.149422298127446
3001.048898621446 0.9717497121737855
5196.251763975599 0.9744679863337942
4822.9834131138805 0.9566903202158124
3881.4563638321156 1.0466942718560446
2790.7081725862345 0.8844305670106518
3566.2782088014696 1.1925460614787489
4605.7994132790445 1.081531283360161
3585.4092149689786 0.9733200207044996
2579.3904750679562 0.8478919568345087
4714.409955584644 0.9658803469719992
3307.532352130296 1.1767054737844518
4105.826054046072 0.9269592607446386
2287.148503878426 1.1216663658748371
2577.6040563522683 0.933007612090431
