3 50
0.8672773259946494 112.23588437189838 565 60 99 78 91 73 99 77 82 92 94 72 99 89 87 62 66 78 73 73 98 91 88 75 67 93 73 71 95 92 63 77 70 87 78 80 62 72 73 70 78 67 61 92 98 85 68 70 78 73 88
0.8915017883583009 170.45734268057367 744 89 71 85 88 69 92 66 63 74 93 91 70 61 60 71 76 88 75 75 95 68 62 90 76 76 82 94 92 89 91 90 81 66 92 87 66 80 77 79 80 85 65 66 87 70 96 76 88 89 71
0.8561510609858956 190.04548067793252 969 119 102 114 116 133 129 115 136 121 103 102 100 107 104 112 108 137 102 139 134 102 128 122 102 122 108 138 107 125 108 105 134 101 129 127 104 135 136 126 136 115 109 123 131 120 127 113 123 107 137
3617.4610273720364 0.9269099397872982
3074.8128152986533 0.9117129385352223
3966.070363650699 1.089052383672651
2733.3954892871207 1.1462525588972308
2792.3737459837757 0.9249117010413258
3568.042990926736 0.8117621729501451
3860.0460731420303 1.1694925861270349
2293.370188148768 1.0505478011716156
1909.2452525082183 0.943742671309189
3630.662363641887 0.8851550272621193
3266.4390329986436 0.9165761331180532
2997.8694116280994 0.8417795212887449
2992.556495478147 0.9514921083819409
4076.8003371260147 1.0949761888195706
3514.9381260588875 0.8993154676334905
1719.3818805206306 1.0897559621426747
3401.418327085873 1.0460171846942417
2824.8311113802115 1.193713945168501
3351.068390804793 1.0641693558724605
3748.7138116671094 0.8167712801490299
3995.9786429787246 1.1226190497989956
3587.196722304041 0.905326555088253
4464.428493275614 0.9955541750379411
3077.424301328452 0.99908815829773
3074.276629185111 0.817469664438893
4608.002782084778 0.9497498136954301
3714.960665150414 0.8095629412958675
2493.677546251892 0.8701053276512964
3407.8401397296216 0.8279274533797598
1984.0607249294926 1.0741569972611156
2467.4906351675168 1.071532914102969
4507.780539952555 1.1932221878418146
3002.2443828060777 1.0910898086610252
3955.2379632505617 0.9604032924293137
2926.466494564266 1.0753799903051324
3639.630677955191 0.943946833605121
3873.7526646101633 1.1444897469529542
3025.8981374417153 1.102640600931314
1561.282777994821 0.9850076280448435
2767.0708081789526 0.9870992540940703
2542.957876599502 0.8943250897189307
2715.4460123362 1.0245325964190393
4114.38767485553 1.0201316695079958
2462.4929537198536 0.8429414236829432
2377.3877452508855 0.942073832367191
3363.12250977246 1.056571889207785
3276.336146054684 1.1508661007892484
2506.8864008991814 1.1633822580302653
2986.026575941986 1.059218061494442
3394.98995846035 0.8994205790148929
