3 50
0.8851134287798262 95.38202490692994 659 135 105 133 123 119 117 137 131 128 123 136 103 122 108 123 106 120 104 121 137 125 123 118 135 111 139 113 125 121 131 128 104 127 122 109 136 107 106 104 110 136 124 138 115 108 136 100 116 117 129
0.8468969552607508 202.62080302589413 689 81 61 78 76 74 93 94 94 97 76 87 87 62 79 93 99 99 91 87 70 63 62 74 64 74 70 83 61 61 91 85 92 93 81 94 75 72 82 63 90 98 97 97 63 75 82 65 85 97 73
0.8883485815734424 127.03756033242527 884 99 75 79 80 86 67 96 70 85 67 91 88 76 83 68 64 94 67 66 96 80 74 68 90 83 70 90 62 93 95 88 64 64 93 66 70 62 85 77 98 79 71 86 91 84 66 93 71 85 72
5070.514865773585 1.0338136273503498
2923.937026403329 1.138464968034301
3634.470434834195 1.187543929877296
2937.139294514305 0.8255326797896895
4049.4149083840316 0.9671412676490703
3702.098691123581 0.8887649552284589
5298.496438462906 1.164163203531658
4928.132679324494 1.1802364224361708
3732.7918616554416 0.936172166023244
4370.893225932614 1.0728001780602834
4073.7515969587275 0.987897582754901
2014.1029928871217 1.1944664402370284
4718.0543695303195 1.0171847277903077
5192.071870031528 1.035998332558312
4376.878012765137 0.8005916074751158
2697.310667569305 0.87795845070395
4835.546966702398 1.1742967240340971
4727.944290021675 1.1898045212495738
3071.7685469126836 0.9878170873521775
4727.250373322902 0.8526117180918389
1642.5520508086452 1.0861100951478093
4669.464961002504 0.9675412194876933
3689.7665807539984 1.198140098358066
4028.6518965186997 0.9586898580226226
3706.275358945475 1.107102710742472
2713.2045464338553 1.16159938717208
4828.249635389604 1.046545999874273
3480.6375893968957 0.8433844962706529
2286.9913861413015 1.0818065972652509
4323.195176448322 1.006773141682514
1990.323696337313 1.0782858949252638
4217.984744175908 0.8592990748370771
4374.776549582564 0.9593664460172717
4543.806427637845 1.1628459904792505
4771.655436671555 1.0134866656320607
4567.584942856829 0.8799556288244603
3740.821038663801 1.0838707453533654
2692.4646594736723 1.1773321219180626
3608.07753154256 0.8489977605814211
2585.965896633289 0.8475450645934142
3958.591626502142 1.1856775376426674
4657.313756704511 0.9063540713466678
5845.777139448988 0.8467750526956761
3164.8005697501094 0.8972560864654241
5264.470082743894 0.8392846669741538
3465.396929877578 0.9330508763157483
4860.53109132658 1.0205382704716148
4214.24316667839 1.046008533736544
2641.84447750266 0.908885817042274
2171.4047927905726 0.8653662392830247
