3 50
0.8498726982618906 126.70007551983471 629 81 76 89 81 90 88 74 97 91 72 73 87 79 99 81 77 89 95 73 84 96 70 71 64 91 87 93 99 89 98 65 89 95 97 98 79 64 70 67 91 73 69 73 73 85 88 97 84 68 82
0.8144408129597912 154.3298323865647 786 101 130 127 127 104 131 104 119 104 125 118 125 110 135 101 117 135 116 118 128 135 123 107 128 134 134 110 138 104 106 116 118 118 128 122 120 113 130 123 120 138 119 131 107 117 133 114 106 135 127
0.8935374650751233 196.0187828519081 885 63 74 82 72 81 75 62 65 60 96 64 97 60 93 97 88 75 64 91 87 67 80 78 90 78 95 62 62 90 90 74 80 72 91 79 68 79 85 97 96 81 65 61 96 73 82 85 69 78 79
2692.0284641080398 0.8615957744230357
3064.332474468841 1.1772570475744486
3526.3879461171023 1.07033687976142
4096.35330900593 1.0090660685677444
3197.47199066145 1.1221325448863557
4356.730291572331 0.823577837135374
2055.890066683386 0.8606440051429998
3000.8540423573663 0.8257249135125244
3573.400960793365 1.1188424870115026
2813.282548958724 0.8385727137769334
2384.8604395355705 1.1645778404813156
5005.763340904845 0.9546693591998252
3375.2586682804576 1.0373718479418546
3639.9579897707163 1.117426949847043
2340.0882749510038 1.0452843262642675
3204.7677144061536 0.8812908902165308
2543.702912328076 1.0404955320970453
4507.195076724052 1.0310027994934583
3189.813676673822 1.1436488488852317
4552.512241737326 0.8880230658171228
3847.8814415300585 0.9951899710958898
3466.5667028624093 0.9913682287635921
2409.0005011994267 0.8151662898714543
3595.1698345625937 1.151069998947773
4770.2614698666575 1.0021623541483444
4833.493378204609 1.103877215053647
3266.3847513092583 0.858367249182293
5102.699639226852 0.9464745864910259
3427.767354611507 0.9744127542196342
4193.9291491974745 1.127812071125553
3574.7123971315045 0.840037355162993
4560.99516823209 0.8993513961268768
2878.642193381883 0.980457338954863
3018.626156891448 1.1302862324852632
1492.1428445249603 1.1312834786141615
3364.657289836521 0.9096468776510362
2822.894735245475 1.0522147993187796
2348.748787292765 1.1072032885727334
3054.879571853538 0.9435460112877986
2512.383911299947 0.9337442220012955
4534.332439365609 0.8688434960521985
3327.002943513823 1.1973273786458691
3750.1424102008873 1.0524589115234064
4211.735628535323 0.85067689883036
2234.6184407754545 1.138623344005201
3459.367656067787 0.8006145447671144
1516.598186784774 0.887201196100631
4225.230758164982 1.13104836477939
2908.128018179547 1.1460648399317113
1325.6320057486791 0.9215572824695064
