3 50
0.84050262454021 145.80790233455122 937 125 103 136 136 134 118 133 128 122 132 124 103 105 134 110 100 137 103 121 117 111 109 133 115 107 135 113 121 111 117 125 116 121 116 124 118 110 114 135 136 130 131 112 104 100 125 113 137 138 115
0.856622454443645 93.77109420637129 957 60 70 74 68 93 88 90 69 67 68 76 83 93 97 95 88 90 95 79 63 89 63 70 90 81 67 78 75 67 60 96 80 97 83 75 87 88 67 87 78 90 90 64 97 74 60 69 74 96 91
0.8078836034677684 117.86118687684997 989 75 71 86 97 96 69 79 77 67 70 67 94 82 68 72 83 63 78 69 75 77 97 69 80 92 99 78 86 80 97 80 94 90 61 91 83 87 66 65 75 96 67 65 84 88 71 81 60 79 73
3991.3429360359637 0.8461147882999368
4797.858897053184 1.1438028517517198
4853.429795285285 0.9790123109395582
2768.5799691290995 0.9154190947754098
4380.670895513528 1.0800802172381423
4961.496328828471 0.8116049500165768
2671.429048495598 0.926498133274637
3843.026283143377 0.807982904240616
5288.545612570532 0.9500991128752303
4904.0611172288955 1.0394776979170786
5058.642833026423 0.9970403833225743
4151.596995872724 0.9413067630456459
5472.09894197501 0.8109613760536875
3947.1914463230414 1.0436568780935862
2785.731292697924 1.1761045825773178
2687.4286253614614 0.9845072724306091
4722.456403102064 0.8017953081999787
3343.198948949638 0.9140389405221762
6278.340473658049 0.8283917348374423
2794.2226715839915 0.952197733301547
4844.432427043661 0.9909763570371486
4720.547022073557 1.1946183619620607
3862.2292423956187 1.0696083039235953
6190.56592811108 1.0969541147078
4800.798110595511 1.0670126473416235
2221.8137434921364 0.9862117142581254
3050.520680170071 1.192396662963276
4029.3232565602016 0.9637714294714664
3341.07598070169 1.0598739511487414
3127.48271709705 1.0989883077294658
3699.768495746943 1.0106893695725356
3613.6540427152117 1.0947084695908402
5195.472563839061 1.1809422414261013
5256.757773300307 0.9022016625033377
2969.0445171150845 1.1551795249587893
3460.45041764534 1.158748131683668
4103.087287263091 0.9247987073474413
3828.33337929108 1.069192462797575
4473.1182892395755 0.9861090925901033
4246.39396748985 0.9107015839869347
4741.690526664882 0.8219104521260044
4552.280232236555 1.0332076852318433
3676.0852147541764 1.0901891951896516
5219.135068369662 1.1158413794642836
3857.9363946626504 0.9531130767313992
5770.739786191143 1.1678030749552621
4881.3848581174425 1.0477953285631616
4396.293506259564 0.90978907916544
4535.038728265623 0.9721999246366982
2884.3058750715168 0.8561724615301487
