3 50
0.8877661680381508 133.8614165696807 519 143 161 176 169 160 152 156 158 173 167 169 141 154 159 153 171 177 165 172 143 149 166 165 154 163 159 142 159 162 157 170 170 169 175 172 144 169 166 161 151 165 157 166 168 158 150 171 153 154 167
0.835616605179675 132.09599971418316 607 92 84 66 97 81 70 64 76 86 63 94 69 66 63 79 84 76 75 77 99 79 68 60 79 95 66 82 61 72 67 81 88 92 84 61 89 92 97 94 87 79 79 85 99 87 87 78 80 94 98
0.817118687496048 178.83197619751382 689 70 90 65 70 89 81 86 82 94 60 92 81 90 69 60 82 76 67 73 83 71 77 97 64 71 87 84 93 71 89 99 70 77 84 79 85 99 82 65 98 80 90 84 62 87 97 95 87 88 81
4082.6885500337194 1.0600032239964625
4347.581881074741 1.0562555017134303
3219.6938284689813 0.8317474835932192
3967.6136328867856 1.1273822852300555
1586.6724830122416 1.0633455139545727
4332.420659134737 1.0275433265276301
5785.069198438546 0.8619847086360056
3538.723582855509 1.1471226806286003
4994.625306552765 0.8763174869147009
5254.766707247036 0.9008367705645683
4279.228435982851 0.825362133288978
3568.590582047198 0.9906338255478341
3848.8324802305074 1.0107642762053397
5251.0103991159895 0.9311595608125408
6367.754831679668 1.063302240053499
4866.8779280419085 0.8853131660126723
3688.1500811586993 0.8656176589044716
3956.740463913458 0.8602722171714502
6794.927566202317 0.9514253979951546
2615.3015607007715 1.1384985741302904
4777.553298167709 0.8259017059440749
6345.778080276505 0.9762026944215894
5139.461011700556 0.9425218826723794
2521.5874511689326 1.1472997450467617
4282.244989369565 0.8034184040837412
3404.7781363648346 1.064211356094321
3821.852887855436 0.947297007070589
4499.624127867184 0.8365060915989231
4372.496646114204 0.9853611371807589
3640.3919996642708 0.9419124380327487
2132.598949237431 0.9963144369147752
5263.458962804583 0.9623633859281416
6471.71842255579 0.8816869580464927
6256.033235514082 0.8968310367804536
4297.673129405598 0.830226165565754
4808.013951568072 0.9098282760339889
3968.7390273013525 0.8838745732554136
5065.05296621313 1.171066737819752
3188.4766710603035 0.9873672750416229
4239.150292912838 0.9649500012786367
6018.950554044523 0.8034475079757298
3574.1288415562467 1.1707425372181126
5774.631701112043 0.8195461897343621
4611.732422877683 1.1094456754914819
4529.115017416446 0.8048291833368342
5598.204908858094 1.0098234667698534
5300.170825984076 1.1891397836006437
6571.40648579849 1.1974840688251223
3987.8118896694714 1.1822295134059786
3302.143624978262 0.8938617154729216
