3 50
0.8705059372604147 143.2092297121734 720 164 143 157 149 161 161 163 146 141 172 148 162 146 159 153 147 151 152 159 175 176 149 152 145 146 171 174 171 165 147 149 176 149 178 153 158 140 142 168 147 170 141 144 152 147 146 170 148 169 179
0.8959571333728138 141.1651796082761 783 87 89 60 65 68 97 62 77 65 92 84 97 64 63 80 79 92 77 82 93 85 89 92 97 97 92 95 81 86 60 78 87 70 76 93 91 70 92 83 62 69 69 93 71 78 71 67 93 73 82
0.8343181936651216 122.49697755440229 996 74 99 76 69 77 78 82 63 78 92 81 77 96 64 89 70 69 89 77 73 78 75 67 88 86 73 87 71 90 82 76 76 93 94 73 90 68 89 61 93 95 87 83 79 79 89 73 67 81 99
5993.44665836105 1.1494150141021304
4751.7043031368585 1.076456657082544
5026.991379245041 1.0503954855651823
3013.320606214797 0.9937262918604651
3014.828673546541 0.8586358512737091
4648.191492128632 0.8068672115681276
4083.2027046180483 0.9976764803145324
4048.228149767402 0.8157284109935832
4403.118678161305 0.9335504497568125
3780.161389845054 0.8871995818717601
4037.6412397190243 1.0050599836441765
3410.125045727891 0.8291098527883083
4856.43828466215 0.8545264166134745
4993.347676620805 1.0552192187153395
4367.6009734721965 1.0378756486925358
3391.697087780488 1.0850176992002618
4832.159574747229 1.0520306606383145
6738.156545613572 0.8187477369590541
3525.4880563291595 0.8315686213653873
5439.6187838580945 1.1329119727472963
5710.981487018348 1.078316647559229
5668.437492060201 1.164625250339149
5982.623299683179 1.145675819646961
4462.684599065337 1.0962539079949518
3906.360950379705 1.1865609472451843
5068.65317353848 1.1321113693696405
5409.7566194578585 1.1466761272728725
2716.6523418912057 0.8777230304239378
5853.368736019559 1.1527794927910326
4625.424915718255 0.95000180846105
4630.4096161543175 1.1971397732527782
5072.760543737683 0.964485058032035
4622.58229010113 0.8283123475754778
4840.206892453592 1.1526547392681983
4765.7680794001535 0.9508699693081075
5156.886193949932 1.1894462996910324
3866.0202839391527 1.0403076849236121
5629.017219648937 0.957564119492822
5460.304280087186 1.1127182250301426
2691.6209065903377 1.1642685421363086
3715.185608792708 0.8856550433560345
2814.5029682608138 0.9214615569118453
4798.508440704944 0.9411317812744003
4302.7999043393775 0.9673928146854912
5007.485957457978 0.980266077582057
5322.977017772221 0.9006619674871799
4362.3107508406865 0.9065008934294602
5489.690062668522 0.8168691473440822
3674.281193652737 0.8884004085390428
4189.398470860905 0.8179505441999047
