3 50
0.8013685505358505 176.7458425588392 565 161 171 170 171 174 156 177 163 177 159 157 159 162 160 170 142 179 175 141 144 164 159 168 168 171 167 144 140 155 176 157 167 168 151 145 165 157 165 148 171 153 145 174 145 153 143 178 155 153 159
0.8007188779395377 162.0537432500381 787 63 92 94 79 80 79 77 70 61 71 97 95 96 97 68 82 65 86 99 87 87 90 80 88 76 90 78 66 68 62 80 70 82 90 74 97 70 89 94 64 80 75 65 87 97 90 70 77 85 65
0.8528721789298678 148.88746312461333 874 60 82 77 87 74 67 89 96 67 84 87 84 69 88 81 95 77 71 62 87 60 60 73 89 61 91 60 72 61 94 67 65 88 61 61 98 70 81 78 87 90 72 71 62 98 61 66 89 97 82
7252.067781860626 1.1528204388158119
3709.74547526059 1.0512349823392937
3689.850540531546 1.0808194169353609
5512.626372597699 1.1359598628752081
4713.878397954003 0.9681082276719628
6445.728277090437 0.8250972475689913
7966.168701278795 1.13447347316303
3358.360287477503 0.8524283456961936
3150.8162355101413 0.9513781502471594
5652.7329597104435 0.9691691666043294
3044.846977594224 0.9262200791023294
5260.685106661269 1.1455650298598423
6399.8358914154 0.8450251371504937
5992.030581476636 1.132748772987003
4645.151168086805 0.918078080712697
6261.095990055937 0.9152683236440858
6569.878217441842 0.9670321451437716
5198.730389245166 0.8367692012069636
5852.219635925831 1.0616781397585684
4483.325741230693 0.9992381321145142
6513.751448253225 0.8944877756380266
5403.041980396559 1.0881548153209197
4451.237019605158 1.1345284986132351
3421.380690199837 0.8438754831658895
3049.676190783988 1.1754432323526878
4549.810568290439 0.998611821300595
3393.507185649981 1.068278647808702
4788.884293485407 1.0443287436355986
3959.127689050588 1.1734809694892105
2436.5499122940464 1.1554427515591845
4895.751068886209 0.8158466043826567
3449.4633404263504 1.1796553326867942
6005.885707772255 1.101014161750863
5424.177318760299 1.1127251158834743
5044.604585197435 0.8639181275081967
5882.193095416837 0.9476322414878876
3733.1056013901257 1.1763879632879548
4011.5106295215533 1.1828557486093443
1807.6197357074325 0.8660567392613677
3624.7310134796544 1.106754392008308
4361.674111665416 1.0330007870846516
7140.966869454363 0.86058860669803
5540.628738811987 1.1523083385234565
2248.8342412570814 0.9106226753396053
3141.2799943804703 1.0696714451225755
3883.2198399093973 1.1018312389696299
3869.5337294847945 1.0587437532766641
5020.259356544411 1.0391792205004637
6989.871059293668 0.9703259574947897
5986.067035556132 0.9955149478631982
