3 50
0.8582638300575786 153.33686653199163 566 80 86 73 86 96 91 81 96 96 78 72 72 61 64 90 89 85 98 61 86 80 95 65 72 81 87 95 66 90 66 64 83 93 94 70 88 73 77 63 94 88 87 81 67 62 73 63 99 97 97
0.8469371919424565 120.70492503808335 746 83 70 70 98 90 88 94 83 65 64 61 93 93 68 91 69 60 94 99 84 93 95 68 77 64 64 79 73 84 78 63 74 64 73 94 72 74 73 74 71 94 81 95 94 64 65 95 90 89 81
0.8347828649932055 165.93445408066617 872 143 175 146 143 147 160 172 155 147 163 177 166 179 176 156 167 162 177 177 159 177 168 141 143 144 174 149 157 140 150 153 164 173 166 165 147 147 152 144 141 156 153 156 150 159 177 162 177 163 144
3007.0031841952327 1.1778835329841613
5534.868955319456 1.189513098914248
2148.694838614113 1.0705731756591337
3496.9791271968497 1.073179757805963
3196.323479447293 0.8937738822433015
2435.2659393500194 1.1364945912005175
3506.5407889973935 0.9575195308768105
2705.715328063318 0.8237014577720678
3553.9648084801597 1.105980532336058
3537.257019399225 1.0979737087613248
3560.5632756083355 1.0435763337799076
3659.8838557830927 0.9373943833611016
2580.9241793050205 0.8530135997869999
2858.2103722200527 1.1754302026292187
3220.6392170209124 0.9633757887262185
2815.73284773899 0.8369833722411796
2165.8483825437515 0.9600353167612643
2829.1777608212756 0.9977812296185864
4399.520729524347 1.0396486804839624
2475.7849263634344 1.1950121098374662
3086.006499007461 0.9942233820252808
3323.3276983329415 0.8586576975703131
5607.009612592914 0.9341729381402948
2550.4297743441757 1.0603598648182453
2118.586284006267 1.1167569688726848
4149.229482143983 0.8034423772179622
4115.182578859077 1.0979946030968741
2312.9527893425447 1.0973010664748777
5464.010691896848 0.9879270668382627
3144.3636164840723 0.9483364849825466
4383.763798033809 0.865464717059836
2747.95078515739 0.8773321322001959
3462.6670674642824 1.0610318155459977
4086.1059112236517 0.9866109878452227
2964.9000249746614 0.8396309665041682
3071.317016284622 1.037967615325314
4774.120707640245 1.192938252053025
1411.7249556724566 0.8696272601257299
3749.0878706352723 0.804257686567651
3083.836988341876 1.1159475939938979
2005.455633050167 1.0034087317747433
2862.5520815328637 1.1457383091740962
1482.2030238828468 1.0906854772921128
3547.8023261960907 0.8967475005901091
4053.8372584225826 0.9703539649029284
3909.0464370116506 1.0023965832168134
2653.3577261447426 0.9950045880789768
3158.009471764723 1.1439749340821834
3106.4803700509988 0.9525019989760419
2748.90139731891 0.9077024976913003
