3 50
0.832916189510203 130.32268271646873 568 88 68 72 64 62 89 65 97 94 88 62 64 96 78 71 73 84 94 73 62 86 79 92 71 85 61 96 72 65 76 99 62 72 69 91 87 97 92 63 94 78 61 91 60 80 83 91 99 60 92
0.8451645027679736 154.37617170263948 597 79 88 95 91 61 71 67 92 87 77 63 74 87 98 67 71 94 79 74 98 73 74 97 77 68 80 94 92 69 91 91 73 67 80 98 74 97 80 79 72 71 60 96 91 79 88 66 74 87 64
0.8634494744048189 145.5204507331715 788 158 172 176 178 157 165 150 177 174 166 144 168 168 158 178 167 169 142 143 158 165 143 177 152 143 150 153 173 178 160 162 172 144 167 172 148 171 155 158 148 163 170 176 143 141 173 152 157 154 171
1324.9027272514859 0.8836084663647019
3947.819870534355 1.0151138689549726
4489.222180351 0.9654316734519455
2950.622287841844 1.1403241677802816
2466.3025312569043 1.029922028195062
3595.5475191030027 1.1570156198205894
5047.778964623694 0.882930004397695
3227.719556582082 0.9790267544642957
3048.8131494598993 0.9266041690457301
4941.805279623171 0.8555656198059862
2804.613344929153 0.9124321328295754
4071.1903350012562 1.0690238328353783
4402.821218382891 1.0203544780946947
2844.3898656864253 0.9163018001763196
2933.127680486223 0.8244571968494084
2457.61095780274 0.968251646884202
3599.171421323032 1.1397546046774047
4506.700475495105 1.065040300331424
4113.614891194119 0.9115129621477968
2566.531890751947 0.9604621624232721
4321.633332913631 0.9438040687619078
4364.515982722399 0.9100344749400912
4635.861642985166 0.8801053416189201
3885.0847402591644 0.9454284147205012
3919.485938619038 1.0372949956894701
2737.1926579507226 0.871183236474619
4170.659875414906 0.9392905864373726
4668.885934796231 0.8826321009072021
3528.498929847823 1.1870958454395537
3740.6759884976386 0.8741225149273046
3217.5021494095818 0.815871957997428
2989.1753877348633 0.9423459244579335
3813.3257324031006 0.9653851755195899
2708.1949113671735 1.19765164253852
3550.128676276238 0.8511073341346151
3907.3061909078997 0.9447424013721837
5032.396747582885 0.8452824635308593
4298.946276899713 0.9369966830494552
2593.8160333865358 1.032095030598321
3671.077889654061 1.1318092617269693
4546.756120813593 0.8866040585184093
4186.52458849324 1.0124128769704517
2305.4548601774686 0.8316280291238971
3945.9136309134974 1.0060250573122023
3773.9126343568873 0.8470959049814232
2411.459339548439 0.9774092068895307
3101.576462207973 1.0516001709382206
3262.8112988097873 1.0389433247489954
2750.844169606724 0.9417052156236695
2267.1061263126826 0.9277690159637508
