3 50
0.8274494148701093 142.14588064787372 608 92 74 74 96 82 84 81 79 96 65 61 72 71 60 94 98 90 75 95 65 88 97 81 61 89 86 71 93 86 91 99 61 75 98 85 60 68 97 66 97 84 75 78 70 82 77 89 99 72 96
0.8873162058606621 151.69888923955176 723 69 84 80 73 81 96 68 80 74 75 60 67 87 92 89 86 87 71 68 89 76 87 60 87 96 70 67 96 61 68 90 93 63 60 63 96 60 99 98 83 63 75 75 82 71 65 62 62 73 75
0.877361709379645 135.63917171123057 923 173 163 172 165 157 158 155 145 142 154 147 179 149 150 146 146 158 156 167 177 167 177 141 165 179 161 148 143 149 162 144 166 148 166 163 154 174 176 140 173 172 164 160 166 176 160 172 157 166 164
3613.1540528466667 0.840825574501631
2810.61587673606 0.8552916100555493
3695.459423366115 0.9780124530949544
3319.9743321562787 1.1159512970550365
2677.1794357702825 1.0230317281674073
3531.54695291175 0.9668802095407065
3645.351016308512 1.1305301604170102
3791.9766862056117 1.0398524878103463
3374.9273928139282 1.0967873765150182
2691.434286907919 1.0728865989370666
3379.7550842015326 1.0783491635779205
5739.588411438279 0.9225834133600904
2954.6195064837257 0.8177314011593193
3359.155549831094 0.8381281014027665
1564.479135107888 1.0907485828664416
3341.58735936922 0.9615717604479299
3593.62814352806 0.9774559699569088
2641.5738547999217 0.8213417886653294
4123.266369976564 0.9328042921178392
3669.8267592337 1.039627224619953
1382.662252134388 0.8593048095231425
2844.6469040965612 1.1628530793985565
2991.0622467054673 0.8927087057977677
2993.213887437974 0.9900363273780382
4393.783807852802 1.1085031512475818
2124.4700845149623 0.8466619935943012
3507.293859921052 1.189783864388812
4120.132662460147 0.9035699461399725
3843.865016693616 0.9557184396354821
3796.5350419671404 0.9842660218046531
5009.658168921856 0.9164680027693716
3511.4450543538337 1.0709307261551952
4429.883132772877 0.9186888122608986
2912.8806674230914 0.9781870072519989
4281.6047266527075 0.9224428703072745
3256.3468077904035 0.8266619654142252
2824.6556530479465 1.0240173440907852
2285.4800117190152 0.8144948293235077
4224.489016201892 1.0570107916139957
4309.105831337798 0.9595708313687789
3526.685425118479 1.11606073348521
2126.4579345458833 1.140302104243625
3116.5794859172524 1.0694206892492217
3020.8759165019414 1.137891042153228
3947.901758780801 1.054915841275749
3233.54761233515 1.042650565052935
5299.559962897081 1.1349613748001302
2899.9226917159954 1.15428594476511
761.0504818794584 0.980823226470904
4207.626136992883 1.0120738042779494
