3 50
0.8576967585872926 125.7415540572218 615 153 141 157 140 166 142 143 153 156 167 174 146 178 142 170 151 153 150 169 163 172 179 172 163 156 172 166 172 140 162 179 160 166 161 177 162 143 148 154 158 163 148 162 164 172 162 164 146 165 142
0.8821355103131913 142.9103536257559 797 66 75 86 75 67 64 79 89 88 79 62 61 75 81 85 94 76 60 85 65 85 90 95 94 60 81 87 98 92 78 71 61 79 78 97 80 76 87 83 89 66 60 97 87 87 95 86 79 77 87
0.8830480921468014 123.15274047630132 871 93 88 82 73 81 64 88 94 80 78 96 89 84 93 73 71 79 86 66 96 78 90 65 82 96 95 63 61 60 79 61 98 69 95 96 74 76 66 69 97 65 93 89 60 79 75 93 90 75 78
5296.906956074225 1.112810210045582
3924.364929972263 1.0976982877721726
5504.41907245712 0.9901120874339229
4666.314994991347 0.9703968771975986
3929.125455132497 0.8678434142527078
5544.189223374246 0.892582907923713
5684.515506287861 0.9070497323690513
4478.208928636828 0.998898216257266
6533.146884079704 0.8079804314177552
5720.500056873873 0.9354284452208981
3099.002659296384 1.0467486153921348
5696.79183691057 1.0937354104130992
6588.730877106547 0.994476975156778
3013.6995394423902 1.10144756394498
2500.2492523209753 0.9044541803166168
3961.667349121058 1.079881479444008
6322.140075497812 0.8460314866754022
5399.726506741317 0.8781133462073889
3457.3885756295845 0.9254746364525457
3711.851310697442 1.1436094099065897
5351.061056092089 1.0587751101072422
2692.96409641219 1.102182766906244
5262.524467427954 1.1470408958757872
3015.4427851031933 1.0038877944934474
4094.60660058519 0.959074432830979
4045.058477139705 1.1691098107854805
2687.8519847176385 0.9279039761568818
5675.3510634949025 0.9765517356688025
4202.258114223295 0.8367995583597586
4946.402852574801 0.9186101976396153
3835.0090664355785 1.1562719541336688
5053.614871978335 0.979639421629241
4737.067708301109 0.9934116496371452
4833.509006942835 0.9293099156995582
4522.061301757566 1.1205079702347043
3806.320804138995 0.9957263360883091
3945.863307435879 1.0367076081897917
3642.949002475352 1.1900292519339257
3360.9294987133244 1.1333100511035017
2918.659221051603 1.0222840650590026
4007.610034107835 0.9741342432770254
3797.974867360327 0.8647167655159476
3768.985757746583 1.073967556642849
4715.773082107186 1.1050127218506278
6077.0748659697165 0.9478760572841619
5734.320055497084 1.1226085129933312
4068.4213291395445 0.8130278999929977
3617.0042140373334 1.1418883468665004
5239.613001030621 1.0163463630079428
5021.685787492093 1.0971236755979923
