3 50
0.8278133481926834 177.6858126685284 574 93 90 84 72 73 81 85 67 69 80 83 77 67 85 80 83 70 63 92 66 83 68 61 84 99 81 67 81 85 64 85 78 82 62 63 79 67 65 69 80 82 77 70 84 69 83 70 86 94 94
0.8841616481585814 146.16278718118375 748 72 85 83 93 96 61 90 62 85 68 86 76 63 94 88 88 87 60 86 61 88 97 95 78 90 75 70 60 89 97 68 91 73 85 95 79 75 62 63 83 92 92 85 98 94 75 76 76 96 95
0.8317115558387506 120.27677458801462 756 140 164 166 158 170 160 171 161 150 163 141 158 143 144 144 169 140 159 169 179 141 157 170 177 178 173 166 173 179 142 146 149 178 179 141 143 159 144 169 158 159 168 179 159 146 148 170 143 166 174
2609.8778562598345 1.1056145037710925
3110.0338572074706 1.0784826442782267
3524.018422451954 1.0854125383213882
2819.070891738522 1.0230002805877307
4564.665842538713 1.0431978654210026
3538.2008403953255 0.8405074727800758
5828.352669777692 0.9813191528958203
3357.4923510090694 0.9118712267847909
4131.246702485234 0.8365958191921186
5271.5897248992505 1.1477382615203884
4585.705721755439 0.9027380440342894
2262.5161427833245 1.061938225240114
1923.9434397553077 1.084793441354177
3509.352626544082 0.958676077260584
5016.371677274984 0.9646003517196048
1902.9209850603713 1.085901609649596
2865.082872397028 0.8994864353711086
2894.2154456145236 0.9612243221601957
2154.1234375722784 1.0869842700795975
2549.0463513852737 1.1905716082720375
3283.5826144550356 1.0659151544793997
3873.645922690556 1.1306291609475438
2737.2035142473997 0.8935518798624476
2913.061120273691 0.9603194855481162
3777.062414872262 0.8975168116515756
4102.219389358967 0.9003333593132103
3472.5074501835684 0.8797067317376248
3613.7720766026064 0.9352580677534984
2909.0997504902443 0.9849915487158292
4527.089688661063 0.8192791584034049
2857.9293914272207 0.8554600402366965
4126.936063326683 1.1600920775847074
3891.3014060403093 1.1738240617296958
2878.9386797306215 1.1273944643073237
2892.0438920426755 1.0270093852473752
2278.42625904336 0.9588474450812381
3358.479240255551 0.988845766968069
4471.275183293162 1.1628095155746232
4689.9813351729845 1.1716144226562852
4070.0578398693483 1.0707764082160993
3778.6584126603534 0.9221769465419272
4385.526332800523 0.8574025775963874
3296.843744451129 1.1619190338492305
3169.481109360206 1.1608369880248657
3510.7367303406027 0.8631035390274062
5340.53511852276 0.80398435395426
3749.1253101987086 0.8797415192852125
2662.754698728053 1.0953442552741068
3886.7266518205215 1.054764762370158
3557.762534202644 0.9764718751124084
