3 50
0.8632130547468277 172.16436069761482 663 87 65 71 65 88 94 77 72 73 63 90 79 83 89 62 98 61 81 93 86 70 77 87 72 83 90 89 91 81 61 88 71 73 83 77 75 89 62 80 84 89 81 65 75 66 92 60 67 81 91
0.8798311673176584 162.46403432667014 709 70 85 91 92 97 77 87 77 69 82 94 89 90 85 91 89 97 78 91 66 95 83 60 96 85 74 67 90 81 71 69 70 63 65 90 74 75 87 70 89 97 94 85 85 75 74 64 61 88 74
0.8198360754833979 141.5086653984115 914 172 168 165 161 152 153 170 142 152 172 150 162 175 173 162 141 157 161 153 153 145 160 173 154 145 148 166 152 142 158 141 141 174 145 168 162 179 162 176 141 157 155 146 168 154 159 165 166 163 151
4866.634523509249 0.9849494937682711
2974.7059219339844 1.1751568357991902
2977.82413021268 0.9684852785392347
2463.5368098808135 0.9440090910320729
4933.23339084799 0.9068197981140713
2970.298188841608 1.1131542296252015
3009.0327896742006 0.960424017906593
2993.9092842443733 0.8351930217711632
4853.0110230124255 1.0536490426393135
3366.027012195368 1.1434669359687815
2536.2578722123853 1.1196611957497384
4297.550149720794 0.9561703810561006
2790.121319124437 1.146839920649042
2455.664005551448 1.0232253406779588
3519.174664806211 0.9686540250819111
2020.9473213259453 0.8689543409355879
2526.2178424427357 1.0204821451172148
2576.0832068711047 0.8551074184443379
3210.719165890741 0.8384497330445011
2584.106575392326 0.912933378970156
3719.3862055505283 1.089065445685301
3263.4537955431156 0.8241129341820306
3538.1587073876267 0.9389376621509984
3592.01997887403 0.8875975092706692
4352.254840272648 0.8911290773779408
4338.946126502353 1.1294311287872818
4679.400263576007 0.8132656445013905
3506.3392607172573 1.041785701052443
3833.1261746578552 1.1860013604832116
4278.92880521849 1.1684192268730105
2567.3623024785447 1.0268793818011277
3791.7756406312533 1.164402546826489
3245.417625103915 1.0783079482327405
4259.717771403992 0.972559526996541
3385.4832530528283 0.9129762158545487
3767.1379997601207 1.0972939524838765
3051.138702085466 0.8402237060745625
3526.777399647009 0.9285537014490701
3837.936965112833 0.8756892606648796
3901.3735353471175 1.0454832090547022
4988.761481465668 0.8035501015276502
3245.8430684000605 1.1846633939833642
3823.090522803585 1.1442289004439619
4151.045175761726 1.0015403583203357
3304.505655261755 1.1376342890946798
3561.8957243127925 0.9991412881588028
3628.671012621369 1.0374803070185008
3932.6765102632808 1.1218780575143503
3436.878321908477 0.9946973259260489
3435.7366385978958 1.004320778582182
