3 50
0.8985843493964492 159.26408317450017 680 82 94 72 80 61 83 69 83 85 85 99 67 86 60 65 68 75 93 88 97 60 92 81 81 80 69 68 65 75 95 83 62 87 77 97 67 70 82 91 63 75 88 65 75 76 77 92 74 93 64
0.8520834429846393 133.78272468821316 971 66 64 85 69 65 87 75 75 88 94 63 86 63 77 78 62 77 78 85 94 79 63 88 71 83 67 60 77 98 97 94 62 96 90 81 90 93 87 64 88 87 69 75 98 63 84 86 93 73 84
0.8014091141586264 172.64704969128354 996 168 174 149 146 151 164 164 140 145 168 141 143 165 146 172 173 175 149 158 152 151 153 159 176 166 157 174 159 155 168 156 154 141 145 141 140 157 164 141 157 155 168 167 165 177 152 151 164 176 173
4254.45383579158 0.939595267497772
3033.6174793028586 1.0489688431652149
3334.9609973415677 0.8449133632056374
4442.40886150959 0.8313796815561365
3107.925009272627 1.1733641948012825
2315.864660748275 0.837049092712406
3517.647742102938 0.8682812268970623
4293.274838829522 0.9075945162536786
4550.80711562841 1.1120484669792337
2519.5368120627186 1.1049443587743075
3397.190567230612 0.9796879699115064
3740.2723117937503 1.0884288396102344
3612.989517402835 0.978480111898037
3990.987670424034 1.0364488091117512
4892.636209304807 0.8637224042206587
3612.622037100989 0.8591834155033129
2517.187502444409 0.9184544465771537
4571.759866434074 0.9275376231404369
3073.9390852055317 1.1409978035563748
2604.8079225439583 1.0305402341054255
5641.454377239482 0.8947869573707744
4034.2275789478954 1.1351233490833301
3013.9298568275717 0.8423740697778758
4631.591896358666 0.8896799402760701
3783.6908079377736 1.058552973378466
2360.9346434630124 0.8227353476738384
4482.036780652742 0.9978749365423434
4728.874924230668 0.8783004101700828
1816.5117727176748 1.1965464108541073
3926.436586385041 1.0700941384151594
4102.9672724818965 1.0396252033018047
3270.5538071621036 0.8156868651654423
2949.622541114325 0.8799963904682498
2985.763101598457 1.1040363456969975
3200.8188280363593 1.083958162115397
4794.124802977092 1.1790161498008747
3790.4476122367373 0.9168494618918193
1911.854580457928 0.890266266150052
5324.631521861576 1.117866505223284
3813.695574564659 1.054421818808972
2913.3938790724724 0.9030122284602161
4500.444098915706 1.1209182131168431
2814.004706382618 1.1815983382506867
3397.0578204553613 0.9178956572766269
3773.0297692565305 1.1348918289553487
4523.346907892149 1.1537111413417431
4205.725974861729 1.1189246595586066
3489.6989236314275 0.9879777839579633
3716.8833478394663 1.1862259567687983
2688.6373769258466 0.8396948495898511
