3 50
0.8635284272049238 159.7272128424552 592 155 171 176 175 152 160 167 162 160 151 175 170 153 157 171 145 167 161 178 150 148 177 140 160 158 142 179 164 141 172 177 156 162 162 175 166 142 179 147 178 161 146 149 177 167 168 148 177 151 161
0.8452157215657031 141.3305132154829 828 76 95 60 94 71 98 87 81 94 91 62 92 73 75 79 98 93 68 89 61 68 99 75 69 74 90 97 67 94 81 86 95 99 74 64 81 98 66 79 79 86 76 62 73 92 60 68 83 92 70
0.8545268577927898 138.87265987253693 977 61 83 81 63 71 87 96 85 60 96 84 68 97 61 64 80 99 63 91 98 63 96 64 87 88 65 77 97 86 73 86 88 72 96 91 63 61 63 96 89 68 60 85 67 78 61 94 70 63 68
4131.130068396194 1.125492518349184
4162.450696073284 0.9770717710526169
3542.7151895308953 1.0207136979864637
5298.389710721528 1.0674435465812597
5281.966105501533 0.8848318329493761
3134.06411076991 0.9989635159149737
6984.393340828507 1.0554172713804129
5503.495271975965 0.9438005207963034
6205.22136119817 1.1815700602302466
5182.632550064063 0.9315303752932087
6050.005751018671 0.8449104098470255
3433.8802250969475 1.0729975309197362
6742.33938440993 0.966097393485914
5651.256442613798 1.0100933715133436
3558.7962944896567 1.0971776522770993
4708.2034068244475 0.8716535905778853
4837.405596087074 1.109187112937648
3643.6931342607922 0.9283242807346963
6479.081560867185 1.151495483927597
4191.678739183635 0.9468401029954161
3857.1417580266334 1.0530987779191976
3932.554932101032 0.9235541595120732
7157.413606010579 0.971621318854196
4133.170317861617 1.0120658875711805
6114.492785345702 0.8084221819746329
4186.340456735167 1.0066489578252946
5168.695552305351 0.9658505806151854
5621.776881049113 1.1679922461104448
4967.53569424458 1.1098412798410209
3452.6071308612636 0.9159113041573881
6024.678722011364 0.9840364566060296
4320.945336380658 1.0398429190812037
4130.739971779902 0.8908377342797484
7031.289720586447 1.0395335418452563
7110.467405119406 1.1114923776675898
4866.487712183961 0.9662132637796266
4692.909229419049 1.129735131060189
5026.9262420523755 0.9336135975692067
4081.237244066348 1.1235161706066727
2300.075208983117 1.057731278663772
7114.553581651569 0.8165925158097854
4905.864302587425 1.0106862463296646
4397.827476252705 0.9572656834584504
4791.0872021584455 1.1846310783301983
5540.007167804893 0.9117849458014301
4993.3394441441615 0.987134113413535
5867.215955780075 0.9951800878493131
5974.9457357315405 1.0932186774336243
2979.934423411709 1.0034029076382067
5354.2139974076845 0.8101106870924581
