3 50
0.8080658665129322 156.39868999790198 586 64 72 72 86 92 74 68 83 85 60 67 98 88 62 73 83 63 99 81 93 84 97 77 67 62 85 74 67 68 86 67 81 83 96 99 98 78 63 60 92 80 87 64 95 68 84 80 73 85 92
0.8753455334901747 122.44240260348789 677 75 96 70 61 60 89 81 93 84 88 60 70 63 67 62 73 68 91 67 72 77 62 93 91 79 64 90 87 61 63 66 75 68 78 69 72 73 63 78 91 94 82 66 71 94 76 61 89 72 64
0.8079935025883443 146.785454085715 993 177 142 160 164 177 153 153 165 176 157 166 160 151 152 140 160 155 166 169 166 178 161 171 147 141 169 152 176 178 178 166 160 173 178 148 166 155 153 162 158 140 163 161 157 172 164 158 167 154 153
3982.0948795387694 0.8235862536828522
3170.941647438399 1.1170461450936051
2867.8042663702768 1.1027992082655556
2342.1225595788637 1.0519597619288472
3603.904660701607 0.8449408314166368
2104.659483559304 1.1302541596064968
4865.8083669178595 0.9421561332206618
4051.3473428947545 1.1479929157739501
2591.963153497404 1.086671240167867
4807.442222612837 0.981237417116364
3014.132508314107 1.1302209041940594
2729.761138160676 0.9355951367510827
3404.03872612671 1.1693706099562753
4219.447652137433 1.1929520584217475
2634.8754039009164 0.9603314093100016
3109.705829605319 1.1188764050254487
2532.2281847671525 1.1506787602100006
2848.3574142110965 0.905598256274602
4671.8785353755065 0.8339708467629535
4348.927212046277 0.8965855424730707
2864.3279689389483 1.1286358681323385
3409.7716516022547 0.8665543227058412
3921.0960984176827 1.1008566243472997
2687.3627975860472 0.8201201611945694
4790.735314195549 0.8736721585741295
3679.9349972766804 0.940998943427539
2628.4121870961985 1.118594327258068
3705.5851603268657 0.958977817038281
3777.3999976986097 0.860829025322665
3162.1013287759865 0.961604667153987
3168.5298524447385 1.037909264706001
3650.882586353777 0.9157385086727284
4264.576659936192 0.9114742379996773
4329.196288965369 1.1838123700658776
2889.4073410946953 0.8294708787099022
3934.301662803486 1.1045448997563858
4218.205742561298 1.0400922515716138
3119.9224146418546 0.9287231080858984
2256.6148009728254 0.9768190463713465
2823.3547811825383 0.9002517606829186
3381.021317205896 1.0092295819990325
3728.022601660248 0.8163132614525043
1846.8393343183977 0.9328920967283137
3773.021527667121 1.171369986946277
3314.7170689915733 0.9534584767938851
4381.782841962492 0.8417455999098666
4327.116790192673 1.1602654040455593
3950.0822445478757 0.8115183179874318
3437.349684990939 0.8073069166433335
2483.975784576647 1.0484961304524276
