3 50
0.8247382294324067 175.00826407842223 575 92 78 77 80 86 60 63 72 79 79 65 92 83 89 98 60 77 90 93 63 61 95 67 72 62 82 65 89 96 66 63 73 97 62 61 80 80 89 75 88 99 75 84 78 92 77 88 79 73 64
0.8637600314746516 168.43560772183395 776 152 169 140 148 162 178 153 157 159 176 162 140 166 155 175 158 153 173 147 141 158 177 167 173 177 170 172 171 148 143 148 171 150 149 155 146 164 153 161 158 161 175 158 163 152 155 150 155 163 143
0.8417322215771875 134.35066734755895 836 73 75 82 80 88 97 70 67 91 93 92 99 84 76 82 67 73 77 81 77 63 66 62 98 84 96 64 79 92 68 63 77 81 62 65 87 92 80 84 95 64 69 75 79 82 99 98 93 83 97
1631.7843628696223 0.8562073747734198
4428.530445395497 1.1807513089992838
3815.7474805046645 1.1487855894952137
5302.227890321117 1.1470103585714795
4064.9814260912963 1.0228632439853662
4831.849526722549 0.8280242948094148
4756.017810102137 0.8692658963129315
3112.3009950877395 1.12845406254819
2819.492300873823 1.095671835998222
3563.068482149182 0.9736378676810288
2489.5085508351735 0.8043218417096507
4774.9742136510295 0.9847950774957007
3620.312895255983 1.038441156869581
4304.537811174477 1.1704636112377405
2789.428905957313 1.1994068811100072
3334.878720956886 0.8511360724164975
4927.602500594217 0.8166528013743558
3422.362522430662 0.804258910629345
4438.2147471645 1.0190443127695328
3763.688909955873 1.088090122879979
3091.825776435017 0.966759729171554
3371.7194261225372 0.8095789015527686
5634.789910529919 0.8206267854061648
3496.3511939280197 0.8824949028253641
3537.778317517717 1.054892546161222
2305.9362516309684 1.107952598614359
3066.144632789641 1.1742560925356147
5610.649125452985 1.041352328904254
4140.887604124326 0.9314523073936756
5155.061563798001 0.8938083680215764
3752.8815076734695 1.0327921645159817
3401.5902422236486 0.897618971908468
4885.6000654713425 0.982106486384551
2424.6987736661767 1.1585219944488365
6722.780272468406 1.0002642771738852
4944.971184854625 0.8497302470191831
2209.008303526224 1.1398258482484822
4247.1021218968845 1.0510720918325993
5561.5506662882435 1.138903843007075
3943.129409629088 1.1523088894591584
3583.541763965488 0.8619602688642687
3675.4124606438745 0.886503586746104
3906.7889283864083 1.18833493113826
1029.3977268289386 0.949201915309737
4580.639896768112 1.0652620416119731
2706.9496067788905 1.1717209404117583
3553.893727370445 0.9486131408075784
3258.142080859443 1.1796919380820223
4205.874464246337 1.0979839785319945
5201.937684273587 0.8920804548736908
