3 10
0.8891501884376403 125.6773074472362 850 124 122 104 110 125 131 130 126 119 107
0.7856309782223755 164.02843875813264 858 65 91 77 65 94 98 64 70 93 61
0.8493267427948383 125.7879919541471 920 71 69 90 96 69 83 94 76 76 91
1830.329488206552 0.9848131199101411
1380.0273699529534 0.9709851479609295
1432.0233155158842 1.0352102035588977
1535.5935399508057 1.1450761192785026
1901.2278348238253 0.9531855575849255
1570.7598631243334 0.9172937355320514
1634.6558358103973 0.8926580339137723
1852.200629140784 0.9396131671534402
2083.8556171160726 0.930494895878779
1456.043301050032 0.9931265229309384
