3 10
0.8314902295101204 147.79427788025973 693 126 122 105 135 109 120 100 130 109 118
0.8088517115056091 130.33135614700385 929 63 82 61 89 98 64 81 80 68 94
0.8281702537530118 147.33734577343512 940 80 90 99 60 90 69 62 94 61 95
965.0882379003667 0.9887451212523143
1221.538793431977 1.1309125018321384
1554.275646527798 1.003599976938046
1398.2827051830477 1.1557528236645531
1484.7990761985757 0.9469661227098007
1498.5112048363321 1.090538171925536
1507.0460652679083 1.13438901238346
2008.9780517981053 0.8385491205523662
1152.411586892334 1.0773542622565133
928.7358990423676 1.0498442910500336
