3 10
0.845602197539344 175.90715946225419 574 84 94 81 88 86 63 76 71 69 78
0.7999383243247545 121.45981151425859 641 102 123 116 116 117 132 117 112 100 108
0.8212672734017455 164.99443654292273 863 81 77 83 69 96 76 90 71 96 62
792.0084326709042 1.1130444557358414
1201.673735476508 1.175275653954894
1222.4648599931168 1.1106096658741476
1063.6679266843173 0.853087520233646
737.9202190407383 1.0095542204111163
961.4797935070276 1.090759882648645
1617.6344186898834 1.0249880198028762
1143.8391166968922 0.8519367768998573
1241.7722376608538 0.9962719027534249
1461.0227547449983 1.1621497106878163
