3 10
0.8828483660550424 130.69479763349824 740 134 113 122 136 113 108 129 114 120 103
0.7650488009560005 156.70121245605867 887 80 79 62 90 89 74 87 61 88 76
0.8123407835790526 172.05363279026727 917 84 87 60 87 66 74 99 74 92 81
1353.7767884943196 1.082081397964036
1706.0836379795026 1.0859574271437866
1471.2058543681555 0.8584785181683381
1219.2893342591215 1.0600741272506873
1383.752094316965 0.9842572842581676
1305.1959125273283 0.9390072716730281
1553.3063881136768 0.9000431361943814
1278.432140309476 0.9749791070186968
1380.8932313635225 0.9716474055063614
1126.4005482524638 1.1844355427754156
