3 10
0.7710593236694475 172.3944287921718 787 138 129 135 100 124 106 106 135 110 113
0.9012508234997456 165.19088999944807 807 85 75 67 79 86 97 83 82 88 70
0.9134604546971072 133.79925050801 941 80 82 65 85 61 85 66 94 94 60
1837.0539239964598 0.8898731726553918
1527.1811040245689 0.8456472412032578
1406.4874428064466 1.1869514817310791
1587.5408066536918 0.8021793401763971
1112.4679049393533 1.192188336566836
1882.3075317580901 0.9949470563201747
1163.9432261944528 1.0777289514644064
2050.0319212210006 1.0430739899430186
1679.6871935352115 1.1851145900847584
1449.1004420850386 0.8355793894139303
