6 15
0.8061460070505361 150.0 526 131 121 126 119 128 107 128 139 138 105 106 110 105 135 123
0.8723781214000296 150.0 620 117 104 133 104 102 124 109 114 113 117 118 100 109 124 128
0.8225402335233833 150.0 796 66 93 61 94 69 60 92 71 71 75 89 94 88 79 92
0.8706610630734044 150.0 895 71 88 84 94 67 86 62 65 90 95 74 75 61 63 72
0.8407975747693445 150.0 962 103 129 110 129 111 115 104 139 116 129 138 110 106 134 115
0.8805530011361745 150.0 975 79 92 71 86 86 63 73 90 75 68 77 71 99 89 82
1572.0030628870993 0.8951314658809825
1740.6023701431761 0.9306537154615413
1581.757404892342 0.9682153939809853
2146.892465253973 1.1442204476309175
2102.702785212878 0.9501026256264199
2310.4370237984663 1.0359327597175283
2018.0480798374313 0.9845416626770652
2688.5670990399094 1.0862901713544988
2334.61256893078 0.8584790253300915
1736.8290718379149 0.9569748599991524
2405.199597776616 0.9293942504047604
1845.741797578894 0.8652829611685804
1936.3033038232234 0.9669420752218447
1335.3271436894127 1.0625395489633338
1941.4609282513782 0.9048207271498455
