6 15
0.884229387989687 150.0 515 70 77 81 89 96 73 89 90 94 88 86 99 92 62 83
0.8098870132318766 150.0 566 104 127 126 122 115 121 108 106 115 133 139 114 115 132 108
0.8698770621860252 150.0 646 114 129 138 107 101 101 122 114 106 102 111 116 118 105 120
0.8179584697007597 150.0 724 107 105 106 118 130 117 109 135 119 135 111 123 131 129 131
0.8033412904901823 150.0 775 90 95 68 84 95 71 70 72 71 96 68 69 92 94 68
0.8994680363713701 150.0 839 72 79 76 65 60 75 99 81 82 94 67 74 99 71 89
1450.2496067950206 1.1100736525984671
1552.1680003205402 0.9144540447000159
2294.1772941830127 0.891974694562319
1133.9255544401472 1.1489184650437165
964.0823839049071 1.1798313230804869
2838.5446999984033 0.8523289073255664
1900.3738462496033 0.9539712505932183
2336.7193790395095 0.8149767726762255
1186.5535375110005 0.87600640791762
2371.4350208323826 0.9858511169645437
1452.1130951452506 0.9606724732500249
996.1261734918227 0.8787676604796026
2054.4802255524564 1.090054169310299
748.5751561756913 0.8181291916645014
2106.5319211585984 1.171865297946776
