6 15
0.8032323311850138 150.0 581 96 93 68 63 94 99 90 61 82 82 76 85 63 77 94
0.892765394139379 150.0 637 108 104 122 124 117 127 102 131 103 130 108 115 138 138 105
0.8266701370911604 150.0 681 87 67 92 71 85 92 94 62 80 65 60 85 62 97 97
0.8085766087514967 150.0 757 128 113 115 108 124 110 126 131 104 107 133 122 113 128 126
0.8727600443174105 150.0 788 67 76 77 69 75 84 88 95 82 75 68 61 76 82 70
0.8238982513739926 150.0 873 133 137 104 105 108 121 122 105 100 106 123 135 126 135 125
1204.3463040050085 0.9571110301337175
1895.7799076911006 0.8405999264634927
2034.379999312835 0.904446905053834
1476.690662706652 0.9517584206874812
2283.814145314124 1.110149822839156
1900.0458259498666 0.8254571463648889
1775.1430609789047 1.173858204184221
1957.9892824499962 0.8708477018125969
2237.874079399095 0.8684083227481851
2030.524216426801 1.1761927524493307
1475.4265575941206 1.0285762021044444
1511.369806444677 0.8447094188831318
1563.8439809060515 0.9617513544008562
2300.2684655767052 0.9210660072282696
746.3898961366004 1.1934908859901783
