6 15
0.8520591221577134 150.0 673 129 112 103 110 121 130 103 105 110 135 124 132 126 122 114
0.8281684738487889 150.0 704 104 115 138 102 132 133 129 121 135 116 106 100 130 134 116
0.805066212290725 150.0 711 91 70 73 78 60 80 92 65 72 72 95 98 86 74 64
0.8817679136264551 150.0 722 73 88 81 67 87 94 99 65 94 69 72 69 65 91 79
0.8161081003502969 150.0 727 104 133 114 136 119 113 135 110 103 138 118 117 121 136 136
0.8780676741980489 150.0 784 85 65 81 81 90 91 86 99 86 60 73 75 87 73 98
1573.7772717692872 0.9702501968461585
2351.6280872934844 1.0605318043499108
1848.4182322186919 0.8786768691295914
1860.1470630476326 1.0008789599304042
905.091083150905 1.138181446668315
1435.1424774887082 0.9912040262992159
1109.936511351614 0.8721674606867401
2877.71371810612 1.0561663318346275
2416.1548100217087 0.8999056871988387
2763.6580095937466 0.876902676327584
2619.0271694067765 0.9727914238094753
2011.6151754574225 0.8382224385016479
2115.517880719337 1.0459825658240687
1815.5659072457815 0.9516379962462568
1609.4553440343032 0.9408270510527548
