6 15
0.8461713027072004 150.0 578 126 114 101 112 114 120 107 102 118 124 103 122 110 111 136
0.8794309387331288 150.0 604 89 82 97 62 90 81 91 70 89 83 87 68 68 60 74
0.8524163821541111 150.0 817 71 88 68 69 77 64 69 62 62 63 80 94 76 71 80
0.8105928419811081 150.0 849 123 128 112 108 139 105 114 125 132 119 109 106 131 111 118
0.8333226934881566 150.0 873 86 97 91 89 86 66 94 69 73 68 60 89 88 63 83
0.8420691502674574 150.0 977 102 121 122 128 133 113 120 137 119 126 121 123 103 138 111
2070.28518137557 1.0554345523079167
986.8099464878056 0.8707897946154104
2112.886382302395 1.1499860086789047
2262.2038873394076 0.8177278825710673
1349.4892182030362 0.8081133074412232
2283.527417625407 1.0266272951544644
2424.1464285154652 0.9764300908009265
1172.1620647466348 1.0027991235661229
1876.4948404132458 1.0245567786281444
1087.7420686442524 1.1572009766316822
2109.100126116078 0.9303323610434753
2256.258306560552 0.9159344704479423
1078.1179642209158 1.0098093925060714
1493.1628315858823 1.1825250815057076
1927.9712041012378 1.014696886580841
