6 15
0.8757010067571449 150.0 550 85 95 73 98 78 78 67 73 68 62 79 84 76 95 91
0.861462228700267 150.0 589 126 122 101 107 117 130 121 137 109 109 122 110 118 115 106
0.898385617525712 150.0 595 69 99 86 66 64 78 90 76 75 89 90 71 98 83 72
0.8628451181312146 150.0 724 72 90 75 98 90 85 95 96 82 60 67 67 63 64 68
0.8277597469727414 150.0 889 125 107 115 119 127 137 114 133 137 122 108 127 134 131 121
0.8111135503787553 150.0 982 134 115 114 118 110 132 112 139 111 133 114 106 123 133 106
1495.6650464531458 1.0567884890616308
2328.4010741125217 1.0687900149890874
2197.8970894636404 1.0848048996377133
1192.593792769236 1.0761131360702954
1682.3831057931297 0.9560977349939925
1630.2782567547597 1.1441197714503528
2242.339551163201 1.185510046522504
1508.5809961450586 0.9874187326657504
1537.2930615408052 1.118482363137034
1894.1249127456308 1.1151418175626628
1961.759781227675 1.0213368497303539
1701.4663506980128 1.0361163543071874
1145.5839450581316 0.9820009665766717
1556.3272454940636 0.9647269684487578
1683.3416370728012 1.1224363005393547
