6 15
0.8841918331512497 150.0 529 102 128 134 121 121 130 104 128 133 119 129 126 125 138 125
0.8610895534879387 150.0 538 121 104 111 126 127 128 104 100 113 109 138 114 102 120 121
0.8967966888429602 150.0 699 98 97 81 66 94 67 64 61 66 61 71 62 98 91 67
0.8432272364812421 150.0 796 63 87 68 98 79 95 99 82 86 64 90 96 73 74 91
0.8975852401023723 150.0 800 135 130 115 133 130 106 102 133 133 109 110 115 132 125 127
0.83319147907374 150.0 836 76 95 64 79 91 74 67 91 97 84 84 81 80 61 67
2360.254503072326 0.9855142740170159
1226.0313031002543 0.8726786606403337
1475.5864542304362 0.8993888403820054
1999.7037516284129 0.9830601268156142
1375.312353628171 1.015100352029565
1402.0814592893405 0.9388742086804819
1034.7971123550874 0.8380039438216522
1536.8729554115396 0.831675441399317
1874.6361456793377 1.0774711161721773
1438.2031804281091 1.070329425903231
941.1470434622978 0.8583579516262567
1980.1423592002225 0.8801562183538743
2353.771271887861 0.9253728853404903
1586.1275129814403 0.9590455425389572
1887.9526525690326 1.186679155107059
