6 15
0.8929387802700188 150.0 595 107 119 135 129 125 110 113 134 121 138 101 113 131 102 116
0.8688616674576848 150.0 673 120 106 134 133 117 124 116 115 113 131 121 135 113 100 129
0.8788927424603309 150.0 782 65 62 63 96 81 90 95 76 69 61 94 75 91 92 77
0.8247585415840247 150.0 786 97 83 74 80 80 78 65 97 76 81 86 79 90 92 91
0.8425888850104285 150.0 885 106 121 122 129 138 130 112 112 110 128 108 114 133 110 136
0.8333348588250765 150.0 979 61 76 76 92 73 92 84 65 82 94 79 96 64 60 99
1846.5578528188992 1.1669714490948833
1913.657566239125 0.8165006343196979
1135.039460114056 0.8622447607547066
2055.6727115357457 1.1391464064652392
1375.6901826460607 0.8202444121894675
1566.1519192977853 1.1743709250503729
1668.260286642427 1.0079771426979847
1740.5076588323684 1.050025961611407
2228.747015711382 1.0696828673814611
1551.3464396631382 1.1991726416825232
2552.521870403335 0.9134356491138863
1854.098573939317 0.9429374057252203
1358.243914013671 0.9913244368814741
1512.126880760494 0.9344160778835688
1786.5288817202013 1.0240295744369128
