6 15
0.8172620610094821 150.0 524 82 93 68 94 67 80 60 88 61 92 61 81 87 93 97
0.8874507503422848 150.0 531 114 122 136 120 134 127 120 127 107 137 115 117 130 110 115
0.897159372682645 150.0 645 114 106 131 112 114 109 116 108 107 136 115 114 116 116 130
0.8852647210880671 150.0 669 69 85 62 60 72 94 72 65 65 60 78 81 87 83 87
0.8300622679408707 150.0 699 136 118 126 130 130 121 106 117 101 110 127 108 135 112 138
0.8713550079207033 150.0 938 95 66 93 81 91 75 64 97 69 69 97 63 80 65 89
1860.1383120710116 1.1583936249082605
1308.2820708612462 1.1696269835819773
1528.615999501917 0.9180308711466083
1766.7695925809228 1.0373528149087596
1143.7080436385427 0.9871642886959703
1607.6606473646332 0.8342353766844095
2781.094689588597 1.06554211096881
1497.4676659163163 0.8072670451946337
1028.2508512477907 1.177519869412781
1619.6423665157058 0.943632922599152
1957.7789588629184 0.9076784536514766
1807.0717027183496 1.1067866172455165
1903.4727407526816 0.977385719142396
1669.5412244296872 1.1019227599433392
1123.3878837692853 1.0266404907359312
