6 100
0.8439488593054233 152.47769786472588 590 102 119 131 122 127 134 129 124 128 121 128 122 100 108 101 135 137 106 105 112 133 116 137 133 108 111 115 114 119 109 103 124 111 115 125 138 112 137 132 129 114 117 103 119 133 113 125 123 104 115 118 114 138 133 113 101 121 106 100 108 139 104 131 125 132 101 138 100 101 127 136 129 103 115 133 126 124 112 117 128 125 105 119 127 127 122 125 133 128 118 133 133 106 102 139 115 100 132 129 119
0.8070369659769878 184.22007565062557 651 71 97 64 74 89 86 67 67 84 99 88 82 83 97 74 77 69 95 98 94 75 82 66 96 94 75 78 96 93 95 98 83 97 78 91 92 87 69 96 91 86 90 98 84 80 98 68 95 88 60 69 85 76 99 64 60 87 79 82 91 87 97 80 89 62 76 88 98 67 86 67 85 74 67 63 75 60 82 79 65 91 95 92 73 88 83 67 84 81 97 89 83 64 64 91 88 64 75 66 80
0.8424626462266466 104.26622970511661 790 135 129 128 117 112 112 137 105 124 137 114 113 119 104 116 128 104 115 100 134 139 107 118 131 107 107 134 111 103 139 130 127 108 106 129 121 137 124 123 124 108 109 100 139 137 133 128 106 126 108 100 114 108 116 115 118 137 130 111 139 120 133 132 135 114 124 125 131 118 137 133 119 139 130 100 101 103 101 122 120 135 105 103 115 120 103 107 122 134 122 138 106 102 121 100 110 104 114 101 131
0.8880661150661371 101.68076915045098 890 72 94 89 71 86 85 78 87 86 73 75 64 90 71 65 76 99 62 95 75 85 92 94 77 73 99 75 68 85 91 62 63 65 67 73 92 66 60 63 73 96 87 61 75 82 80 75 97 65 98 93 95 87 80 98 97 71 71 76 78 69 99 63 99 89 64 94 90 96 60 82 96 62 95 83 95 62 89 90 62 99 70 70 73 95 66 65 94 65 80 93 81 73 87 74 96 60 94 60 66
0.8213510207521274 181.91540002511033 896 75 78 93 61 95 67 94 60 63 67 70 95 90 68 82 88 89 86 67 87 75 78 61 85 86 98 92 77 70 74 65 93 61 65 98 69 90 91 78 76 85 76 94 79 80 69 64 99 86 99 89 69 66 92 62 69 65 75 74 93 83 79 89 67 69 86 87 95 92 66 70 99 84 97 64 70 87 71 92 76 82 95 89 67 91 82 63 98 69 95 75 79 97 72 77 76 74 79 61 77
0.8964010198091036 166.84705854396884 900 106 139 114 128 112 133 108 138 120 118 102 134 124 115 132 132 111 129 109 104 106 100 103 121 101 119 129 119 100 132 127 110 100 101 139 100 105 125 114 115 127 132 105 135 106 115 129 125 128 136 108 126 101 131 128 138 134 107 126 126 125 137 128 110 138 121 106 121 106 129 124 102 129 115 114 102 133 129 126 115 120 126 127 116 109 133 120 131 130 130 114 131 121 122 101 107 108 134 106 122
7283.558448947916 1.130647669196276
5110.448525510195 0.9663587561163208
5238.818889653685 0.9825228185487952
4772.182702575464 0.9392792546459651
7156.460467854315 1.0460731619617119
5508.115119057785 0.8577526072303755
4654.8719894555625 1.11785671742527
6512.546791205559 1.0254534109799127
5600.147578023553 1.0320748809638014
7211.573000207213 0.8708334147280047
6130.036105681469 0.9429356266233218
8127.236136326042 0.8870238641855707
6100.175538805289 1.1909606071497527
8538.316518376858 0.8569960975598903
4616.57075189827 1.1521433013565443
8907.204190758926 1.186898339725293
7020.803004935744 0.9672922810692135
5706.35815056836 0.8657372687537664
6360.233043040843 0.9816041532524235
6584.458654249565 1.0377612579883595
8110.034538205902 0.908727778558989
7109.48632081135 0.8767406944264208
9145.776633350053 0.8045272654781118
9268.287900133837 1.107938509193895
5641.205950737118 0.8934992185031914
8357.394782689777 1.1286957087587688
4440.526726056071 0.8708457111410057
10391.275863415574 1.0927201737019747
3707.335699539504 1.0222668549051557
6465.038971473795 1.0949425260803
4207.701177862485 1.1222067605819859
7915.163143814321 0.9420506470332016
5496.686947415353 0.99741265582935
2621.823686599695 0.883941092900233
8158.300235777469 0.8225827035768348
10189.982056072144 1.0795318804510314
9320.272043012174 0.8982632836929066
9415.080721194503 0.9258476903756886
7968.24395791934 0.906946915673348
6285.1131707425475 1.044807988688767
9609.435110927654 1.1942975920498713
5297.1432893517385 1.0668241478845875
4879.857129017426 0.8199370475468074
8425.31121275 0.8067408730438893
6658.403114637729 0.8515170690516464
7031.223145054302 0.9458496832353815
8218.922072955615 0.9933995367998525
5418.662263416734 1.006525246065788
6083.4676558074725 0.9317917863971308
8467.940122552727 0.9322407282580156
7871.341681794509 0.9266946371621585
7880.9724614337765 1.0020404521242603
4242.438231630611 0.8941993041730654
7473.563444898788 0.8746166187148585
4328.100041950139 0.8514020400147926
7415.1371543366395 1.0780637584608865
5909.652124476561 1.083726105012064
5793.578398962105 0.8746160262388472
6765.429318416827 0.9750020620853959
9123.933267173254 1.1473401273899684
5498.9862601014265 1.101720282878166
7664.193696037344 0.9409889771172792
4977.9404997243055 1.1619539982253269
8300.829278607462 1.0684602738104583
7812.152820497785 1.1767448019043103
4454.524644288177 0.9412739136735654
6764.127766926297 0.9873885128301314
9643.552259411928 1.1456059748594791
5396.331517438471 0.8210405475531042
6508.933941437912 0.836655875333863
8139.84989765286 1.1312846995111652
5904.601687983237 0.9691660420974727
6827.824846511112 1.1225993720801257
6016.923724946134 1.1992104709131668
7295.862566891618 1.0371376717614709
7115.2463855564765 0.8039175608003499
5400.142391460834 0.9207030628262695
5811.047023602976 1.1634858860130837
8867.6991245479 1.185616594288542
4152.2962810426725 1.0913706228490834
6390.196332996046 1.1010953664768353
4414.587013296126 0.8429545404365489
7346.163147130727 0.8787744319906147
6778.479200399772 1.1249967446918152
8177.91366810948 0.9783078605691539
6549.578692993619 0.9792957436306677
5848.482156491403 0.8659814402839318
6149.91771609924 0.9972755029638801
6856.499858570826 1.0564706581163517
8487.31895086952 1.016765299488249
7493.765412459442 1.1081895741780712
8298.857218588579 0.9171893228830663
8120.195012827823 1.197219541975452
7771.221625384109 1.1549603641666812
8084.464306691107 1.0224064297730007
8784.721538105572 0.9004126134126982
5969.473960618564 1.1644399624705146
9072.57378226529 0.912684001848678
5514.419781605615 0.9783566198648457
8768.965191308242 0.8638476964557087
