6 100
0.8814401464570556 121.38267485004863 588 106 111 118 101 117 112 127 131 120 134 109 124 120 117 132 135 123 120 127 126 135 121 120 133 117 118 104 110 134 122 112 111 130 127 115 115 137 103 133 133 115 112 122 122 106 129 123 124 101 113 116 110 134 125 137 125 126 133 124 126 129 115 108 122 137 123 128 119 124 136 138 120 107 126 114 135 111 128 116 104 115 105 118 105 116 126 130 102 123 105 115 131 119 100 135 108 119 112 136 111
0.8807600865311611 121.90304477936989 602 75 90 60 74 87 79 65 92 92 86 98 98 86 73 94 90 80 93 80 98 77 84 71 64 96 82 77 76 86 91 73 71 60 82 89 91 67 97 84 83 84 73 62 84 91 68 62 75 80 61 80 79 95 90 96 68 82 60 61 82 85 91 82 81 66 66 78 64 66 82 87 98 83 82 87 86 66 71 86 86 64 65 65 75 79 71 90 81 87 64 99 68 71 71 75 78 92 93 97 74
0.8172016666507387 184.78865139881776 713 68 97 79 69 66 71 80 69 62 75 75 84 79 87 88 67 84 88 86 94 74 82 77 99 93 86 94 73 68 90 91 80 79 94 69 85 99 65 99 62 91 60 61 90 81 97 99 76 80 92 73 68 81 94 81 84 73 93 91 71 75 80 83 79 60 65 60 86 65 77 76 73 71 87 84 87 94 75 66 84 87 64 90 77 60 76 71 76 77 82 74 97 94 66 67 69 68 71 82 82
0.8838637308255638 181.7597559277218 750 116 136 104 133 127 118 120 136 135 115 137 130 123 135 117 113 120 132 110 123 109 112 138 120 129 115 102 108 100 130 111 101 124 110 102 104 106 110 129 123 121 130 134 100 116 119 137 132 127 104 138 112 130 115 124 111 117 103 111 120 101 103 110 133 104 129 105 119 118 121 135 120 138 113 139 106 108 124 102 102 136 102 109 123 131 107 136 110 138 132 137 102 110 134 114 115 123 114 112 139
0.8407474009749251 169.56239802295704 789 77 96 65 82 78 67 90 84 97 67 98 92 80 63 95 96 96 76 69 89 75 65 75 87 98 85 69 82 90 81 78 72 75 63 68 69 87 73 87 84 83 71 74 69 89 96 74 78 80 72 72 87 98 90 83 77 63 60 86 90 84 99 71 73 83 98 79 63 83 63 86 70 63 63 82 73 95 79 66 89 72 65 89 70 62 75 64 83 65 64 62 89 99 69 68 93 76 60 93 96
0.8243886739021384 179.51870171984407 998 137 108 133 108 112 107 120 136 104 117 130 129 134 108 104 107 115 119 136 105 112 118 137 138 123 101 133 107 127 135 129 120 126 106 125 109 137 133 129 120 126 137 138 127 134 124 123 122 138 117 138 106 117 125 120 115 130 121 107 108 109 117 139 114 126 130 139 114 124 121 124 123 131 121 120 115 109 133 133 131 106 101 104 130 121 121 121 121 134 116 128 125 131 139 112 121 128 124 129 139
7647.149967031897 1.1373570389644414
7145.076926165617 1.1745523868234025
5339.595426035852 0.8936441798640304
7398.446309811791 0.9117407925470074
7356.13004350845 0.8310121814403144
7124.369984591005 1.1482825244826524
8159.975650225316 0.8823084276876415
8423.682350472513 1.1977285310679484
6768.108599162602 1.0177517671035927
5363.2260466471225 0.9378000757172426
4977.519379832694 0.8225475783344667
9242.1124290238 0.8099445337870887
8949.493892915169 0.8746702559760096
5784.720902469329 1.1891671530679964
3895.0130689930593 0.8311752052983388
8213.66494643044 0.8066795347595498
9050.706392689728 0.8318309279627762
7686.17039083596 1.0531180031755243
7460.101473295603 0.9061927711745129
7625.602107583817 1.1989652988245596
8082.403568043812 1.1429742664220819
7637.847038604069 1.0721687043615051
5879.861904797931 0.9776111105718381
5420.440198011225 1.1922651325889697
4688.184259401379 0.8571660085577957
5754.798739042857 0.9657392839212154
7208.036774882428 0.8305821535579878
9928.734229727674 0.9010731045613424
4342.741841027371 1.0974784472498564
6559.922060830507 0.9643740821984546
9122.515793561071 0.8465125225997758
5756.006644326476 1.1486691709602492
5062.184215450021 0.8559949743024426
5500.893107405148 1.1120695299522616
6812.973950793017 0.9250582130665771
4975.124213663145 1.150084306565946
6620.869003241127 0.8117861676773
6910.038706176813 1.0310046246348465
4131.016163604003 0.9277878790254598
5794.380399979459 1.0788906658158615
4425.323484524534 0.8993054429542948
6474.623461200367 0.925823227207569
7812.388244821246 0.8096239650730381
4286.342899408398 1.1703161880160942
7873.208572129867 0.9158400573898776
5382.220191693991 0.9050818485679222
7140.0850991291845 1.1647078693408477
4588.992979960338 1.175274463696377
5826.196513510303 1.155082166577363
3434.555412210562 0.8290888135848465
5386.224758118432 1.165916628392325
5827.730633582167 1.1329732689757939
4800.968539236747 0.9702502503963628
8643.35377475716 0.8116796159529036
6659.656217696592 1.0732033223116406
8040.778087441168 1.175862600547246
5816.900170730482 0.9797019984371664
5161.726403699593 1.163051603023526
7993.485881978952 0.8946476984315446
8368.613836841962 0.8966496153465712
5420.8994295492885 1.131606461190316
6635.109396621637 1.024596857842107
9548.359155162127 0.8612391086920309
6484.814701186473 1.1844930683296373
6432.434206614902 0.9326880400359856
7261.278125604404 0.8458676931200906
5127.498046273793 1.1393377293187754
9452.185346829297 1.029125101685367
5346.14878593513 0.8848900155709444
5305.180634122487 0.8603538763566213
6805.122247055262 1.0925233872710773
6038.055886018822 0.8864384316584983
7624.164062993305 1.0935832038618924
3389.2314185186315 1.0562655039840336
7540.737671598548 1.0449936653627316
7913.5947360791215 1.0888882340873964
6552.88489687744 0.8448588061120318
8043.185731269552 1.1219122506891104
7396.47764071204 1.0780703236713272
5806.203022716823 1.1257005247697427
5099.008290625874 1.1075347251638363
8343.450646679335 1.0903401189788533
6116.930758574366 0.8081457014403606
8683.609832255157 0.9945111460234924
3917.715219508314 1.1969482192696015
6511.8949622954615 1.1773547141974103
3831.947216184184 1.0516080755498336
8875.313801966877 0.9457674342388103
6757.434804777907 0.8074127067008375
6924.358018199702 1.0263189391119527
7688.104277073414 0.984103205356847
8091.059497193233 0.8239220221113517
4693.748539795095 0.9363858710536452
4901.759246114899 0.8514518451851298
8286.659018729484 1.170900687245457
5146.003184371208 1.0816531736774175
6617.165998052703 1.1068643460694167
5833.1557185886895 1.1432214198593675
7227.108919162897 0.852653216800223
5846.890310409144 0.9272905344002648
