6 100
0.8000069403985431 95.19867928423784 604 120 105 130 102 106 130 136 135 112 107 137 103 102 124 116 110 119 101 105 108 111 103 122 115 131 113 118 125 121 108 120 133 135 123 130 139 134 120 125 124 133 136 107 131 108 105 113 119 117 138 114 100 130 103 135 115 132 102 114 101 122 100 119 118 126 104 137 132 136 123 101 103 106 102 132 131 119 130 131 128 138 101 108 104 129 113 129 139 132 101 133 120 123 104 114 134 111 120 138 107
0.8568532552310594 151.1105917668488 659 92 94 83 88 90 75 87 79 63 80 73 62 66 73 69 86 84 96 81 97 92 71 95 80 71 70 85 99 89 77 65 76 95 78 90 66 67 74 76 62 68 96 69 96 80 67 92 96 96 71 78 83 92 75 77 69 91 85 93 82 69 79 60 72 60 65 61 83 66 82 83 90 65 68 89 61 80 61 73 91 99 62 95 84 84 73 64 69 62 89 98 62 94 96 88 82 91 70 89 65
0.8423861757370474 101.82395223644694 663 121 114 130 130 112 104 120 135 107 112 132 121 114 139 109 130 121 119 110 128 110 138 100 130 130 129 125 135 113 111 100 106 110 132 138 109 137 113 114 117 132 135 125 133 119 104 100 105 104 120 105 137 135 113 112 119 119 103 118 103 102 111 117 131 108 120 106 109 110 105 103 112 135 139 104 131 107 101 105 114 133 105 126 128 122 110 122 129 132 110 127 134 139 110 127 123 108 111 139 105
0.801772282392269 135.25074601666074 748 68 79 93 73 79 85 61 87 67 87 81 95 77 80 81 73 85 89 96 88 94 88 80 63 68 94 62 99 90 96 91 83 93 89 96 72 77 80 93 98 86 64 87 97 81 80 61 75 81 91 92 62 80 96 82 84 73 83 79 67 73 73 93 80 70 89 76 65 83 83 99 70 72 61 93 75 88 67 67 99 72 92 75 99 86 79 82 87 85 80 71 77 86 98 99 79 72 73 80 98
0.8892796642082964 112.55292686196245 798 69 81 76 96 74 92 92 67 82 72 93 78 89 72 68 72 74 91 76 83 64 65 77 68 83 99 83 91 65 91 98 86 88 96 62 88 87 65 68 67 66 91 75 81 78 64 75 66 89 99 85 92 83 92 89 60 83 92 60 92 62 81 94 65 84 69 68 74 79 96 70 75 70 87 73 69 73 75 73 75 81 93 97 61 95 94 92 71 78 99 87 90 82 96 62 76 68 61 71 91
0.816414403973893 122.17288742368694 916 116 109 117 133 113 113 137 129 129 128 103 122 134 136 129 113 127 136 119 110 132 109 111 122 104 127 121 101 118 132 127 111 113 119 120 120 111 122 133 123 111 101 113 136 115 139 105 134 107 135 136 123 122 104 108 134 126 136 104 107 117 138 129 131 125 137 105 112 133 115 114 115 102 105 134 120 139 122 106 134 133 102 128 125 113 136 125 137 114 110 125 117 122 139 127 109 110 104 111 128
6003.3853987995135 1.0460223553447914
6423.537343786805 1.0140100053729426
4143.149927335537 1.0295413998211944
6848.611016044451 1.0400009805420753
7615.870834582911 1.0436800609404042
8882.229603586917 0.9183775817733736
7233.10453816964 0.9389061265175086
6962.783186749159 1.1759523068827593
6239.144195541215 0.9967168028481591
4510.791232638108 0.877321205919922
10519.072568586975 1.1954716173334614
9512.817440284158 1.1951829199878619
5415.538863075462 1.1632951424548348
4935.2505287088115 0.9783903338216364
10821.208121749793 0.9623310176161257
6153.022971491787 1.0158351320151844
8827.774659350136 1.1581418643937154
6697.04746971449 0.8210136226178666
7459.575704564198 1.1938431704332562
9571.466438331347 0.8597963099134565
7614.718655776618 0.968746685148514
8907.350533599603 0.9217106259984262
5730.386938469295 0.9951823393830719
7413.647566643646 0.92003582960968
11270.127875181443 0.9405424043649206
4528.4715132796555 0.9692557428245174
6662.426562345061 1.1520926646144989
7657.0427517808885 0.9710757714448606
7575.524200342754 0.9090239963270906
4360.105516130376 1.1830403200696338
5500.821811193181 1.1259344847027437
7513.72048953258 0.9746188335206867
4746.819835026257 1.0209293885778725
6150.453004139021 1.0461455076318789
9181.906630097626 0.8283954094048689
9433.486634153589 1.1445148994024026
5869.170551055565 1.029354411381668
9946.51471181262 1.1685758296827378
6852.982326671988 0.9187330875936021
5164.493431987252 0.9471589213678816
5570.22934433247 0.9578433849072087
4278.735271275469 0.9489965470101012
5187.568404082456 0.926599060117879
3632.87782396916 1.1215104497394055
7387.967220131368 1.0145757585736264
6407.4402620260025 0.836451749252191
7099.120653006161 0.8151805353816642
2756.4558342513697 1.034006079444355
5406.161912967459 1.070989618201747
6912.673143829991 0.9622898563477165
6229.215090226365 1.0391903332090255
9934.613270939195 0.917096327414461
4819.2601029869165 1.025518384969544
5879.895404037223 1.198347940724512
5928.133518663203 1.0872091035679654
9713.364015019673 1.0237133190180363
9717.198632026983 0.9269477789992848
7765.546566162442 1.183774098423483
4015.248168288471 1.0005137888664557
5958.918824603142 0.9076378926240972
8200.710216208094 1.101223261412415
7616.030511371987 1.0581921191725276
6272.007737195982 1.1982956135433778
7457.2292595410945 1.105428266245253
4542.776492198276 1.0686536703119722
9935.208062925338 1.1070796481897611
9185.086901601524 0.9559699275145471
8091.411344035797 1.1305086617277438
7881.256881823609 1.1749396899918014
8957.390002897666 0.9765143840338629
8539.016094177356 1.1336420954203557
6844.537823434494 0.9167411346437954
6683.319498233875 1.1732946683718533
9788.253001483472 0.8618440514325951
7888.584607876434 0.8467834237358269
8083.38583092774 0.8567688919046553
6599.171400951784 1.1292386357930746
7177.576096273289 1.021385333378027
4846.883469351611 0.8366664216530136
7700.514555856235 1.007551945234421
4915.989050825908 0.9820537710825112
6292.5244873496995 0.874176103679938
7501.604668319508 1.0710192963977394
10566.179479369892 0.8490040477270935
7229.11450844041 0.8105132944741379
4900.1855434245135 0.8365148093649734
9870.989547807676 1.102954457250107
8750.001699535971 1.136273599933898
7522.578198576376 1.1639871805040922
5885.813982607337 1.0046665099593528
10979.76742552176 1.1490717247445885
3693.725833445577 1.091151966648244
5290.203203706836 1.0871809868539957
6536.681612128692 1.0735334183276946
5356.041772282772 1.1365633841326106
5673.567119185991 0.8714388123324908
6032.751421573533 1.1342785999928695
7969.610094059642 1.006717839373411
10283.31159146408 1.1860664310450633
6250.253007795641 1.055009692958376
