6 100
0.8241842655416562 201.00284665677793 566 119 101 138 110 132 102 123 126 106 126 121 102 100 119 109 126 105 125 115 121 121 139 136 107 117 112 112 120 113 105 104 128 123 110 100 103 115 124 113 102 135 131 124 130 116 105 106 102 134 134 108 107 101 120 107 128 111 116 109 115 120 133 128 128 131 115 110 114 103 102 119 137 119 122 105 118 100 113 106 111 120 103 104 107 112 123 121 130 103 102 125 109 107 119 117 116 133 135 104 139
0.8416701101720289 150.17956656720824 599 83 88 74 63 70 79 74 89 61 77 85 94 73 64 77 71 81 63 75 83 92 68 61 77 95 92 60 60 83 69 68 60 65 62 83 86 75 91 98 78 63 94 80 73 97 69 74 84 66 96 90 62 77 74 92 95 97 93 78 70 62 97 74 76 93 74 71 95 78 64 92 87 79 71 69 65 77 76 72 86 76 60 61 84 76 85 61 67 91 84 80 88 73 78 82 80 65 91 88 98
0.8299356036054524 128.8030323033009 624 97 71 93 94 78 75 88 64 94 87 93 64 63 84 62 69 83 89 82 78 66 78 84 90 94 71 65 95 63 70 74 92 80 87 65 85 79 85 98 84 81 62 82 78 60 88 66 75 78 80 80 81 93 71 85 65 61 84 71 91 76 79 73 86 72 87 93 96 97 99 83 96 77 62 63 84 98 79 94 80 76 75 79 67 70 89 74 82 65 61 81 72 87 63 71 91 63 72 69 88
0.8488684870976803 142.16373057928658 747 114 138 127 123 125 131 131 103 110 117 125 124 129 127 130 101 105 119 119 116 130 112 108 116 117 137 119 137 104 112 113 100 118 125 100 123 116 115 109 105 134 107 104 119 128 113 120 106 128 134 113 103 122 118 118 115 104 128 116 100 107 127 113 105 105 112 128 135 113 107 106 102 132 124 102 136 105 135 129 101 105 121 113 129 129 130 111 105 117 139 121 117 110 110 120 114 124 132 129 112
0.8382381824503584 205.90533259305812 758 101 120 115 123 114 124 106 136 122 127 136 119 126 120 137 115 128 114 129 119 127 130 138 125 124 130 115 127 139 120 124 129 134 112 139 131 108 129 122 100 104 114 100 112 120 110 100 124 110 136 129 119 139 109 118 111 110 131 107 103 132 120 131 120 125 101 135 102 124 137 100 116 114 125 138 102 102 106 139 130 100 102 111 137 120 101 134 138 114 109 117 139 121 133 135 106 101 115 111 134
0.841995277820268 130.3636046287158 809 78 81 97 76 97 82 66 82 66 72 98 80 92 91 60 78 65 62 88 62 93 89 91 76 89 82 82 99 77 81 99 86 75 77 76 97 84 98 90 91 62 82 64 90 64 78 60 70 88 70 82 68 87 74 69 96 73 90 69 72 92 66 75 87 74 76 71 93 68 93 88 77 70 90 69 66 60 73 69 90 72 80 97 67 70 72 91 72 99 84 63 70 94 78 81 81 63 67 64 63
3773.361811988173 1.0344376520700422
7023.399349182104 1.0831333339060008
8426.955812665015 0.8043744398918583
9144.737323561889 0.8445961840803335
6643.051548663139 1.0078795014714816
7547.89074177039 0.9374645218047726
6136.473027894455 1.143262309810144
7625.095021795396 1.0033469759642104
10337.707912632832 0.8255423498562814
6009.693116700691 1.190251737679208
6482.9083882132045 0.8585384522590442
5341.914925191956 1.1642927866185566
7140.8137645479155 1.1220555405526897
5813.842716389516 1.131423590419503
7924.646745830653 0.8425248291752547
5536.017527256001 0.9140228409496206
6135.827560978067 1.045482898196563
6374.620911788194 0.8016161479007095
7159.65877430922 0.9413327535460096
6789.526678019398 0.8572920935245288
6229.665075727351 1.04696607171083
4034.7664795626397 0.879137178195362
4870.315719250072 0.965483887508887
5454.280535238143 0.814465983156482
6509.50107287482 0.9831940927154587
6021.406305530255 1.140687062238041
4889.610308375632 1.1807230988656712
5354.674051682152 1.1435941711530249
6042.614581802843 0.9120885833683604
9619.907411727549 1.153117698455512
7365.243917334642 0.8612362226638429
7656.345884890526 0.8538771197027062
5271.696976238048 1.0987896915891253
6342.257456246609 0.8748037943916215
6800.875738582669 0.8061687449896842
7186.821193825888 1.1382636741950827
8526.747873314542 1.0380848241554363
8589.39162829463 0.9020463851721658
5503.563251894939 0.8950197185074708
6315.084988120197 0.8296892546199466
5127.441411316122 1.0060214261239266
4833.394121910074 0.9770366373481603
7774.224131566646 0.9424070066910722
5300.508440922478 1.1584912526738738
4936.405225608923 0.9005017354929704
6184.510312508322 1.0242839696282362
6390.401394037999 1.01476112065296
3228.1226873517985 1.0191825192145798
7933.624852277514 1.0488438968708695
7467.759768749496 0.87623290256496
7475.541464245796 1.1953621747157865
9105.83583345227 1.1811027747498204
4260.987999569334 1.066376835332591
8462.953099036415 1.0244959494933437
5701.499704688869 0.9312390402436862
8714.086898432042 0.8971444830065398
9309.745258662973 1.1663716584387849
4752.266708636312 1.1769442271470445
6250.695733568402 0.8314517518221773
5937.784821125977 0.8825278172005335
6382.276693274303 1.0412063897338903
7696.587886344224 0.9693466252345961
9338.689285944223 1.0075699612212012
3254.5967054923763 1.0715714403240217
7310.982809902732 1.0109548494833804
8219.154131522298 0.8160485148920072
7346.425453499945 0.8239334729509692
6060.35418083566 1.1768790117417736
6412.774394148722 1.0887325148766744
4844.186307206708 1.1170187169656702
6609.08694905478 1.1876926194806985
8167.479927240179 1.1839039013894312
3458.4122681302715 0.9455104343453109
6054.874643157282 1.1613265910688442
9150.0430579958 1.1714628392136057
7552.2847657034 1.187234979995902
7227.454901136331 0.9442382763823259
5608.829509880388 0.9116366224935302
6418.668019372712 1.1787001188317663
6876.133761286898 0.8072461738606663
6111.6781159771 0.8646995874276087
9271.311299781804 1.0419183959092757
5444.77182749036 1.0615296878086968
9206.897896614804 1.0555681763800386
7264.088506947662 1.027103750561279
7452.356836466189 0.9593856107130081
7837.024321278845 1.06518293268326
7461.220016260809 0.9731774371106925
8854.72751115605 0.8340594065906665
9041.850596039818 1.0953726865040039
6487.883728295198 1.0669641275364496
7565.405478993401 1.0121113491558957
6734.616907805578 0.8859268175345935
8389.648273168212 1.1366029666022925
6008.663186421953 0.991328972895255
7290.888766864493 0.894838007826573
6602.26456435028 0.9770319759716826
6911.743679284098 0.8042949080454943
8103.534495684058 1.1218593611913716
6305.241811235263 0.835772174884361
