6 100
0.8086517670631503 202.17873793552374 632 81 97 60 78 60 63 94 61 70 78 87 99 70 72 67 74 98 84 69 83 64 85 71 85 90 71 90 99 70 92 69 94 87 91 65 81 85 91 88 75 66 69 71 94 66 97 77 62 88 91 84 62 93 81 95 73 90 84 73 75 97 79 60 75 86 88 89 79 77 64 70 81 60 98 84 71 95 72 81 65 81 65 92 70 90 91 64 64 95 80 86 84 85 90 87 96 84 73 67 73
0.890078122260878 185.92786233731715 643 83 84 89 60 85 65 76 75 60 81 64 80 66 64 70 67 71 78 68 88 71 86 69 73 92 70 68 96 62 90 67 98 95 70 85 70 75 73 73 80 62 91 96 73 74 77 97 93 77 61 91 85 73 68 99 86 72 73 80 62 95 74 77 99 88 84 86 79 86 78 96 62 76 72 80 97 72 79 76 84 67 89 62 70 67 63 68 66 92 80 69 89 64 95 72 90 78 77 95 78
0.8320373606059033 150.48373547085887 677 136 123 109 107 101 101 139 135 114 118 125 124 104 118 120 108 128 126 108 121 108 111 133 107 121 129 110 118 104 105 106 134 106 133 104 108 138 108 127 112 131 133 134 108 102 134 124 103 126 128 134 101 118 111 114 128 118 132 128 100 112 124 116 137 106 102 123 133 129 110 121 120 101 110 114 100 111 129 105 115 107 103 106 119 133 106 117 128 109 114 120 111 127 126 126 133 115 110 101 112
0.8737534495522947 191.3238594771434 695 66 76 68 81 62 67 82 69 61 79 94 78 92 83 67 84 79 71 80 96 70 64 84 73 95 73 73 81 98 91 93 67 78 88 84 74 92 83 61 90 67 90 61 68 68 63 67 90 74 71 97 90 87 75 98 94 70 96 85 96 66 87 61 63 84 81 92 70 84 87 69 90 76 76 73 98 88 84 96 77 69 74 96 67 97 98 71 97 77 72 69 85 91 97 91 72 92 85 64 90
0.8645129183937821 184.18505931388762 743 137 136 114 139 119 104 124 108 123 133 100 128 138 119 104 138 134 114 117 102 109 108 133 136 113 136 136 123 106 100 120 101 133 117 126 136 100 100 136 124 135 109 128 138 110 100 134 135 123 116 117 126 111 108 112 116 109 100 123 116 130 129 118 130 101 103 120 132 138 116 118 139 126 130 117 129 119 106 106 122 127 117 136 115 117 109 138 138 138 128 111 110 133 129 120 139 114 118 134 127
0.8421255496022713 116.94973258129977 886 138 135 132 107 135 108 103 121 122 133 123 138 112 116 106 127 136 104 113 120 132 116 100 116 114 102 130 111 138 113 130 119 124 139 116 103 121 127 134 117 124 133 105 123 104 110 126 126 108 104 107 100 102 130 108 110 107 139 127 112 113 107 122 124 134 101 103 130 112 118 126 118 130 130 111 122 113 117 108 114 127 110 113 105 105 128 130 121 118 120 129 111 135 122 101 134 113 139 131 130
6283.859629165535 1.1549173542734914
5204.811091718733 0.8891196253780043
5520.503573018448 0.8114293440629001
3427.6263478304586 0.8029826246328216
5734.9671763406195 0.99515855842969
6426.949064543515 0.9965927967440231
5615.414264082553 1.1131218282522726
10094.69807762199 1.008547779107437
4041.488954501787 1.1047707068000145
5571.809545975828 0.9459011556719442
5059.562798780749 1.0369284106355634
7133.402815110794 1.1246574803457423
6640.518740516378 1.0641802669417884
5297.288263082288 0.8130185250422699
6775.903539144786 1.0663527219642193
5934.275850748004 0.8423461112180287
7041.098085686146 0.9506218802902382
6719.841427750537 1.013643682184354
6711.05598634664 1.0584700713126758
4693.467621186119 1.0607206151337827
8010.9740403195065 0.8062491455807992
7395.391623328875 1.1688031812387858
6370.580490056425 0.8304364426898925
5898.0417252455745 1.1202394625714491
5711.772508932336 1.1242086557560462
4726.803991731123 0.9862114388238047
7201.306291201942 0.971960107707081
7006.450566071476 1.016983228049323
8516.558586531328 0.9460506439380051
6567.811867412568 0.9729494302253956
7661.758700921202 1.1610561313443934
5463.785416549378 1.1275219281201578
5323.3613937144555 0.9131933239157811
5976.81079565993 1.003582341331703
5244.414915980178 0.9101955356587756
7195.017976196207 0.9104230877246715
4665.767161114892 1.0087758215243183
6719.22641887768 0.8175330459989422
3538.882315037812 1.1167480320953622
5951.471768589106 0.8925144572247785
5733.367134902696 1.1690833518145611
7484.135098187649 0.88834335638265
8617.201307995616 1.1552224691422268
6641.880383786115 0.913359396303966
4789.527159916926 1.0118121310153263
6749.441606744252 0.8864515625467563
4332.261322272911 1.0852904093638824
4445.164156875077 1.1123810720985008
6540.699688818377 1.0427360268270203
4170.307244004183 1.028366375636619
5143.996617067267 0.9075366118309399
7966.580391312173 0.8109579906416758
4892.472722611173 0.9098332539689907
7074.247084399186 0.8467449617780809
5278.014915150577 1.0629180868053223
9082.677550424116 1.149972385599749
6297.5321298505905 1.1988371569637422
5293.698003057086 1.1596522385971406
6754.790414590913 0.8412300323390147
6702.841111981244 1.0340924401502092
4998.202790187408 1.110958221399232
6778.446488797865 1.0458714085207816
6090.12106382953 0.8879827901539626
8209.492393664377 1.0714178674610286
5642.042605102206 0.8400630021982154
5153.890278171162 0.842248264062927
8149.5440579662545 0.9061835948478599
7646.8039362603595 0.8811662715379612
7086.069455839142 0.888399393402346
5924.636595963429 1.1686907449011037
5243.218908801958 1.0184373499637644
6025.7422321244085 1.0899083981798232
8630.668958177235 1.1974352205410477
5646.34224548531 0.9001600181261334
6899.432935828476 0.8085594773334022
7594.270522108083 1.009943962599993
3753.509647355558 0.8685976286369008
5223.097634193299 1.1153668430746828
5399.614575590138 1.1118967638890613
4668.194824957809 0.8693329722989114
6625.6244813607955 0.9017942873829746
7161.848881447042 0.8053257344340119
5590.621085913121 1.068727435209042
9771.801229701266 0.9576236250004033
5267.497302091361 1.1053230318541567
7407.731014122635 0.9941469392535948
4813.840465393065 0.8371108724802774
5665.317739913802 0.8077580976103088
5479.769398223758 1.1065941279460343
6100.111579675231 1.0264627242161797
7921.114928229357 0.8134970228564974
3679.6522497034566 1.0830147147194698
9136.444203606034 1.1123722505397826
2628.242448313021 1.0823196885909576
5184.7817803419175 0.9261201400926268
2650.1016100749557 1.0438116996308402
5417.900863425617 0.8402277032790709
5935.01135207215 1.1811792029140864
6186.005611821943 1.1167481568775413
9326.239440329966 0.8200426913098371
