6 100
0.8253027236114376 172.25026035269778 503 95 91 75 85 71 95 70 72 92 97 87 66 91 67 87 74 85 86 67 79 88 71 85 95 64 89 91 63 89 68 77 73 76 66 82 72 77 97 61 60 67 98 96 75 66 67 98 65 77 83 68 81 97 95 75 84 87 65 62 90 83 68 74 90 72 74 80 60 63 72 91 92 73 64 93 72 68 60 65 98 89 65 81 68 80 87 97 90 63 85 81 67 75 71 75 94 81 82 67 91
0.828224481481626 139.1301261705647 538 106 134 118 102 135 115 107 112 122 115 130 115 105 111 112 129 107 130 132 102 128 115 100 138 135 135 117 114 123 121 117 112 119 125 106 117 111 100 134 128 102 132 106 119 107 139 103 118 131 121 106 138 101 116 124 120 135 119 104 133 134 137 112 105 104 131 127 102 116 133 139 123 128 112 137 138 123 120 105 110 109 134 116 129 128 111 120 139 137 125 113 117 131 119 105 115 101 137 117 133
0.8712864957419636 161.00397505493913 679 135 116 107 125 128 120 102 122 123 133 105 107 137 105 139 128 114 133 111 131 109 130 102 117 122 100 136 131 111 117 112 125 115 127 114 138 128 102 110 112 120 102 110 105 102 109 136 122 119 132 135 128 119 127 120 103 139 117 136 137 110 127 102 114 103 107 138 100 135 121 138 135 130 110 133 136 108 122 105 136 122 135 104 110 121 119 110 109 138 122 129 121 137 120 102 121 114 118 138 128
0.8449464515425928 144.35646427876017 684 95 93 82 84 88 74 71 68 82 74 86 85 82 94 87 74 94 66 87 90 97 98 68 85 76 77 87 78 93 74 92 91 79 85 68 90 92 90 81 94 60 85 85 63 91 74 89 79 63 94 62 76 74 76 62 68 88 61 88 72 66 96 74 72 94 77 75 93 68 76 95 71 62 84 80 98 72 67 63 80 70 87 60 67 74 60 66 73 64 95 89 67 85 82 98 82 72 91 70 96
0.8817068801602557 179.58912761042245 879 127 138 107 101 102 132 120 118 125 109 135 116 114 106 118 105 122 133 132 136 128 109 113 127 109 107 133 135 138 127 115 131 108 118 119 139 132 126 113 105 126 132 128 112 131 108 138 121 106 127 106 129 116 139 117 119 139 133 124 129 116 119 115 111 110 137 116 123 112 133 114 124 128 114 107 120 118 136 100 104 134 117 132 118 121 108 103 112 115 129 119 119 114 103 113 138 102 137 120 112
0.8803953433683257 179.95244072664858 920 82 84 96 74 89 86 79 76 83 66 92 72 65 68 75 90 81 88 90 61 64 87 87 64 80 72 81 86 70 86 74 90 98 80 97 68 96 64 77 98 60 85 80 96 90 91 99 78 60 81 68 89 91 74 78 70 94 88 81 76 62 93 86 91 77 65 73 69 87 97 87 77 65 62 82 77 75 61 93 62 81 67 82 90 79 78 88 87 96 83 90 84 87 93 91 96 83 85 61 89
6529.231880116185 1.0593849683959662
8090.693882814287 0.9805071102907794
5717.150964285432 0.8112667060041876
4067.491294601293 0.8209636921046309
6145.534295495641 1.0404110899061896
4828.0553057922225 0.806426248395224
9082.936449222276 1.1697254307107923
6216.537303919833 1.0805788859955192
7194.49122990465 1.0010698984488136
3392.589341162165 0.8575076174321463
4991.116975871774 0.8595269119884711
6877.949485174369 0.8965299913135052
5905.813647746227 1.1948884432382954
8211.267337829315 1.0689824161881205
5386.001148583036 1.1564364887632619
6100.06144561425 1.018249947688521
5519.299161059034 0.9065153478281786
7415.813560426757 0.8583081001628344
8347.924938433367 1.1383775736629231
7274.957027845003 1.0790991444757263
6120.509358308616 0.819631937494203
6075.968826103448 0.9437146705799411
6685.475789967093 1.0439407476574338
7060.7409881391695 0.9476293154086535
3403.3428807907176 0.9036616297662059
5058.412715247709 1.1766581392160784
4470.380936262848 1.126498448580726
4579.301729113729 1.093224008847552
7321.6439677933 1.1747393096117902
4931.126281989607 0.8430696492755604
7556.953457045798 0.9667194100820221
6521.022144766368 0.9925935759509299
6690.538103566411 0.9408693183637536
9813.140748169735 1.08482587216414
8269.629650880286 1.0051616996663646
7795.369390086904 0.9490591592489956
4577.764038113101 1.150946696089513
6151.303176107219 0.8108872943567452
3565.258184157335 0.9030397166848646
6525.240537179777 1.0739953232994117
7108.486811070266 0.837484220621622
7490.568165361435 0.9026330523960394
4701.611725588737 0.8675856134463233
7438.953292940531 0.950340696912097
4452.365436603372 0.9478539097652661
7678.3356125535265 0.8136104977183778
6145.203222056889 1.0801618739533194
7545.847399582025 1.028921706201868
7272.373822052443 0.9433224967056758
6989.419778182832 0.8966574657517444
5738.733181512513 0.9502608708832174
8918.797021970993 1.1645092470277711
7096.893313478896 0.9442386768986655
6407.491325922668 0.8015886397833702
7515.424972359328 1.176208614298757
6421.198790262797 0.9955435468663546
6518.510910805391 0.9706382897679156
4351.675170673418 1.1008628374111882
7319.037512123074 0.8417890032692221
6449.864277368143 0.9647460831775941
6939.573329738749 1.1909416535622876
6201.464443839963 1.1477161041035275
6809.423246420138 1.045570778967896
4975.547091640693 1.185732834072946
9841.126958774588 0.9983885471731438
5276.207831835315 1.187739413568437
6724.512224272435 0.9158672847422134
6646.409557036934 1.0985287004658988
7417.940140088813 0.8719223345157497
6557.149362435096 1.1672651283080675
5247.801621011231 1.073902960664076
5830.741809820237 1.0385276701106259
8003.157697732147 0.8995746982463529
9124.37107340938 1.1650784277253887
8050.953334079944 1.0147605545979856
8444.047427672904 0.9997799008100582
6504.348023440163 1.0520662026210794
5611.374800219993 0.9032277669415911
6934.394637822765 1.0860552974438908
7257.913558090511 1.0926474572927358
6013.689921601478 1.029153873256651
8315.429494004824 0.8057376038318271
6643.310678923679 1.0398360185531395
7231.094384049151 1.0153375666073952
8181.5276504213825 1.1905912241107064
7897.948619012118 1.0100056303397864
5881.827960383822 0.8339407299968098
4749.725745468487 0.80650937673167
9218.505188767282 1.0099322132410484
3311.8246930383652 0.898507207033282
5391.877451547102 0.9608972667691168
3462.19955290076 0.9309437795653995
6759.4880698954685 1.1807230483833768
5287.252464639492 1.0339488227630178
5876.310588325926 0.9206859707940924
6891.316441227173 0.9749606275189838
6311.425107074976 0.9265751508014364
6666.654587801745 0.9693972597554078
4567.5979763345 1.128446041512301
5241.619551483952 1.0849270108024758
