6 100
0.8175675635674131 112.75008888651064 581 73 62 96 66 67 85 85 68 92 75 91 71 69 99 78 77 97 95 98 91 60 85 98 63 64 63 82 96 87 68 83 75 82 89 65 78 81 75 96 85 74 67 85 65 79 88 60 74 93 93 70 90 97 66 71 73 94 75 96 61 84 65 92 74 63 69 86 94 62 66 91 84 75 63 81 67 92 65 81 86 60 67 99 86 70 71 93 97 89 65 61 84 60 61 93 95 70 72 74 76
0.8542528155165505 188.4672270357481 582 68 86 78 97 81 64 93 78 95 95 67 82 77 85 72 98 64 93 99 78 62 67 83 90 77 77 94 85 65 99 82 84 95 60 66 98 61 95 81 89 70 82 87 71 98 86 73 83 71 97 72 69 90 68 71 82 98 76 84 89 64 77 65 71 85 91 90 88 85 83 89 97 74 97 88 87 69 96 83 77 99 83 71 72 89 97 64 60 82 83 96 82 82 88 91 99 72 84 86 61
0.8426308220235905 155.52954131507227 701 109 118 117 124 130 128 108 130 111 122 128 110 108 123 101 107 118 133 111 111 115 120 120 114 117 105 105 113 104 113 107 106 117 114 139 137 108 122 102 111 133 132 125 106 118 137 133 101 139 133 122 129 106 108 137 110 104 122 118 131 112 137 106 101 111 112 105 107 124 108 125 127 126 120 107 138 103 103 115 113 136 118 118 122 123 109 114 125 114 135 108 118 115 132 118 118 100 116 121 112
0.8573471044137834 181.19977104641902 748 105 134 137 120 115 109 102 125 136 129 137 111 131 129 101 115 129 137 129 120 105 120 121 106 123 112 137 112 107 114 133 139 103 103 121 124 123 104 100 111 125 119 126 110 131 135 131 127 111 103 117 122 114 118 132 137 124 107 124 100 108 103 110 131 108 111 117 105 125 125 116 133 101 120 135 105 128 136 119 106 137 103 130 113 115 138 109 137 129 137 130 133 119 131 139 110 138 113 127 105
0.8474794046602626 136.6887222739049 888 139 125 139 136 100 125 119 130 121 133 121 128 101 134 130 110 132 124 128 125 103 133 105 128 131 134 109 129 119 102 116 110 129 100 128 138 109 101 106 122 136 137 133 121 103 113 114 130 109 111 120 136 118 130 115 116 109 110 136 126 113 131 125 114 114 131 120 130 126 137 124 135 119 139 131 118 106 137 137 111 118 116 128 125 129 130 130 109 131 114 127 105 106 123 136 114 105 125 137 106
0.8488893380177203 138.6699678197761 911 72 97 82 92 71 74 68 63 70 90 66 62 94 71 67 73 84 65 95 61 89 68 80 73 65 71 89 88 89 93 86 99 97 85 60 77 94 71 73 97 69 71 62 93 71 97 80 78 96 79 68 77 69 66 74 74 99 74 97 76 73 79 77 74 96 63 87 83 69 89 78 67 73 94 64 67 78 92 73 76 96 93 88 65 73 61 95 91 65 61 96 73 82 67 86 87 74 76 85 78
7722.389494917252 0.9079976749728517
3402.828860219714 0.8368297780457978
6706.699485598207 1.0774735412766074
8025.26576078184 1.1816561668480916
7132.359047221772 0.9499154791783135
6733.9945647947 0.9158658260285625
5043.618359638343 0.8836350407463629
7201.474905237239 0.821798704502491
8583.587488838117 1.0193389619766677
7817.195564335562 1.034081381220148
4167.2814133824395 1.0969254611629444
8703.599952115925 1.071439523452723
3365.0413057301726 0.9308742311212339
4398.832052054921 1.0824576221182571
7627.495630419689 1.1296482438754254
8043.0482454537105 0.9969459486876467
6672.184542826419 0.8350797037886535
5059.710307660755 0.8069842269546266
7922.224962479501 0.8745796293476223
6132.23880930835 1.1051819584154716
4886.6868171761635 1.1353423069282031
5071.846850356684 1.1186178612994906
7635.713193482627 1.0527771269133774
6981.78699875287 1.0902134156460788
5979.975285488286 1.1740961104036214
4836.705785289726 1.0579864324742938
3773.2562031823572 1.0776799240081056
6093.405593917627 0.869677542761339
7723.043596608781 0.9793248210301996
5228.720820194794 0.8852987727519802
5028.949438237136 1.1841298565453484
4534.712280608834 1.0718987392757944
3945.1831054185905 0.8019077178018853
5145.249138707137 0.8624978482143051
4026.751998323927 1.0463435157559324
4673.564426066078 0.8296659533819988
6934.756609025997 0.8644332326580597
5932.467683377006 1.1271432275261728
3704.106702449272 0.9890986689936592
8067.57414159674 1.0150516448536908
6982.345697696063 0.8729993039621701
8813.29792385525 1.028113609203127
9501.729904248597 1.0916605386396108
7005.388825178219 1.199845679246308
5596.02693139685 1.0062134615348042
5392.400332673422 0.8858908874033844
5786.662243148771 0.9151154601767287
4344.64966251767 1.1207099137178607
6520.457764568394 0.9013211759253977
4234.813888224515 0.8175874655825155
5455.243311083341 0.9538625671022551
3865.1605078231355 1.0819062816223315
7282.1143906779835 0.9047257926531794
7098.389033403637 1.0749137810043197
5529.556031779036 1.1042334138451717
2777.849471631769 0.8702151472217702
5125.948131288863 1.0793808780424032
3642.6440413371997 1.0306650176508572
7840.019842065659 0.9208081235734086
6666.832212390468 0.8024967357957733
5042.834701725988 1.1209621951457978
7024.412139748496 0.8915996598119629
7978.053540673994 1.0942358544363826
5328.772573357875 0.9024942426417008
6307.447024165232 0.9286885838723712
6524.219177764254 1.1750745512774667
6505.157384542524 0.9160705396467669
7038.372165097428 1.0093037521733603
4783.629538928691 0.972145217668539
6661.349394644426 1.025049486421655
6354.735255042954 0.8622042411915352
4251.04311872981 0.8193952193010905
5697.05043020305 0.9745769433660358
7046.52794478346 0.9452921597074901
5723.720473837155 1.056337444075469
4839.076513557014 0.9824085157088616
8072.95987280679 1.1566104985508256
10002.794435636919 1.0550139019329408
4079.0810675156495 0.9620722093154627
6864.538212237448 1.1164254978370969
5258.737090728733 0.9454887008505178
6233.005116802742 0.8732980050547843
2641.7765133821113 0.8647217393289105
4410.454059752419 1.073153970924622
6572.391825015743 0.8355752386257154
8189.27700639381 1.1788723479747671
4314.460863199549 1.1189417478568808
4997.728340352873 1.1421901935112073
6698.467103665498 0.9659066797371711
5665.248086570179 1.099087465228151
6866.078649671566 0.9514126690056894
8172.444930628683 0.8230105946957625
7764.589572861882 1.0419591855591595
6757.607380937854 0.9873462493114236
6915.377728815447 0.885797767386131
7654.7968521086295 1.0601166123681984
8160.31329366557 0.8498126316130028
8318.13991988603 0.8675824962627697
5096.422676836187 1.029094462473163
5593.109320969323 1.1807755542550278
