6 100
0.8690954515007059 119.47262413503907 546 118 134 114 138 122 101 104 105 128 103 115 115 101 109 133 115 109 119 128 113 131 123 101 132 116 120 112 121 115 121 139 105 139 131 136 134 128 139 116 129 110 132 132 135 103 112 132 117 119 105 107 125 102 121 130 133 127 102 139 106 129 129 131 135 108 105 135 134 102 111 109 131 122 138 113 132 102 138 134 130 122 109 124 104 125 118 113 124 119 120 115 138 107 104 104 120 116 106 131 100
0.8650302755525845 105.82010612542999 571 100 100 111 112 138 120 136 107 117 114 127 118 117 106 134 119 135 105 107 112 102 128 128 118 113 138 115 114 131 107 110 112 115 101 131 100 110 100 119 132 120 102 122 107 112 103 107 108 109 118 112 124 129 129 137 113 128 136 120 123 133 102 110 129 103 135 113 104 111 126 124 130 102 121 125 125 115 132 104 127 116 113 134 100 116 117 111 100 138 116 111 101 104 105 129 108 110 113 135 136
0.8235220148893666 108.39068076445048 587 84 79 95 90 67 84 85 62 77 73 61 85 60 70 85 81 75 94 90 76 64 74 65 88 83 67 94 67 95 95 87 80 76 94 70 60 94 72 87 98 68 87 86 60 99 68 89 76 65 67 61 84 84 75 89 82 95 69 92 60 81 83 90 90 63 84 86 91 92 83 60 78 67 84 74 94 62 93 78 82 68 81 71 67 69 65 68 62 78 65 62 99 86 89 89 82 73 87 66 97
0.8582641940277744 155.2515094697051 785 78 76 92 74 97 71 90 70 82 95 67 88 96 64 70 81 92 83 99 92 97 98 86 83 86 86 66 77 75 64 91 99 97 99 80 83 96 62 72 85 65 93 73 80 61 98 62 82 87 67 63 71 73 78 73 70 61 89 90 87 68 65 62 94 73 68 81 75 63 84 65 84 83 67 62 90 71 90 94 62 77 88 76 82 63 63 70 62 61 81 86 93 91 68 87 89 86 65 87 99
0.8070290710863769 196.9200222116932 922 126 136 118 114 119 110 119 122 113 134 118 112 114 103 113 137 133 133 117 125 134 138 111 128 131 123 134 105 110 130 137 108 133 108 107 120 138 116 119 131 119 127 131 135 124 116 120 107 120 132 127 119 139 111 109 103 106 129 112 122 102 131 113 118 115 110 130 101 136 106 127 118 101 126 117 106 139 134 114 112 125 120 127 125 129 103 125 112 129 101 138 115 120 117 127 128 103 125 123 112
0.854194328062345 164.19783951255968 987 72 74 98 89 60 80 66 80 84 72 91 75 76 69 97 87 62 64 99 68 68 73 67 69 90 79 77 64 84 92 64 95 80 79 66 76 86 95 97 82 91 81 65 73 80 78 98 90 76 67 65 62 70 86 63 83 96 81 62 99 67 61 98 94 84 94 93 84 94 95 92 74 65 81 88 93 89 71 82 84 60 84 96 80 84 65 68 69 82 96 94 62 98 70 88 82 85 90 91 84
7903.339217384901 0.9662932093351785
1960.5456045892051 0.915290499623147
6794.357586465678 0.988324637423804
8157.089871319531 1.0874011015887
4215.979082192746 1.0578684216946872
6222.080779225064 1.160638313645043
5234.136167012368 0.8986510489224404
6340.121719976338 1.1061718618153487
5776.10693475291 1.1395254061980364
9991.453154410743 1.116389094049458
3934.081309309229 0.8868848752293736
6314.137663669095 1.1967318585921631
6320.9838997161205 0.8299984735298904
8432.493078715861 1.1041883609347465
7297.166260849703 0.8019649430384642
7078.016376809202 1.1543190966345729
9598.16762908833 1.1184982823105956
8958.299914107925 0.9454013493675036
7178.183427408291 1.1789607266201618
8457.380866865773 1.0255455362562567
7823.175732273645 0.8319137611610166
6622.399824025352 0.9716005111348469
8316.70696633873 1.1625357127064597
8564.367409762048 0.8404375932231748
8977.88154693196 1.1211377429701395
6056.1403868308935 1.114162431830051
5862.119843665788 1.1144292679688461
6923.907997267356 0.8687456456265855
5318.457486003862 0.9423688163648273
5738.00580222942 0.9208830395455094
8931.898159961796 0.8736844143911495
7145.7786221570595 1.0940543174530686
7872.921634585383 0.9737464792386558
5634.746961349567 0.9196279186942823
3495.665939511533 0.9119432366168053
7362.951440887743 1.0593975755723426
8580.804838879581 1.0642249619424715
2284.4322023779323 0.9852332703912688
6441.913614631902 1.1784202526502314
7248.69038621325 0.9362375478207519
6311.700700616493 1.1019472300738544
8902.362179625894 1.18983436302445
4109.707988803835 1.092829876813695
7167.594971724319 0.8563294290748233
6444.034066969093 0.8450533642607828
5723.488106606829 1.0700709647610986
9201.23458553762 0.8066425430684885
5267.029921670765 1.1381858799770705
6798.424629955708 1.1310303155741506
7182.985567550391 1.087971022120438
7760.733424885248 1.128182585594118
8325.883429261328 0.9127123280246321
6579.791070314243 1.1214878952619056
8104.357251641419 0.8774579871037763
8863.103307822057 1.113864554031118
8489.988899333483 1.0501169169656552
5543.390324253358 0.9582910555462721
6498.384929731748 1.1170414184639488
6366.238043629784 1.0118496959575722
4589.994326367698 0.919745522228352
5460.083091990473 1.0149594697095294
5692.129066009589 1.1912191230185605
8314.161164802234 1.1198703975807485
7806.085523779354 0.9305204462882289
8631.151591777827 1.0732543751349322
4454.615199160505 0.844302709781861
12413.00218829004 0.9319500798917544
7580.346816820185 1.159378883184294
4850.119899499957 0.8400340002677671
7396.4476712947235 0.8080207757861096
4483.970235612151 1.1678937475410642
7949.167773473587 0.8421598125004089
7118.483447995109 0.8375001970758599
5525.4886925744695 0.9938207899002086
5642.4226196858635 1.0457154709851746
5284.20243221234 0.8698869560575544
4609.611724131078 0.9655381766658832
5483.611361256273 0.8008703754129769
7223.748067864948 0.813249133683392
4891.574627656748 0.9459390736182752
6942.5478948622085 0.8900521417072302
8560.570876004482 1.1363689556589454
6235.705529129908 1.011849673375038
5808.430710789673 1.0539675804483064
8209.402247426091 1.167823031476104
8926.334573330983 1.1782897546204185
8418.587921723076 0.9971012429385563
5758.739653234552 0.958816261796108
9542.544059143513 0.9937509945352538
6589.118017620187 1.0072472272273578
4173.867646864836 0.8759425909331248
6361.825940267212 1.1311495817909938
5655.1045674471625 1.0638681434767259
7044.642354560138 0.8356371171695024
8769.766628868978 0.9786407617327992
7243.242186029684 0.8629314991472308
7455.419601129405 1.0684457317573335
8426.653145783748 1.002728406318837
6262.427958400975 0.9925722045671255
6670.063913493327 1.1370129434380956
