6 100
0.8938213647233423 189.53478195875138 597 91 66 90 97 66 68 72 77 79 97 68 90 83 68 66 95 69 84 82 65 66 76 92 86 88 80 70 98 90 90 87 84 78 60 83 84 63 88 70 86 84 96 61 65 73 61 99 81 76 94 77 84 90 68 63 86 78 60 76 82 70 93 64 64 93 62 72 99 87 79 90 95 73 69 64 79 74 96 72 69 71 76 68 72 62 72 67 60 60 77 63 76 80 85 96 87 78 99 75 85
0.8107032839544928 109.19714621434845 601 80 65 60 85 92 89 69 66 61 70 79 76 97 85 78 86 89 74 77 85 81 94 66 97 79 71 72 80 69 81 73 67 81 60 88 60 65 86 61 68 72 64 70 91 76 91 99 63 72 94 64 66 85 98 64 93 69 99 81 71 99 86 75 75 97 63 90 81 97 88 63 65 83 68 73 95 64 97 79 63 60 80 77 62 65 80 60 73 63 81 80 85 85 89 73 72 73 96 74 72
0.859037122300375 182.21106466672376 718 66 92 76 77 68 95 90 60 92 77 72 90 62 99 86 99 60 75 76 89 94 98 80 84 85 76 69 84 61 61 90 62 67 84 83 68 79 73 85 72 99 71 66 90 99 89 86 96 87 92 85 80 63 69 82 60 97 79 79 80 79 98 68 73 88 98 60 63 90 71 75 81 70 91 60 91 71 60 76 81 61 93 98 60 72 62 96 84 86 69 77 93 95 73 93 74 92 69 69 84
0.8449295447795853 156.21551413096705 951 134 126 115 123 112 125 121 126 129 134 137 129 126 106 116 114 117 130 119 101 103 128 134 104 127 120 113 108 115 136 133 109 128 107 122 122 107 110 126 109 132 114 138 125 112 108 108 108 103 132 135 100 107 103 124 121 132 135 117 116 115 118 139 120 130 100 136 115 101 134 137 126 121 130 125 129 111 115 115 114 105 137 109 137 123 135 135 105 119 133 130 139 109 131 135 122 121 138 114 114
0.8566652271452129 187.41774472811346 972 137 105 104 131 119 105 107 118 101 138 104 117 108 115 134 111 122 104 131 117 134 129 116 135 137 137 122 131 109 120 111 105 131 122 136 130 128 134 125 113 134 138 133 124 135 131 139 137 111 128 111 127 122 119 123 135 137 115 102 138 114 128 119 138 130 102 114 111 122 134 138 134 130 122 130 108 102 121 132 125 113 123 106 119 129 103 113 122 123 115 138 114 125 135 129 101 111 124 139 116
0.8985501077713977 202.40220158754164 977 124 119 104 126 120 133 130 109 115 132 120 104 129 133 100 122 114 104 112 107 123 132 116 105 114 112 126 133 134 109 110 126 109 107 117 130 132 109 107 132 134 109 115 124 127 121 131 107 131 117 137 102 107 136 136 139 107 103 131 136 118 110 109 103 122 120 110 109 120 120 121 127 129 139 137 112 107 136 102 100 102 127 101 118 108 105 133 101 134 104 116 119 114 131 104 127 107 114 133 126
6868.835297556279 0.8147761658994637
6109.737577665299 0.821072178137331
4493.295122256719 0.9591282965141005
4970.919931671761 0.9216086636765026
3907.1005331972237 1.1646059932071777
7184.532449315513 0.947339992888288
6408.520615583857 1.025162293826211
5756.88918214707 1.1952653871789214
3372.792278404316 1.0004082461689021
6410.940144323273 0.9896947649615644
6688.450398517955 1.1641805422565341
4551.406016168715 0.9898479811543313
5901.407502966043 1.1944097715077908
3308.803356854167 1.197433543534339
5916.455319198814 1.1119761419220828
3325.9691970797267 0.8740090372596147
7196.99517761179 0.9119213718925294
6972.506448144805 0.8380994934278079
3701.1270400515546 1.0826023676563779
3736.030853812277 0.8541947225426011
6046.513074060199 1.0290728194135899
5674.673243070686 0.9525647885015653
6836.996048064319 0.8428936536946274
2916.3066105703415 1.0404840239332516
7000.904444835771 0.8213071557155878
6194.247000045896 1.0000359447705007
3792.774385112486 0.9688629429776023
6671.618609597888 1.1768286108846486
3581.561913685894 0.9329896980870671
5133.447962132848 0.9129846116806895
6479.574010134373 1.182404045927438
4417.565674550945 0.8483212917618355
7019.2256208868 0.846317711056445
6099.7702888629965 1.1976743968217318
5075.611101241523 1.1723450326389107
1630.0121626470163 1.1684670587548207
3632.730816821032 0.8680210120869828
6646.400036482363 1.0633658344110328
5821.801972923393 1.1253517083726057
8643.651514303136 0.8192557084571275
4845.994947233059 0.8561631775135702
4123.804496661993 1.1168159757835383
5702.610139175313 0.8094401956166117
5834.061465007849 1.145882045599213
10437.396435745512 1.04763672839723
7000.030755564851 1.0153231996498646
7074.728037719026 0.8739492960197761
4647.521451559738 1.1450050520651491
7103.233269000263 0.9079162594070925
3822.902903624009 0.8262344811553416
4970.2120944714825 1.1041863077874847
4473.087922843409 1.1002635776953378
4977.416707486516 0.8275412139569654
3393.097603149044 0.9305986514632534
5058.329846539723 1.095650709271966
6746.823972968231 0.8876289367932744
3426.582631874311 0.8535242989713274
7210.176661547668 1.1337191167655596
5506.822164777937 1.1116860471865972
3675.5366576413144 0.9446686895544982
7090.55523567192 0.9098671248727842
5086.332783108004 1.157514278422378
5616.029149794528 0.8521793463134961
6629.336570526107 0.8228469443756119
3116.493490785545 0.9328377741892018
8789.603131280019 0.996584907950516
5491.787429700505 1.024034736949246
6297.102357774284 1.0206468385633152
6212.043039883218 0.8996334207460928
6092.660141507103 0.8897493225102254
7811.250348802016 1.1392799020815658
7630.685172694483 0.9912913843166888
7644.239855247071 0.8665329462564544
3896.328459185631 1.0120674410496477
6713.092438093369 1.1368226724519592
5518.524826818046 0.935314105689476
5255.892270285492 0.8280667661105552
6887.284123074277 0.9125836840627056
4289.711827474799 1.0965721304365172
7151.834890140552 1.1367979240953057
5106.558619622473 1.0071994338192356
6108.282528127651 0.8307174238090417
5158.932806935947 1.1051095296225426
6677.849850468221 1.0527939334372973
7141.4569938987715 0.9587627704939693
5803.265988478111 0.9687157929364374
6546.6014018731985 0.9400460817677567
5189.6841558736 0.9915365435457468
5938.201693208644 0.8380369546196527
3654.9355204478857 1.171898328644286
7633.583888427327 0.9054814101148712
7010.776086663239 0.9352671396486537
4405.866058730042 1.1284857334985825
5679.118937810814 1.0369426345829773
8280.111896227312 1.1221061915904975
4206.658812254428 1.0289902446028243
7685.997859684611 1.147784636174497
8129.365132514955 1.0736129984333396
9578.367512460472 0.9410748945618257
5857.935164993982 0.8560716657482921
