6 100
0.8077454548162395 96.77493849893264 516 104 133 115 129 129 132 139 112 115 128 124 102 133 132 117 114 112 119 112 113 119 108 134 138 132 116 116 120 139 132 101 102 113 128 122 112 117 129 139 131 139 135 101 129 131 113 127 133 139 117 109 109 123 107 137 100 100 126 105 118 102 118 123 120 103 126 105 109 137 119 120 106 115 100 104 129 107 106 129 102 131 132 124 126 125 135 113 103 125 120 134 126 124 125 136 132 110 121 133 138
0.8981316325635071 169.7891051869736 685 130 118 112 103 119 126 104 129 120 139 134 102 122 139 125 116 114 110 128 132 132 114 123 104 128 109 114 123 118 128 128 122 102 105 104 122 131 100 126 112 104 106 126 132 129 118 121 139 107 130 115 121 100 118 115 101 102 123 109 117 133 117 127 133 135 128 100 121 106 105 115 104 112 133 101 111 110 120 110 117 120 100 111 133 123 100 112 135 134 113 111 130 117 128 115 119 109 122 133 113
0.8292341686985379 154.88334044667312 713 68 95 70 80 72 84 98 97 63 82 82 82 68 87 73 89 95 70 96 79 72 86 70 85 87 95 81 95 95 63 75 62 69 92 91 91 68 76 83 65 87 65 75 72 60 99 68 79 89 89 80 95 78 68 76 87 71 74 87 80 73 78 89 71 79 94 81 64 64 71 74 91 60 76 69 78 82 61 61 60 73 60 72 82 60 69 92 93 76 85 85 60 75 96 76 64 88 79 76 87
0.8991289038713739 143.14778345338382 850 113 105 127 135 117 117 105 115 112 134 113 111 118 113 127 114 107 105 110 115 139 133 123 106 127 120 119 114 129 114 138 123 112 102 100 139 104 115 133 107 104 137 116 111 126 124 100 123 115 123 110 110 117 100 135 113 123 133 101 102 139 117 126 126 121 100 133 112 128 121 120 117 100 117 106 102 110 115 107 124 109 131 105 121 136 107 113 139 110 127 125 132 107 114 138 136 118 110 124 118
0.8377478372250058 131.540618773198 878 97 71 64 80 73 95 69 96 95 71 63 86 98 69 64 86 79 73 95 84 99 74 81 80 73 67 90 60 66 76 73 66 86 95 90 63 87 92 70 79 93 96 68 78 99 93 73 72 66 75 63 91 62 71 91 72 62 97 93 86 99 65 69 70 88 66 95 65 97 67 81 73 65 75 70 80 97 62 77 68 81 98 84 76 69 70 75 61 95 77 89 89 91 63 64 93 68 80 82 84
0.8614617901509994 136.41900734749976 961 74 79 79 75 84 63 70 75 72 61 66 88 82 96 99 86 67 76 90 96 69 72 93 88 82 98 85 82 72 88 90 66 68 83 71 91 89 64 79 87 90 64 65 72 83 89 87 85 92 65 91 82 61 77 95 74 70 77 79 96 95 95 73 68 86 92 64 75 98 99 74 77 61 64 84 88 89 66 69 70 91 79 67 96 62 72 86 90 75 91 83 93 97 62 69 72 84 78 96 84
7019.993733023339 1.0782350902772806
6887.617988017971 1.1040831254256318
6482.505870405547 1.0877899306553915
5923.022622000685 0.9869860655486221
4949.5853923674085 1.1285354494716324
10254.952853529026 0.8075347326904538
7497.240711137935 0.9726138691712765
2127.972846218938 1.0439803810988115
5855.062662931637 1.0732631063411033
10494.08000284297 0.9542653705339482
7680.384205990637 1.0456319059951156
5783.66082566657 0.8365720455030285
7081.654801033057 0.9787383918606823
4831.74371257685 0.8763434620348887
7682.817608201296 0.972708499406475
6127.081201706313 0.9180371355960162
4659.812010906624 0.8260305915725273
5933.215757198936 0.9060762389779139
5358.478143221511 1.0783097167652627
9527.509417827634 0.8650600642160438
3766.6497448498135 1.1694508061745927
3564.4789951273992 1.178249125929518
6409.339592884869 1.171406959797901
3563.929134796668 0.9435807783686458
7865.985744341776 0.9152443743265836
6111.116054996814 0.9534187600952287
7580.595647466016 0.996644751245739
6863.765186408369 1.172214532529487
6548.037737669279 0.8357502159598911
4708.389309397606 0.8306956795726184
5581.108200508701 1.0774538909385238
4955.439607667267 1.1003263566335875
3600.679449741133 0.880265480980394
2630.1460671870855 1.0949343804231089
5267.296256324726 1.1292359885905383
7098.336642212705 0.879976221312771
6122.748658254149 1.1983116034856636
7340.636859745649 1.1514668186569437
8632.013129545077 0.8951529766106376
7670.820059723762 1.077971036549579
7418.120675582264 1.1494081654661457
10371.751980233988 1.1289000244009169
7201.826624870355 1.168074756054057
5740.233520932488 0.951656113364896
6081.64322081709 0.9939339226079966
7370.9513772583705 0.9076216382614936
4691.845533554353 0.8453814998423268
5681.447763437664 1.0825965324328513
5512.365242203061 1.0283113069957777
6979.012273693036 1.130771651856191
7132.624332196632 1.1604527700315015
9652.176078105376 1.0165941912484704
5336.731672777925 1.1227318482866646
8068.794882681365 1.102325539365634
6478.005740111428 1.0865871503955185
3428.3106828405257 1.1104840884976412
5950.2613144501265 1.1188705451558842
8563.142210501108 0.9706128562815796
8824.608043303524 1.1435001551991277
6907.042731025085 1.1653541038429933
7828.3155147064135 1.134637618390819
6408.769647848403 1.0304364566935618
5085.539103260901 1.1045704963191663
9080.96372830757 1.1229114261106745
8393.25229146204 0.8706890445019293
7102.532422286179 1.0417521820591615
2361.3157897977344 1.174624488200851
2768.9787269548724 1.0038359346286105
9739.650655521025 1.1224465535556791
6848.007736754505 1.1096629065511745
8548.159355601238 1.1297070508436051
9176.832598240251 1.0227385492486616
8469.906862778194 0.9666049133943563
10061.333641552079 0.8202893975871156
7193.153593637477 1.1168404628779358
8140.696787748189 1.0852068564790178
8506.483565293185 0.8898542669275894
6130.77436348146 1.058524013598407
7386.845193771565 0.8658039554636107
6427.734375170184 0.9032180135704608
8038.089264250736 1.1646872654312976
8086.822792346755 1.195261803243242
7889.15080481279 1.0604707280839807
6887.967563974174 1.0314305709465412
7580.303322585862 0.887533706162108
7959.287548563985 1.0695263286571934
9451.9469826272 0.9763777131545832
7220.188829377852 1.0894178988051504
6150.36596699542 1.1781106078976806
6576.66234319636 1.1244508510817806
6807.052795989217 1.0012508285972324
7121.70376823068 1.1430968708973341
5635.109039197494 1.0796335491245626
8056.705956279291 1.041406499045503
8588.495844137036 0.9538564548087078
6743.459551208583 0.9166491561842601
10296.850931897128 1.011332697287503
8229.894009263753 1.114877232106312
7648.716671685035 0.902429083576673
8850.443365358233 1.0740725234874777
