6 100
0.8204664514481234 125.49262908985725 511 87 92 96 92 63 92 81 67 86 93 69 60 66 69 99 79 80 82 93 81 93 70 95 89 87 77 68 81 72 91 76 81 61 91 97 68 75 76 85 88 61 61 98 82 68 67 75 94 89 70 80 79 83 87 81 82 86 95 67 85 60 65 94 67 74 81 93 93 74 89 62 91 80 64 96 82 60 83 60 78 68 70 75 75 92 61 97 67 66 62 70 95 91 77 73 73 62 69 74 68
0.8434680030749335 162.59856897008035 527 131 126 129 111 107 124 106 118 111 102 139 131 114 125 121 101 101 126 108 119 127 126 112 107 104 135 138 126 135 125 131 100 105 133 115 129 126 127 139 137 118 117 129 130 102 128 135 125 119 102 119 100 108 107 105 133 104 119 136 106 108 119 115 112 135 137 103 134 131 130 137 138 100 131 120 125 120 115 134 113 117 117 111 122 127 101 128 113 115 109 137 128 120 122 106 137 124 138 132 102
0.8242976207364827 146.7527431056119 536 90 88 82 60 69 99 70 63 71 74 77 78 75 61 74 74 60 95 70 81 87 99 81 76 78 90 70 75 63 98 84 76 62 81 68 63 65 97 93 79 90 60 89 62 64 96 64 73 62 74 64 63 85 64 68 74 78 77 93 80 95 83 78 91 64 60 99 63 66 67 95 82 69 95 98 93 89 80 85 74 75 86 77 82 70 80 91 69 83 94 99 80 81 72 82 98 93 63 60 68
0.8540762908043624 190.87993077396115 554 139 101 113 104 122 114 117 112 121 118 124 117 112 124 130 103 122 130 127 133 116 137 132 111 107 133 113 133 100 110 127 112 119 138 126 138 120 124 136 132 113 135 126 101 137 123 109 121 122 132 121 112 119 129 111 138 111 108 131 125 137 131 104 119 103 101 124 129 138 128 101 120 122 126 112 124 134 128 102 108 120 108 101 113 128 137 127 121 128 132 109 128 109 131 125 128 128 119 133 127
0.8158454417188631 191.78882883877526 860 103 131 118 109 115 104 110 124 124 119 134 116 107 112 137 137 109 135 107 130 102 131 134 110 114 137 104 139 103 133 104 122 104 134 129 139 110 128 118 118 131 111 129 118 113 112 103 108 120 111 139 111 128 131 139 119 131 125 121 130 117 101 113 120 137 136 125 107 139 110 119 126 134 124 114 112 129 120 134 134 114 111 130 137 112 124 123 129 128 131 110 124 124 129 107 123 134 120 135 138
0.8169918436173871 149.44777889826457 912 94 70 82 74 71 77 70 95 86 91 89 96 80 66 93 68 97 80 99 81 68 94 96 65 91 83 87 97 83 62 83 85 94 99 73 75 94 92 64 77 67 86 92 91 76 86 77 86 74 67 67 68 61 81 62 65 94 69 62 65 61 66 94 96 94 76 80 87 60 80 81 93 84 92 77 69 95 81 80 88 79 65 86 61 66 79 88 67 90 78 88 92 84 93 76 99 85 76 81 77
8305.381407463063 1.1747258054006817
5937.712762087392 1.0004584272402715
4912.541684304483 1.0755419768329104
4902.398499623018 1.1910125128554336
7211.020763058429 0.9087760647418418
4158.7479194440275 1.0503860738558308
3089.1724169848017 0.9121925442545494
3324.646219415171 1.0222853522569295
6406.4004116891 1.1373251652291054
4915.566052255708 1.182916197694356
5421.436132676735 0.9658933979394155
7152.682593417143 0.931061659541752
7606.298308485938 1.1928809962845617
5594.862592418344 1.1984062818896932
7759.941166104687 0.8736763729352899
7948.524575259506 0.9726322194137029
4742.573598884413 0.8930335816563031
5567.181936419108 0.8831528045874566
7159.030877271132 1.1469234482865256
9520.355574592242 0.890136481809678
6937.1163319101815 1.0546744052749746
7231.18650064475 1.160875571998307
3031.393413379472 1.1674844575759726
5076.709824496514 1.0159466848145569
6152.605042992426 1.1595953854205816
3627.7999339205962 1.000788602549738
8463.902322871209 0.8717471390200887
6037.059767229979 1.1181892358704901
5113.745143708381 0.8769386954384288
7402.4451870028815 0.8967971804872061
4144.780567160385 0.8428513799158966
3255.0098626081235 1.1824540927369291
7586.156710768913 1.1296847992718086
6555.289049988086 0.8750278153465793
4180.002636308187 0.8484314047345193
6560.167431501708 0.8963680739346623
2336.8047154349542 0.8718654613731065
8165.722024427026 0.8481875049738848
8649.602198379918 1.167493595456438
6510.585907360575 1.0605352898796112
6482.2726863930175 1.0065949866880244
6704.022920860915 0.8183289298675778
9538.958439545553 1.0558381940547612
6468.777858345642 1.0174758874541159
6268.820347071462 1.1545883226777915
5982.905458372003 0.8137725206948024
6266.920014212942 0.9694513944337078
5789.060373116202 1.0497562149890207
7671.954654129084 0.9285189198666914
6267.988920331485 1.1652087400805367
4791.3934716127005 0.8389119695532454
5298.946011305643 0.8502698565646549
6413.6566025491675 1.1201669219576347
6497.6105175948205 0.9205723802666582
7505.727742823262 0.8438411606194681
6632.6878610034655 0.9271054075744527
5553.910990900776 1.0972587762342583
7245.716569355963 1.0530119776576528
6130.999502748492 1.1975201711121244
7179.1265574178715 1.0466408112113732
6210.014748045851 0.8816835669803745
7185.7919252524525 0.9748298857033603
6382.521011954116 0.9813171393410516
7843.41666911624 1.051141462918896
3863.8877891671837 0.9983922121606719
5412.513038902327 0.9528064386925585
6791.360493658691 1.1432165841242552
4925.522243079309 0.8187103132267743
4893.064529865706 0.8078931315026607
6217.373082486453 0.8524278476714615
4299.180040615067 0.8461867693369194
8483.154541353097 0.9639618917722119
8448.164463268175 1.1728422645989123
8461.20564467583 1.0893084655315357
5303.826287337545 0.9495705335415708
8272.892015032297 1.129955361201371
6038.858527241281 1.0300271897301296
7588.080160768195 1.0405413273025315
4273.566901324637 1.054299900980693
7957.754565021 1.0739302552633443
4249.858743252247 0.9902983861859576
5526.603009137168 0.9018656082740863
9943.956864696082 0.9261814874596592
8622.884401390555 0.8955112896169664
5280.788227502542 0.866406289096352
7014.037879535143 0.8096302153254077
3862.9198190451325 0.8696800508215808
10019.266783880783 1.1331935117365723
6636.324048215526 1.0170877143915649
7906.531446478937 1.1493293597677967
5631.7566428429345 1.0099193410554865
7162.446542639824 0.939899189887448
7203.780699451649 1.124041712911538
4525.771726104947 0.9204274956247044
3700.5450835406737 0.9005159089873804
1902.1402790320299 1.047623547859788
8008.566340357664 1.0199965139555498
5575.502887374411 1.0388159567269877
5849.873934022481 1.1467035945244695
5529.8154547272725 1.137051585271545
