6 100
0.8635371721096996 94.06501925592502 663 77 99 62 89 86 68 64 75 77 82 92 61 81 92 86 90 85 73 70 87 98 66 72 74 97 69 79 84 67 97 89 96 91 83 86 66 74 78 87 72 87 91 63 81 93 71 70 80 89 88 86 79 60 98 69 84 98 85 94 73 64 70 66 65 82 89 98 78 73 73 69 85 84 98 73 96 69 73 67 69 74 86 71 95 72 80 68 96 75 71 72 97 65 83 99 90 99 79 91 91
0.8703277809938221 110.73429869611488 677 130 109 102 125 117 114 126 121 132 129 100 113 139 135 127 104 108 124 104 124 131 107 103 118 129 109 129 131 128 118 128 102 110 132 115 108 101 122 124 106 118 103 101 114 129 102 107 120 112 125 133 134 134 138 131 132 114 127 110 128 138 136 102 134 132 134 115 115 137 137 114 133 134 138 127 126 102 102 138 131 109 131 122 108 133 137 128 121 128 105 118 123 124 110 106 131 114 137 102 114
0.8893642854265945 136.67494128110977 767 70 61 73 90 60 91 75 83 95 73 64 65 88 83 92 95 78 66 67 67 98 70 80 76 97 72 93 94 84 82 89 71 64 84 76 73 72 74 62 92 97 89 61 73 85 89 83 62 98 65 78 68 82 79 83 97 68 70 88 63 69 68 83 98 82 87 76 90 85 63 75 72 99 65 63 91 77 75 78 88 91 98 60 80 94 78 70 79 78 91 66 65 70 99 98 90 63 77 87 91
0.8822262767745257 115.17329604288724 777 62 96 60 96 79 87 80 77 99 98 88 90 91 93 72 85 62 92 67 66 71 97 74 64 74 74 82 62 91 78 85 85 89 83 77 90 69 63 81 73 67 96 94 98 88 69 98 65 73 86 87 73 85 63 70 68 67 61 90 87 91 92 67 64 98 85 64 92 72 70 66 91 78 95 64 65 87 68 95 66 98 84 98 63 63 97 75 90 75 82 85 94 72 80 75 73 81 95 96 81
0.8267390489256651 144.74629038267688 927 100 120 104 102 126 113 138 118 103 125 118 114 107 120 135 130 127 100 104 126 120 114 124 127 131 108 122 123 112 136 107 122 110 103 100 133 110 135 105 102 103 129 115 139 111 102 116 129 126 108 129 102 107 107 102 106 110 109 108 135 118 120 106 104 110 120 106 113 120 100 134 105 117 127 111 106 108 114 110 117 107 116 115 136 121 125 103 114 123 137 111 100 102 103 131 138 114 109 133 131
0.8126548360829382 180.21258943972074 994 134 132 133 137 129 135 121 128 131 128 126 105 130 109 104 134 121 112 138 128 106 101 110 135 111 126 137 118 136 129 114 111 105 107 137 102 138 102 139 105 101 131 119 102 122 120 115 124 119 117 119 137 131 138 122 119 126 117 138 124 101 127 111 117 106 135 134 121 136 137 125 139 121 107 136 101 128 117 139 116 129 122 114 122 103 125 124 110 105 124 127 114 110 111 132 127 100 107 122 103
7570.487222885475 0.9379042220101
6543.444743960522 1.0226587041292614
6431.070648106931 0.9226154949131896
8648.973246287229 0.8395772310108804
7593.858619398785 1.0527920267851638
8220.254223855434 1.1058738954627152
5473.168016074658 0.9887792908692887
7736.032645890461 1.047652081030111
6341.026593998335 0.9000950517680371
6468.558457292976 1.1898939920380882
8021.658886101078 0.8346024608087664
6799.735922172577 1.0401347702545902
3891.58667811706 0.9640057521004557
8124.011733554515 0.9560336057270199
5879.491770512195 1.1031585007070015
4939.273988865699 0.875124963733741
3787.5196171179005 0.8679159631797512
6324.764849433729 1.118479917178624
6129.595312999685 1.113359868103578
7283.137336427038 1.021809854693714
7326.689708798915 0.8935043266376024
5036.56001718014 1.0925116845811613
8005.719571507957 1.0600423576657285
7800.09277719374 0.9239960090638666
5615.989994936871 1.1666173598308742
4767.294438227024 0.889497963372285
6081.5790269714125 1.0612776901173924
9685.20996289307 0.8236189479778891
8707.145204745086 0.8354363759410992
5923.406624197785 1.073376606878487
7671.423745520595 1.0512617491072584
8384.68002918581 1.144097203950163
3342.972180555397 1.1612692401378735
7062.667275530402 0.9801514755771226
5525.954907313703 1.0602611667657322
4875.756802993382 1.075231651817008
6221.02052363837 1.1825244985774273
8295.823313030265 1.187888524228067
7531.207271145782 1.1137696572019649
5089.3222636367655 0.9362598668967641
6382.702547003231 0.8523405008204358
4828.499135127312 0.81482035994949
4034.1673442982415 0.8079867753149806
6745.248908416463 0.9588468388129764
6185.245749989117 1.1685021292518907
8379.76531919147 0.9477271428797053
5405.990994107306 0.9316676098898804
4332.998771378881 0.9564146103220195
5671.947095637229 0.8770326742282252
4765.99106727048 1.0207548680449376
3886.0271975636806 1.164384167507187
7397.512126028195 1.1172849714455648
7656.9624860939375 1.0217458841766387
8829.832904230167 1.1689144848254125
5997.0326567008615 0.9852292781755068
6260.654010322666 0.8809668622677926
4764.528429621662 0.8985222722430821
5178.032648422872 1.11452318209328
7921.573524897354 0.8960538767778585
8315.685703975148 1.0521546721994317
5557.593984356524 0.9249028204099763
6871.879010959383 1.0519291982413583
6347.34254311322 1.0380798070105404
4895.258743637791 1.0129382178743145
8164.645826519297 1.1701224933246315
4893.706267521433 1.009323209799079
2920.394203195974 0.9741699279882746
4705.350281707446 0.9862173701384457
5951.152815060848 0.8490231361944227
2936.2722354229104 1.000729312553416
5308.192465966616 0.963295393128628
6099.623049874325 0.80815064030283
6297.397617710879 0.9813762873573658
4537.445685242916 0.9157098793904527
5357.26468281749 1.115978479088951
9218.489714132844 0.9483753863298289
4635.261176670875 1.00816819148755
6745.590843748703 0.8738112770967666
6999.035928344909 0.9651408089424378
5311.562932931444 0.8831998313190984
5188.20244895394 0.8232443299034112
7078.179009030449 1.0133400113104696
7384.161704682486 0.921496098382767
8218.811483530228 1.1944353623847315
7424.234685692313 0.8384042173837309
8775.491646706852 0.9171527913898571
4945.366692226902 0.972398934903593
7183.246338194589 1.126575636429919
8457.528893363866 0.8623862900592258
4596.621226241688 0.8901706290556011
8685.231643737761 1.0312738079623134
7797.328367317364 1.0794705958059592
6190.821988848562 1.1634600559410044
8504.362392076415 1.045182001658836
7980.097505593727 1.0737292659082067
5667.165087422681 1.0893252142393244
6981.301596811851 1.0248208486989803
7293.5951242679885 1.025821951576359
7671.543681924465 0.9743123873452789
7620.677868250665 1.0581899017269722
