6 15
0.85 157.4976328641494 557 90 70 89 64 74 66 75 73 74 70 81 66 94 74 63
0.85 176.59178053617308 595 79 69 91 69 74 66 68 93 93 81 62 66 98 86 95
0.85 134.7484505110237 607 133 137 112 110 103 101 104 137 104 102 116 128 130 108 120
0.85 132.1491652972466 846 126 102 124 113 135 101 116 102 128 115 137 106 119 134 119
0.85 179.3988873015001 961 67 99 77 84 79 96 71 98 94 80 91 85 92 97 84
0.85 177.6039196083404 999 115 118 136 111 112 117 111 137 116 126 118 115 111 125 133
1384.3441568563285 1.1646335167936792
1710.1980959301218 1.0416316361564353
1575.726362276768 0.9881542744846508
1615.173263398232 0.9472001614275093
1966.3265240382054 0.8057097357702139
1849.2530608721615 0.8664977122945889
1900.5215268937686 1.1971640472824199
900.970250973175 0.8960145799596454
1097.4371073288837 1.0408603278620148
1631.2063533118896 0.8868914765333512
1205.2767611148847 0.8055954099530283
1117.0809960991833 1.1228701391681621
1671.3165267107233 0.8487037068214787
1647.0835009592838 1.1533161869457444
1296.0465730152005 0.9856176275844156
