6 15
0.85 156.57731661848783 520 91 65 92 94 88 82 99 95 82 77 69 67 97 90 80
0.85 157.3919573439414 635 130 113 115 106 125 138 117 111 103 110 107 109 109 108 110
0.85 142.89370556059046 732 115 125 106 135 101 122 108 100 105 117 119 129 111 131 109
0.85 174.50244292327596 796 88 77 76 69 91 85 68 80 64 69 61 89 62 68 94
0.85 165.83146692131456 840 124 124 111 124 119 133 101 100 128 128 118 139 123 119 123
0.85 145.05643774586406 995 67 68 75 80 76 65 66 98 66 61 63 74 66 65 62
1583.6061673953486 1.1675336726356795
1628.473505152103 1.0207891518396126
1790.9402539660318 1.1266245660333785
1038.2572325953165 0.8560320343499344
2453.5939997066544 1.0365071553234522
1893.253680488945 1.0029544839145244
1288.3057341915787 1.1093398607333629
2005.50101258939 0.853825552956759
1348.9577342782995 1.1271270688021386
2149.254960896993 0.9417095289273585
872.860342961342 0.9313779407395648
1985.718860596982 0.9516234699115571
1416.2988352265834 0.8929487518996674
2119.9224574589302 0.9640236099439718
2304.7945222744056 1.185556083496624
