6 15
0.85 164.21444964665682 529 76 89 60 72 72 76 79 79 77 60 71 68 82 97 72
0.85 127.78160694087802 659 115 102 120 126 106 104 119 105 106 110 126 121 111 109 103
0.85 177.34166766519016 666 132 124 108 107 136 106 133 137 119 139 108 103 130 100 112
0.85 163.8760691982639 809 63 86 84 90 96 77 80 79 83 92 99 73 72 94 82
0.85 149.7136038229217 911 127 139 134 118 104 121 118 105 102 118 128 136 108 137 122
0.85 141.55532528207445 993 73 65 90 64 64 77 90 68 63 84 67 76 75 61 79
1798.6958926678476 1.0508280691755285
1355.851304792614 1.1742416708250047
2308.563352947017 0.8610803596008586
1906.9014841442586 1.0398706700378533
2555.9180365838984 1.0697887648234947
2113.8881505942386 1.11153689550566
1596.6743670321894 0.9268138829910549
1708.0309490475208 0.9262649153799665
1871.0131620280706 0.8598855672302489
1188.976122260196 1.0835987897831632
1180.3726140166223 0.9594682894516197
1729.1646945364412 1.0976012285321644
2564.432045365403 0.9804968441881162
1182.6027535474427 1.070066765020596
1729.0926078165649 0.8256751265414545
