6 15
0.85 149.07234949095215 571 98 96 71 67 95 91 77 62 75 85 79 64 70 67 86
0.85 167.13138447963826 611 77 79 83 84 70 64 92 72 93 74 67 76 65 81 81
0.85 168.9660570177035 699 113 104 111 101 130 133 114 106 111 114 121 119 138 128 125
0.85 122.60283067072376 792 124 114 135 112 132 125 138 127 106 113 136 103 130 138 108
0.85 125.90842842341084 947 125 112 114 114 129 100 126 113 128 131 116 122 124 136 125
0.85 121.51828939815556 997 91 93 68 72 96 81 89 73 66 61 70 77 92 80 65
1897.2018073140216 0.9154033586897022
1991.2061835055422 1.1928693127267396
1718.9701832878766 1.119540468697915
1479.3032167007382 1.1802589544394035
1683.7690266069378 0.8529904821537666
1409.711261961977 1.1947164708882458
1396.623210328567 1.1756689376965919
1585.627923004683 1.0508748514261494
1682.9888076508098 1.086441339386589
1702.6042934772506 0.9346739868893286
1899.2247498806116 0.802014018235529
2380.1599863410897 1.1618686857689282
1779.1284991518824 0.8333462285114008
1516.3075241333113 1.1725181509211573
2215.1809872362765 0.88997043042761
