6 15
0.85 136.40216006756864 576 92 62 69 75 79 77 89 84 98 66 99 88 79 64 87
0.85 146.34957295530347 678 110 122 101 105 127 103 135 106 136 138 128 104 136 133 100
0.85 162.48284903218283 729 61 88 62 70 84 60 69 71 86 88 65 63 91 75 70
0.85 148.45470260404082 794 138 111 113 110 139 108 136 138 128 136 103 108 126 137 123
0.85 177.8916835760443 899 127 119 120 120 139 114 112 107 114 107 122 118 101 139 102
0.85 169.83169154417413 929 95 79 63 77 88 94 60 97 76 79 78 92 96 63 60
2393.847047572551 0.9235472367239518
2478.6613651851685 1.1685232472365483
434.52045600503766 0.9365684002265346
2186.1557844863005 0.82070371413283
989.3419180976232 0.9702138321059448
2474.5229879139447 1.040454035218684
1752.0674186061535 1.1730013630869147
931.5617248812796 1.1111397627277029
1281.331974420721 1.0967265090737341
2326.2292728922494 1.191827970687218
1764.1946614485385 1.1796373882570914
1866.1168741730387 0.9449726225855148
2445.42832111198 0.8778612316288423
1811.0530107792906 0.8449808562594456
2074.429111193572 0.8709266832814773
