6 15
0.85 121.3557239516193 565 117 104 119 107 127 127 138 113 138 105 130 133 103 112 106
0.85 169.82496745340853 627 132 137 122 133 130 124 117 112 109 126 126 122 130 116 136
0.85 172.41955199248014 632 128 114 136 107 135 119 124 117 123 134 133 135 100 130 104
0.85 160.46344843455108 639 86 78 92 71 77 78 65 69 79 84 81 93 90 96 81
0.85 131.88706563569087 728 69 71 64 79 73 62 73 83 91 80 87 79 67 89 98
0.85 152.6168662671174 910 85 72 76 81 95 89 61 90 83 77 78 87 91 96 89
1524.4409469729862 0.8512763126381775
2457.7207903712597 1.0692437506130021
1225.9976573183462 1.185145500688542
1553.0157827182736 0.9593413633699391
1546.0345005239064 0.8069813624359047
1678.4010474366364 0.9005353159736534
2057.8352086287277 0.918865322882556
2247.790694252737 1.1891594453178835
1198.2777104238196 0.8488735604804005
1920.5039077548765 1.1765034600311066
1417.3585824678253 1.104372839706369
2177.2937574051184 1.0524220170440928
2140.5143649955157 1.0147329014287068
1528.4354953897928 0.9515607806348688
2267.889853190045 1.07974596083168
