6 15
0.85 136.6739445446121 685 137 133 105 114 121 138 103 124 129 100 104 102 100 135 118
0.85 129.6610658336896 722 93 88 60 65 83 61 93 71 61 87 84 61 93 70 90
0.85 121.8445169023218 736 60 98 95 82 88 98 66 79 67 93 72 80 92 72 70
0.85 135.96903059141727 806 89 93 74 66 72 93 78 85 76 83 80 62 63 98 62
0.85 133.74757859525664 836 103 135 104 115 117 131 131 103 122 126 100 110 130 103 110
0.85 134.27167418880424 963 127 114 109 122 133 120 123 133 116 136 121 109 115 119 101
1539.8570324017915 0.9597892843711725
1605.3506547006368 0.9232997078136537
1256.0618474128746 1.095368713075609
1117.0386746678973 1.0088424867859689
2040.8727969935314 0.8575435586916239
1918.6674544352406 1.0869621562002385
1554.2636938687394 0.9180293534947471
2313.9691507150756 1.0620163345639755
1997.4249930995122 1.0933200163831311
1488.6042835458286 0.9723225731562186
2211.4778944830314 0.9361748006641729
1923.5558788678572 0.9043864873915298
2207.244912831945 1.182769580425631
912.8548004088385 1.047069146391754
2660.9893130551245 1.0509974562049722
