6 15
0.85 171.20264876464373 594 98 88 96 70 76 82 90 88 91 65 69 98 94 69 66
0.85 157.95233415955548 641 80 81 97 97 78 98 67 61 84 75 81 70 81 80 62
0.85 177.3225099124881 652 138 108 136 103 136 125 101 118 103 123 119 115 110 139 133
0.85 151.7214542823334 746 104 126 102 127 131 116 116 102 118 103 139 106 116 116 131
0.85 121.34933737636574 841 118 100 133 126 127 114 105 113 134 125 100 113 115 129 107
0.85 165.63746248272471 849 60 84 98 73 87 98 73 63 81 89 65 78 62 61 81
1160.4604622545082 1.0546748247857443
2030.5098327252504 0.9185297026391449
1790.9027561858381 0.9920050131844685
1207.5033437408397 1.0467216810995692
2038.060303975777 1.169487068913194
1717.4122161244622 1.0909511187928376
1920.3862569321855 1.009006225754596
894.2797152019813 0.9631723712765338
1693.1961578560322 1.0331882923354456
2141.4691509664476 0.8078751049539918
1956.61194462493 1.107871110285096
1129.256777033583 1.041978526088433
1259.6182696434184 1.0761192093554057
1889.0778837373207 1.1551527794596408
1338.1373676285332 1.133586806150924
