6 50
0.827470930174972 141.78563988164154 523 75 94 94 84 94 79 70 77 97 96 86 69 73 93 93 74 63 88 89 61 96 68 72 73 61 74 73 78 98 98 62 70 95 88 94 74 86 89 92 84 80 82 91 97 65 81 64 62 81 80
0.8885167648914948 174.55197765194185 547 131 117 114 123 123 102 126 133 101 127 133 125 131 119 122 136 100 114 132 139 102 108 104 134 101 120 121 102 139 102 101 136 106 134 109 138 136 122 123 106 111 106 102 131 129 129 134 111 132 116
0.8134742522920211 137.24252137643103 614 102 104 128 112 113 119 119 103 110 102 112 100 127 110 123 111 137 108 121 132 102 117 121 132 123 127 107 108 132 103 133 118 100 124 135 106 131 128 103 118 105 136 136 120 135 112 112 117 130 100
0.8499673747927065 163.56854273398991 654 76 95 89 90 80 92 61 69 89 93 67 84 63 73 60 72 92 79 87 77 71 84 96 68 87 94 79 76 93 74 76 87 79 64 94 87 69 81 97 97 96 94 86 64 74 84 86 92 73 80
0.8245431444022183 122.86170780894608 864 123 121 138 108 106 123 134 112 101 132 125 126 121 114 129 128 126 132 133 105 137 121 120 100 132 104 113 134 127 131 113 122 115 101 130 119 134 138 110 111 130 135 139 103 137 127 122 137 129 129
0.8271265616573837 127.14301882827253 901 94 93 98 62 69 99 80 84 99 83 62 67 68 94 93 80 83 88 99 82 75 97 78 95 91 72 68 61 90 81 98 82 79 75 73 99 83 95 63 77 69 84 82 75 96 61 97 74 69 63
2960.353687315814 1.0
4476.81637950862 1.0
3399.4051719301297 1.0
5170.409424691317 1.0
3017.030612308896 1.0
4566.850243144568 1.0
3086.887825352858 1.0
3245.834174096837 1.0
4104.811357067784 1.0
2453.1617875530237 1.0
3147.4294306462757 1.0
3707.0900852267264 1.0
4268.503949578168 1.0
4406.462508707077 1.0
5673.701123024275 1.0
3657.523604813639 1.0
3820.5309985087165 1.0
4044.340777946272 1.0
4166.6931578217545 1.0
3097.3857145477605 1.0
3490.700660563011 1.0
2822.268319119216 1.0
1799.6893413512064 1.0
4075.7068242250643 1.0
4497.497889116012 1.0
2513.16613129756 1.0
2648.3844197919198 1.0
3887.953047742428 1.0
4075.486251616457 1.0
4637.403888446393 1.0
4001.6567821448643 1.0
4837.873743875494 1.0
3693.0686544680807 1.0
2780.271057842147 1.0
3475.3702110004047 1.0
2498.3612253468664 1.0
3929.904521799805 1.0
5226.613373352937 1.0
2961.643898964443 1.0
3673.871629483456 1.0
2725.1602795040994 1.0
2691.4264277569437 1.0
2950.0782445476957 1.0
2130.3599184967115 1.0
3672.8305905871507 1.0
3969.993428299955 1.0
4345.8654379120135 1.0
3558.2524203077123 1.0
4473.84799430386 1.0
3615.5812185066998 1.0
