6 50
0.8229957184192819 152.30873533558466 631 93 83 98 70 90 69 63 93 74 66 66 64 92 75 72 94 63 92 94 61 91 81 73 63 66 77 83 66 96 78 73 61 71 61 87 97 61 84 93 70 69 61 82 82 99 70 80 89 74 81
0.8391456623015521 163.6841785596066 690 137 117 124 114 134 113 136 135 125 105 135 110 113 122 125 108 138 136 134 123 121 105 138 104 122 124 115 133 106 104 128 104 105 103 114 135 110 127 105 138 125 102 138 117 119 134 120 132 104 102
0.8367778771131059 133.24548489174117 729 81 88 91 89 64 98 88 87 86 78 96 90 73 66 83 97 69 88 62 90 75 76 84 60 64 97 68 60 75 74 77 77 68 68 77 64 61 88 72 98 83 83 79 71 66 83 65 89 89 72
0.8728088808082436 137.7169009922986 856 123 124 100 113 134 134 130 135 130 104 114 136 107 135 124 130 129 131 102 114 119 129 102 129 116 128 112 110 123 111 109 137 100 118 102 108 136 114 111 132 109 133 100 121 121 135 111 137 123 125
0.810513301297403 152.31226342914044 858 109 100 128 135 136 139 127 128 123 107 137 100 121 112 100 134 113 100 117 123 116 107 121 107 125 134 124 112 126 110 135 125 120 111 138 114 124 105 126 132 111 113 102 110 121 137 133 117 138 128
0.8448444110204425 135.46716240140518 898 87 79 82 68 81 88 69 62 85 64 74 93 83 87 84 77 97 77 71 69 60 65 81 62 80 72 87 95 61 78 84 91 93 86 72 81 90 65 90 82 80 92 89 83 92 85 76 75 79 73
3280.2921904099367 1.0
3326.0076479919717 1.0
3459.2412767129626 1.0
3124.613871638769 1.0
3860.274975118616 1.0
3288.0817314931087 1.0
3065.2833851066734 1.0
5374.148387094946 1.0
3877.353911539526 1.0
5558.003329435935 1.0
2821.9773044727253 1.0
1957.9053995718368 1.0
3665.4454285953307 1.0
3547.0566077491894 1.0
3310.4264911188975 1.0
2107.6460077746524 1.0
2849.052044441482 1.0
2183.3193546340026 1.0
4787.312551376717 1.0
3135.105854283325 1.0
4408.238749738541 1.0
2821.253666792049 1.0
2345.3788389515075 1.0
3623.0028393390003 1.0
3418.2768081977433 1.0
4484.414664319845 1.0
3569.1796852182124 1.0
2226.6068390419596 1.0
3574.8341089702526 1.0
3937.56396818327 1.0
4789.412611914668 1.0
2595.8112610726503 1.0
3498.071658525302 1.0
5070.681210171926 1.0
3394.9583060347936 1.0
4546.725330751565 1.0
4646.112282293532 1.0
4403.585348609232 1.0
3353.1275235356884 1.0
5063.090665650418 1.0
4047.6451583710277 1.0
4315.035312178985 1.0
5721.621138095914 1.0
5442.507114389675 1.0
3792.701236695012 1.0
2345.3192500144733 1.0
1484.9786829703207 1.0
3971.0908726584553 1.0
4244.982896547572 1.0
4247.2683107861885 1.0
