6 50
0.806978717004754 156.35096101400654 536 109 109 100 138 115 118 107 107 137 119 112 130 107 123 110 135 137 108 103 118 111 127 122 137 121 105 112 108 107 133 109 133 121 139 131 135 102 120 114 114 126 134 117 106 137 123 132 127 107 136
0.8749194127828659 133.36156775967956 542 100 133 107 139 132 135 101 110 102 138 129 127 101 123 100 128 104 123 101 109 113 139 128 104 101 115 124 102 115 138 129 132 105 104 103 107 130 103 116 133 106 100 110 137 129 120 107 124 134 104
0.8907943583972613 138.8694557487261 752 80 76 98 94 93 66 99 62 75 97 85 61 61 71 70 65 76 87 97 91 97 97 76 61 77 83 95 63 84 64 86 62 63 65 74 84 70 94 84 72 80 72 95 77 70 95 75 60 85 73
0.8847187983713947 126.7583858862121 846 98 94 79 89 98 76 92 75 78 68 75 95 60 89 85 68 61 76 81 71 75 77 65 88 67 91 86 78 85 79 69 81 80 78 60 99 81 68 62 81 95 60 61 69 79 99 78 91 77 77
0.8148580889319217 138.81153915879491 859 66 75 83 60 64 65 83 95 73 85 67 70 71 94 69 86 98 87 97 88 74 97 66 80 83 67 91 82 73 96 83 87 61 66 77 71 61 98 84 71 63 93 84 75 86 82 90 60 63 90
0.852542217223957 132.65154524791308 936 101 107 104 101 103 137 126 104 123 135 135 120 107 115 137 113 125 105 125 125 123 123 122 103 116 124 106 125 122 126 110 133 139 129 131 114 124 138 129 125 134 106 105 133 125 125 132 106 131 109
3543.728337086568 1.0
4386.935574552114 1.0
2165.3014717784326 1.0
2693.9793837873985 1.0
2535.273097505936 1.0
3292.8624112588727 1.0
5100.614401596841 1.0
3667.7892572229157 1.0
5240.121328719011 1.0
4391.517747866938 1.0
4912.069985958527 1.0
5291.659524931037 1.0
4502.908172434028 1.0
4346.563306157963 1.0
3455.4386482999926 1.0
3073.9135067741636 1.0
4220.638729420127 1.0
3336.911253032137 1.0
4663.027783886874 1.0
3239.7776957962396 1.0
2612.9353819240446 1.0
4347.712336340634 1.0
3339.50284960895 1.0
4751.171947641109 1.0
3493.900456949454 1.0
5246.167779672871 1.0
5287.405665417642 1.0
2375.0595548046185 1.0
3506.7784541686183 1.0
3580.561872923344 1.0
5221.3606701897215 1.0
4358.783682877092 1.0
3070.517539428846 1.0
5517.472657101837 1.0
1836.9878371635943 1.0
4813.193944855375 1.0
3252.0443533738194 1.0
3610.8468437474635 1.0
2426.810783621279 1.0
4558.49663454885 1.0
2791.343396675421 1.0
3022.2199701762897 1.0
3405.5298945745126 1.0
3928.396775608394 1.0
3509.6237296474883 1.0
4160.873260536224 1.0
3299.453809409503 1.0
2650.0778822358916 1.0
4654.462498420069 1.0
4276.871948545352 1.0
