6 50
0.8804041554482382 161.46632427192765 603 82 92 71 83 66 63 75 71 66 67 76 80 80 79 66 67 63 74 64 65 90 79 96 79 99 77 80 78 97 72 60 78 60 91 63 88 68 66 76 88 78 66 80 77 73 91 98 61 92 94
0.8856503233690736 151.93379275454453 651 128 138 128 100 139 136 132 136 118 101 121 132 113 123 105 105 121 126 103 119 101 139 116 126 124 121 136 111 133 108 122 102 112 137 139 117 126 105 104 107 139 135 110 125 112 124 135 110 118 109
0.8720434487794265 142.58662641763905 730 74 92 89 65 70 88 92 83 69 83 61 98 92 69 85 97 76 76 72 90 62 99 77 70 96 81 98 92 94 70 78 81 76 94 77 89 75 72 82 73 66 76 79 75 60 97 70 77 78 77
0.8411642651018472 131.0151255800215 764 117 137 126 104 114 131 138 132 101 133 126 128 109 107 109 116 112 123 105 129 118 116 134 138 106 128 114 122 130 138 119 123 129 117 113 105 119 120 125 119 129 132 127 103 122 105 135 126 137 115
0.8643908891234092 129.16123989694856 841 86 61 71 78 77 92 62 97 63 75 73 77 81 94 61 81 80 85 94 69 87 84 72 63 81 98 71 76 81 80 83 76 73 71 83 91 78 72 70 92 61 80 72 68 77 88 60 83 65 87
0.884088173874792 151.55330483396367 856 124 130 104 128 138 115 103 115 103 127 108 103 108 137 120 104 134 112 121 138 131 105 121 125 138 120 124 107 135 104 104 123 132 135 126 131 128 137 122 139 107 136 103 118 112 138 137 123 118 113
4167.005260091324 1.0
4486.5836586373325 1.0
687.7492181537418 1.0
3522.0561859220265 1.0
4513.391547480556 1.0
5578.418809562429 1.0
4883.511482771824 1.0
3773.2156101853548 1.0
2489.1942847096316 1.0
5304.482537260038 1.0
1833.8834610903345 1.0
5297.824973868056 1.0
2723.131291541808 1.0
2623.4194718265235 1.0
4349.272449457361 1.0
4937.182788143853 1.0
3715.8793495727946 1.0
3178.1593878235776 1.0
3367.009032729703 1.0
4785.999910731591 1.0
2486.3331680544425 1.0
2941.7529017317584 1.0
3944.988073751422 1.0
3044.0471144928306 1.0
4296.622197990485 1.0
4535.120233887345 1.0
3595.1472661608486 1.0
3965.857237454913 1.0
2926.8305302677727 1.0
3719.2074157190373 1.0
3753.1734491765146 1.0
4739.818937207995 1.0
4722.737021823123 1.0
2966.731923222817 1.0
3819.045383825908 1.0
3910.1524935417115 1.0
4165.6996538296435 1.0
3285.5080659510436 1.0
2730.4475824824094 1.0
3636.1922947570715 1.0
2808.071766496163 1.0
3458.884268817785 1.0
2192.179976055313 1.0
3775.9865444880825 1.0
4320.889299477781 1.0
3966.919227108731 1.0
3421.524571497798 1.0
4572.293129878673 1.0
4792.135640117361 1.0
3523.5641723187573 1.0
