6 50
0.8907690112750221 134.55584780654104 501 100 111 128 131 133 132 127 132 115 126 111 115 115 117 114 129 118 138 122 130 132 120 106 119 126 134 131 134 100 114 133 107 133 100 107 122 133 104 124 132 136 133 130 102 110 122 100 118 137 136
0.8689502002642256 121.09511475254168 685 108 106 137 127 117 115 133 138 121 129 133 104 110 121 111 122 121 129 124 136 128 105 103 129 108 118 105 115 135 137 127 104 127 111 114 104 139 131 105 100 119 131 121 128 117 132 112 120 118 120
0.8801155828782635 141.66528388912704 738 111 102 117 107 118 114 101 129 109 123 103 108 138 128 102 108 101 131 109 108 129 136 117 106 117 100 139 137 137 136 117 139 130 104 115 120 101 132 123 138 133 114 105 119 103 112 124 118 116 119
0.8449917290431092 150.8413966014793 833 84 67 70 68 73 89 96 62 75 84 90 95 75 90 64 89 86 89 76 63 69 61 73 67 82 82 87 88 77 63 69 88 97 76 76 85 82 79 73 74 98 94 86 88 99 89 88 94 65 63
0.8128867457230312 161.58110930000993 917 63 60 74 84 85 76 60 71 89 99 60 93 89 71 71 62 83 92 68 71 94 85 90 60 78 93 95 83 73 95 66 98 64 72 94 65 75 86 71 93 93 94 60 84 82 95 97 93 78 70
0.8682406814263969 145.5813980640089 983 73 91 60 77 79 77 74 81 62 85 86 84 80 88 75 68 74 90 83 73 96 80 82 98 87 74 82 67 71 93 71 75 97 92 65 78 68 69 94 84 78 62 62 89 66 85 82 69 96 61
4325.952334059534 1.0
3277.834540446031 1.0
4467.65209384425 1.0
7004.444186781534 1.0
3898.7714910435743 1.0
3055.9495884552143 1.0
2637.133485989717 1.0
3388.4245817698716 1.0
3499.254329113177 1.0
3945.9957713377535 1.0
3855.7006675519733 1.0
5266.271054926593 1.0
2843.353514844484 1.0
4945.838054453545 1.0
3447.4141015439836 1.0
4342.715992312046 1.0
2123.9993944917587 1.0
4055.3932979855176 1.0
4087.800724958574 1.0
2413.187676074588 1.0
3675.30508444883 1.0
4115.567204877225 1.0
3116.2897015954572 1.0
4002.3671598237356 1.0
2066.909138631772 1.0
3722.8803810706927 1.0
4307.452889793681 1.0
3487.8654578354735 1.0
5731.714714631469 1.0
3192.644662131466 1.0
3736.882371707652 1.0
3291.6511478529346 1.0
3388.088380717219 1.0
5097.614819236144 1.0
3037.154517643121 1.0
2614.1138687506073 1.0
5383.781573241284 1.0
3825.9075846014484 1.0
4176.457225952701 1.0
2218.2268018442046 1.0
4603.328223167824 1.0
2512.105114268633 1.0
3739.2364576907244 1.0
4166.205602798599 1.0
3656.1943301546535 1.0
4340.766720396508 1.0
4235.20410659503 1.0
3317.1313970704305 1.0
4734.142371151858 1.0
2401.904867678752 1.0
