6 50
0.8699119713051134 173.72762766193574 566 119 104 109 110 113 121 109 133 134 127 105 130 133 117 116 137 110 134 122 119 128 118 129 121 114 131 113 124 121 124 101 129 130 107 104 130 105 139 102 133 135 100 122 137 125 127 131 103 128 138
0.8347915039961867 135.72842362878967 601 120 100 103 123 137 102 138 136 118 113 119 133 132 133 130 111 109 125 134 107 109 102 115 106 126 111 132 134 127 102 102 113 127 122 130 120 133 130 103 135 107 132 122 120 109 101 106 134 114 131
0.8013164761883341 163.2255531495191 771 124 132 128 108 114 126 118 126 115 134 107 114 102 109 130 137 128 105 106 136 119 121 102 134 101 139 123 139 105 100 114 108 120 112 111 107 127 136 125 112 100 105 138 126 107 105 133 139 124 125
0.8742396079607525 173.84682352995924 772 95 88 71 89 90 63 93 92 88 82 93 92 72 78 76 70 90 78 99 80 93 86 70 76 76 73 98 97 85 96 75 68 99 71 95 83 88 73 97 92 96 81 70 91 88 88 86 60 72 79
0.8661500508760297 150.7232800364532 986 67 95 87 66 95 91 89 69 74 62 61 80 85 60 82 85 97 99 73 91 87 81 93 72 64 60 75 70 77 72 88 81 84 69 67 64 62 98 95 79 69 93 77 70 80 97 70 85 63 85
0.8148959589491935 152.26100791373062 999 77 90 72 62 85 73 99 81 63 60 63 85 60 94 60 88 83 89 81 73 73 94 99 70 90 86 83 93 92 96 61 92 60 68 93 64 88 67 95 68 67 88 93 69 98 68 69 92 67 62
3476.39743212255 1.0
3407.7198997823953 1.0
3618.7993820865636 1.0
1946.6473587901132 1.0
1414.9816339848126 1.0
6840.434364694749 1.0
4277.337231351365 1.0
3944.6920431871636 1.0
2630.362169765235 1.0
4119.002959215484 1.0
4684.422948221896 1.0
3538.0327721482795 1.0
4926.611214299271 1.0
4329.514712435627 1.0
4564.711326819165 1.0
2233.5850925943323 1.0
4550.854891579888 1.0
4205.5934534468 1.0
4078.7212439645614 1.0
4610.530041274461 1.0
3417.802190482483 1.0
4714.920691750951 1.0
2646.547738881567 1.0
3760.4974659533373 1.0
3733.833698492294 1.0
4703.143030135988 1.0
3979.600613498784 1.0
4896.093833199257 1.0
5187.965964027933 1.0
2241.1705581904857 1.0
3486.017393579774 1.0
3072.383156362598 1.0
4838.593599434056 1.0
4780.0032885957235 1.0
5283.036173874957 1.0
5102.517465499863 1.0
3963.409520549964 1.0
2889.564939988806 1.0
3363.2743532943136 1.0
4486.056466025356 1.0
3663.650136736047 1.0
4256.924372998602 1.0
3566.2005904085613 1.0
3571.669518588553 1.0
2701.1431670860175 1.0
3232.7405245191376 1.0
6033.021464287978 1.0
3553.781856537198 1.0
4720.924154676688 1.0
3139.519274379964 1.0
