6 50
0.8436167257684256 144.8160809596905 533 64 98 98 65 69 85 99 92 93 88 98 92 98 97 74 96 85 61 89 77 66 85 81 70 98 83 63 85 82 60 93 83 82 66 83 64 69 70 80 93 66 82 80 74 70 90 66 95 71 87
0.8378478713122185 155.59582270813993 675 128 115 134 127 100 127 126 139 126 135 119 125 134 125 115 120 117 108 125 100 138 134 123 124 117 108 132 132 114 134 133 114 131 127 114 133 104 111 119 104 121 122 108 107 133 127 115 126 130 128
0.8488715506292699 177.43734266625057 681 138 134 117 101 119 109 125 114 111 106 138 104 111 104 103 105 100 105 101 102 135 114 126 120 105 126 113 118 110 136 128 108 107 101 117 125 138 119 125 123 102 112 108 131 115 137 109 115 127 100
0.8817534701123965 149.39944012283667 798 90 86 67 82 87 66 85 72 98 96 73 69 99 89 65 94 67 63 60 60 73 90 87 89 77 62 86 79 63 77 89 90 70 74 74 95 73 66 96 61 72 75 95 64 97 76 64 92 70 87
0.8278935135903749 142.95771824470373 952 92 74 86 77 76 87 99 85 90 92 66 77 92 63 79 64 67 70 96 94 75 95 60 68 60 74 60 82 85 62 81 63 67 68 98 65 84 64 94 83 76 86 80 75 69 81 89 75 91 70
0.865094326144955 151.08786705447483 993 116 117 117 120 110 103 124 114 132 115 128 131 117 104 112 105 130 120 130 138 101 124 113 125 138 106 132 114 132 137 107 139 132 109 119 128 129 122 107 112 135 119 101 121 117 104 111 103 109 130
5136.958047514167 1.0
3970.958507542736 1.0
2998.8828695191996 1.0
4778.709637687112 1.0
3109.1318629354837 1.0
2641.600816284398 1.0
4959.6732964081875 1.0
3489.4262039763225 1.0
2582.000035039826 1.0
3002.0611640555885 1.0
2602.13454038044 1.0
2705.4262201755373 1.0
2553.870958060703 1.0
4891.858957192993 1.0
5290.829785352161 1.0
3486.503217907149 1.0
3323.552370963764 1.0
4389.363239651767 1.0
3761.1887445997263 1.0
2323.6184412800476 1.0
4410.333600623869 1.0
3137.2369173309744 1.0
4774.648122494422 1.0
4193.786633939233 1.0
5522.98544790244 1.0
3143.185013590375 1.0
3292.5951606380186 1.0
5810.500074369539 1.0
2559.823798057052 1.0
2566.723749253536 1.0
5276.622779385293 1.0
1621.1473761127704 1.0
5170.928365456416 1.0
2768.4865259062153 1.0
5160.811670594013 1.0
1874.7548473625286 1.0
2389.949075487486 1.0
2813.1651446401147 1.0
3583.783815760029 1.0
3372.6349020552434 1.0
3380.64660450267 1.0
3253.1980663829995 1.0
4489.477465540478 1.0
3854.8714753019426 1.0
6589.029015979753 1.0
5487.294531512182 1.0
4969.878708314879 1.0
2961.817189196703 1.0
4064.773329627782 1.0
3378.0517393540913 1.0
