6 50
0.8135590573355928 143.8565509468901 589 98 70 73 84 76 89 66 75 88 81 85 96 91 68 93 86 97 96 77 62 91 90 92 87 84 99 95 78 86 75 71 77 67 80 61 76 67 66 69 77 60 91 86 80 99 77 61 90 90 84
0.8564211959859422 173.2304376501939 693 92 81 89 79 77 61 73 76 63 70 63 83 77 81 98 88 70 95 97 76 77 89 63 76 98 81 63 71 73 81 64 71 93 63 98 83 85 85 96 95 75 88 66 79 85 79 81 62 65 77
0.8726487994748915 166.55976756667275 719 125 134 114 113 103 108 120 121 109 121 106 128 119 103 103 106 121 115 135 125 107 117 124 108 101 111 139 122 130 135 109 112 130 104 126 124 114 109 105 127 101 117 132 118 123 131 112 103 108 105
0.8662975331400636 135.19945128943883 738 138 133 116 111 126 116 133 130 124 132 130 133 114 138 122 102 109 110 111 123 106 120 129 126 128 100 110 112 122 133 100 106 107 111 108 116 111 118 129 106 134 113 111 105 109 139 138 131 102 132
0.812605592207448 157.60650623204447 983 84 79 73 63 75 70 93 82 62 84 78 86 84 94 61 97 62 83 80 74 97 90 81 89 83 66 76 70 83 78 65 97 94 83 80 94 70 90 65 78 68 75 93 92 65 95 88 87 81 70
0.864675954992753 167.2202573395602 986 120 126 105 105 130 133 122 128 135 130 101 111 104 136 127 119 115 118 112 116 113 115 107 112 115 131 133 131 131 106 109 129 132 127 126 117 122 125 128 101 123 133 106 135 132 110 129 104 120 119
3284.6280902799353 1.0
2929.0274267379996 1.0
4009.2155848912166 1.0
3154.583239577325 1.0
4548.511759131415 1.0
2326.289922990143 1.0
4559.76724475775 1.0
3890.3338375551343 1.0
2931.104297413433 1.0
3009.1955740743592 1.0
4320.478364532688 1.0
3087.3695667325883 1.0
2376.178058011324 1.0
3430.0102619647937 1.0
3771.5428436495754 1.0
2462.596872463583 1.0
3862.9827553023297 1.0
1096.894022392577 1.0
3784.238368649552 1.0
3411.0306489204977 1.0
3329.4062218828335 1.0
2674.326856391505 1.0
5014.020891201696 1.0
2763.5203139171904 1.0
4932.455022873056 1.0
5685.208002963199 1.0
3685.208352612416 1.0
3665.020663502085 1.0
2381.1941812593805 1.0
3127.9784354136686 1.0
3528.257164042644 1.0
2777.4225289039828 1.0
3585.633991752831 1.0
3747.291087697599 1.0
4121.432637051697 1.0
4129.950910787207 1.0
3531.3547987068064 1.0
4025.7510599030265 1.0
2966.5268712652755 1.0
3280.827614781324 1.0
2571.891546878674 1.0
3385.5439666225316 1.0
3571.239228241373 1.0
3606.7004143263307 1.0
2704.7506083894687 1.0
2737.0349720455097 1.0
4663.062045414676 1.0
1663.9758574466396 1.0
4442.577630269271 1.0
3175.5350601094647 1.0
