6 50
0.83919390534073 147.46150712104887 576 79 98 80 70 68 77 64 99 73 75 97 83 81 95 80 96 84 87 79 81 70 78 87 65 85 72 72 87 86 77 98 69 62 92 86 61 75 88 71 90 98 84 86 87 79 81 69 95 67 80
0.8889729232258848 173.43685063502488 586 128 112 113 110 118 117 106 122 118 100 102 137 131 105 132 117 137 125 111 117 101 132 137 113 110 104 138 115 115 120 101 116 104 117 119 128 102 107 139 114 130 123 138 137 133 119 117 127 114 125
0.803338456257457 134.54010412093064 586 80 60 60 67 97 79 89 63 78 81 76 81 83 63 69 99 76 91 92 79 66 94 96 96 87 97 86 99 78 74 82 97 95 82 63 93 99 71 64 87 61 99 92 76 85 89 94 93 69 71
0.8600404782816332 161.90372915727454 717 107 106 119 132 120 106 121 128 138 108 119 134 129 112 116 134 127 125 116 108 102 127 119 111 104 102 106 125 123 117 104 131 114 123 122 110 121 103 130 111 109 136 114 114 132 121 131 139 103 119
0.8395041284236926 147.49270572778752 785 61 76 93 79 83 79 74 96 87 66 86 82 82 92 78 86 72 93 86 63 86 86 75 69 96 91 72 98 91 78 93 88 83 91 89 69 99 81 68 94 85 65 70 62 72 96 62 79 85 81
0.8900286684176513 169.02669974116884 891 134 130 121 109 116 106 128 107 133 111 107 130 136 123 112 105 130 115 135 130 118 113 101 129 111 133 103 101 128 121 100 126 132 119 119 135 107 132 100 108 100 123 121 102 137 103 103 108 134 102
3279.7971471301285 1.0
5562.203664693449 1.0
3112.8357105069335 1.0
3320.286695107089 1.0
2807.078892857494 1.0
3403.0495222731543 1.0
3298.8040176518807 1.0
3485.998372900447 1.0
3576.6709672784013 1.0
3570.741932448693 1.0
3643.96121960361 1.0
3785.2992599566023 1.0
3135.1401418078444 1.0
3677.033873370909 1.0
2070.9980074011746 1.0
4337.102205372224 1.0
3600.8767106124587 1.0
3668.4492430195187 1.0
3575.537842260535 1.0
1779.7080160425066 1.0
4313.507118837878 1.0
3417.206635951463 1.0
4042.391152653485 1.0
3635.655926779947 1.0
4180.293472780665 1.0
3192.4243031681362 1.0
3557.344836182981 1.0
3790.2975289799115 1.0
3977.636686338768 1.0
3309.539968900773 1.0
3054.1651425313426 1.0
2627.265252518222 1.0
4271.685792033923 1.0
3663.0662376882938 1.0
5938.462158533103 1.0
2711.738610558879 1.0
3888.4387774188344 1.0
3369.1279303113156 1.0
3575.5714108896623 1.0
3471.2019778787076 1.0
2754.509974282015 1.0
3892.9270870038868 1.0
3739.770783944 1.0
3535.595899868627 1.0
3546.7258358197523 1.0
4208.109667193882 1.0
4287.015988764952 1.0
4669.866515927669 1.0
2630.246599293838 1.0
3574.8573131206726 1.0
