6 50
0.806693267995812 128.39906645805317 600 117 106 127 103 112 128 105 123 119 123 137 106 131 123 128 127 123 125 134 122 118 100 121 120 111 110 118 109 105 106 131 100 116 139 117 106 126 127 135 124 109 110 130 126 125 108 104 124 119 100
0.8610003694174273 155.50187122098384 689 88 77 75 66 67 61 94 80 75 68 63 99 99 63 62 94 80 60 86 76 79 93 62 90 62 79 88 88 90 71 93 67 79 82 97 92 68 86 92 94 62 84 98 77 80 98 82 66 83 72
0.8241544134655645 150.39816897434127 826 82 82 82 72 79 60 84 63 88 84 62 77 64 97 96 80 72 61 70 90 76 79 88 86 75 88 73 61 69 83 96 66 76 74 64 88 60 72 83 73 94 65 74 85 98 71 89 83 71 83
0.8448997844382635 136.69764998196985 829 78 74 87 93 86 90 96 79 67 84 82 60 67 66 82 73 78 85 93 67 90 64 78 73 83 83 75 61 86 89 96 71 91 87 83 94 68 81 77 82 85 60 75 60 60 98 83 89 90 99
0.8238371392495735 139.0478647357633 844 101 111 121 136 137 117 125 103 105 121 122 124 136 136 109 131 124 116 114 110 116 106 136 112 132 135 109 130 114 118 120 125 135 106 100 118 135 109 128 108 114 127 109 129 138 117 114 101 110 133
0.8328329369870393 176.21694148897328 929 112 111 104 106 114 129 115 129 129 121 105 108 108 131 102 117 127 133 117 118 100 136 108 127 137 129 131 128 112 113 108 103 137 124 102 117 115 113 136 102 122 131 101 115 106 101 126 121 127 108
5836.391205121226 1.0
3047.8458775329573 1.0
3945.398165727936 1.0
3878.914761466537 1.0
3603.55424662514 1.0
2549.211961627875 1.0
4915.024922690658 1.0
4943.328276965443 1.0
3495.8538895847896 1.0
2411.092485199274 1.0
4366.720634816023 1.0
5318.403404016314 1.0
4560.733267955146 1.0
4443.253746910251 1.0
3135.558688007001 1.0
4079.0656040710874 1.0
5321.422729886466 1.0
3304.49643307624 1.0
3780.605496644593 1.0
1564.8679308615237 1.0
2802.455179532203 1.0
3636.99076055437 1.0
3824.2182690319178 1.0
4976.8318918818 1.0
2914.4007193501348 1.0
4288.155130916203 1.0
4133.707550364404 1.0
4454.417101295041 1.0
3891.7036759588823 1.0
4725.546786170424 1.0
3711.98250010005 1.0
4308.129796885127 1.0
4038.0761978024184 1.0
5690.018388331703 1.0
5355.809991167299 1.0
5952.612897934303 1.0
3171.0432546907277 1.0
2766.4731479248926 1.0
4064.5079195077165 1.0
4337.462365317266 1.0
4449.182526887687 1.0
3626.3447946592037 1.0
4549.472238243577 1.0
3982.9570522703507 1.0
4772.140880847606 1.0
2824.342282713297 1.0
4631.710103385069 1.0
2905.5386944396228 1.0
5263.228099815116 1.0
2743.383763920452 1.0
