3 100
0.8221496857346496 165.23906384384776 556 138 118 101 104 101 119 124 105 126 135 110 126 135 102 103 113 115 101 119 117 131 100 129 115 138 100 101 110 131 131 139 131 112 102 125 123 102 107 129 135 113 129 128 132 107 125 121 131 128 130 101 110 130 127 116 134 106 109 100 106 114 108 108 108 138 135 111 110 114 136 109 137 132 116 115 128 102 103 104 108 138 102 127 106 120 116 134 124 124 112 135 107 130 135 119 108 101 117 110 120
0.8597705299998352 141.49335593213328 601 91 80 73 98 93 96 62 70 94 75 79 90 62 67 96 79 97 61 88 86 69 81 65 97 97 93 94 84 76 73 79 62 74 71 74 91 98 72 96 65 80 69 97 79 87 96 99 84 99 72 65 97 96 62 62 87 85 60 63 88 76 72 84 83 81 84 85 84 72 77 78 99 85 90 82 83 66 88 63 63 88 85 96 77 65 80 84 87 90 96 63 84 69 73 90 63 94 91 69 82
0.8690026503152051 124.911886105094 667 99 97 83 98 63 77 95 76 71 62 65 91 65 88 64 69 66 68 80 71 86 97 83 98 68 79 63 63 96 65 61 99 94 98 90 91 81 61 94 79 81 79 83 72 91 79 65 97 73 98 69 73 99 70 95 93 69 80 77 67 81 91 84 88 76 83 97 76 78 74 90 87 89 61 85 65 92 63 78 77 73 87 88 60 71 91 97 97 64 97 60 95 68 68 83 68 83 62 95 69
5409.624920957833 0.9201689380842323
4582.999501156298 1.1504146321380877
2750.2128103670343 1.1064456888112892
4084.1772163027235 0.9050915851503579
5539.729792537586 0.9689065637325641
5970.27261852463 0.8578890230413833
3417.5980764508527 1.0238978133557948
5166.917964041538 1.105927685880516
4547.074978836533 1.1100247057432875
5235.897270551751 1.0562482516972236
3131.7958855305983 1.1035727066381815
5668.021157044768 0.8588416985145402
5655.355177222925 1.074305643088559
4088.3899054772473 1.1278473001832556
4163.649672542448 1.0586086818442015
6786.121323183134 1.0377333851297692
5456.950695428474 0.9214130750983126
5396.58088358391 1.19475605905299
4346.0963973422195 0.9762437999667066
5853.632230898873 0.8812682987213645
5452.921316637687 1.0834929070934618
5274.343062597925 0.8077793305747242
4559.737106302204 0.8821392176306335
4619.407187225298 0.9242316483871716
4995.675978793265 1.0724840362291053
3958.675704978893 1.0994725584595255
4113.5694928691855 0.8449254700780269
7253.777633244934 1.1364374472601568
6032.181835942612 0.9640268711084868
6709.936445059925 0.9184673175199519
7236.557771534617 1.1003100598677518
5493.706474767318 1.0361448292613336
4116.624617843613 0.9435815386750103
5341.983345839931 0.8104591533315717
5893.47567226981 0.8380295588119028
4517.901244173859 0.9420523052203729
5609.535659583111 0.9469385330069799
4028.9415964703926 0.9450915298766027
6730.124940174831 0.9089363651531684
4643.349380269612 0.9757001155955936
6308.4152270837185 0.9648414313214405
7200.833965285588 0.9898389604726117
4257.465904453104 1.1273294882499667
7231.639800606427 1.0715278614215253
6005.89675339363 0.9459349443186944
5999.412074833462 0.9642515703006742
3578.1095910744934 1.021046965130701
6162.291157876377 1.109299717414814
8872.606009372548 1.0339247363506276
5574.959369801579 1.0141415927950435
6878.257844353597 0.8736081435806256
8118.325662385647 1.023369201810037
6350.360577349225 0.9552146144364904
6414.005570449399 0.8701950826544137
5976.513856000607 0.8618188986193669
5691.0660715887725 0.9347205186364729
6861.954715065871 1.007817029640203
2544.6918558131392 0.9172531480225573
5031.213289927201 1.05243011583774
6117.360425212345 0.9378480355242458
5147.686187239472 0.9062309575615823
4759.808208760142 0.8091406314114233
3096.818134880305 1.0684186265609492
6501.388199647135 1.039256948741746
4518.636582451357 1.1600783428328278
5081.504448905564 1.0276060560038904
4609.389694009918 0.8880187120533943
4130.468901004815 1.1918896136086945
6356.763234041048 1.1270480189214693
4909.445015703193 0.9330881013491208
5438.7463084386445 0.9741242291048511
6865.895741391078 0.8749000764991829
5363.655583595699 0.9504534718725479
6847.051767477065 0.9914775770591747
5973.043003511177 0.9617265450554401
6530.363710750026 1.075616175921042
4019.0293549234266 0.80652419478352
5445.158998339265 1.1703838171295997
5474.356469150781 0.9290977429936592
6181.816438253155 1.1289432903458367
4660.328802432511 1.007778227941217
6589.4195817208165 0.9852232109512606
5690.564972595575 0.8646030049699265
4681.333699627963 0.9869238597221548
3761.946382287887 0.8561168525489898
6526.199189289569 0.9062005229557116
4856.041785404597 1.0505883730928345
5179.442875003993 1.110041855855989
3934.8071553364334 0.8166912693905636
6557.892978190317 0.8391399271190929
6013.032342364933 1.0976193647291215
4272.0752255696825 1.0501203998575972
6386.333450042092 0.8302554784061269
5423.693837881666 1.0637105457594145
7851.230215698337 0.8703595800833346
6395.8883291889215 1.0169698198910175
6601.762078816836 1.1756910407623846
4637.2503739061 0.9970607965343596
5904.968266162802 0.8939920330272596
5079.948086903897 0.902846897630947
