3 100
0.8691868753404604 173.6995485772664 824 122 129 134 119 101 123 105 112 110 128 112 108 107 118 121 136 111 110 126 135 123 125 108 115 106 137 134 129 107 106 111 138 104 117 115 113 102 135 126 104 134 115 120 125 122 137 118 126 101 114 128 124 112 106 105 103 112 115 114 133 128 118 115 114 115 133 119 138 124 104 109 135 112 116 104 127 104 133 103 101 107 105 132 130 126 114 112 108 138 111 100 109 120 100 136 104 113 103 131 112
0.8504198537387514 137.17713330911104 903 71 70 76 60 83 62 88 66 91 95 75 99 68 71 73 94 71 83 61 64 87 63 79 83 66 63 89 90 80 83 88 95 60 75 74 83 71 87 89 84 71 84 75 64 64 82 69 96 68 84 84 87 81 60 73 83 84 88 66 81 83 95 97 98 90 83 62 82 88 85 86 99 60 65 94 71 94 94 87 67 91 83 88 65 78 64 94 66 74 72 64 67 73 96 69 84 70 70 95 91
0.8473049228005507 120.60455469701434 963 97 70 71 72 90 80 64 87 80 78 84 69 84 97 96 90 98 75 83 83 75 76 85 65 67 96 90 83 78 91 91 78 80 82 84 85 72 60 74 93 91 76 99 98 97 89 85 89 71 83 97 94 84 78 82 74 87 70 62 91 95 89 67 79 77 67 89 74 76 72 85 85 76 95 65 96 68 93 73 95 74 83 93 83 64 84 66 87 78 97 97 90 81 90 71 92 76 99 74 81
4384.1956857792175 0.891922852694483
4927.758273002587 1.0783697131795917
6864.023530552663 1.158840276003464
4298.506966471194 0.910727964947392
4550.019056090843 1.0234395589884944
4647.239771726924 1.1459679340751132
5982.288089082176 1.0592835558997196
6781.022700263373 1.0591598120915395
4604.159593468147 1.0093023938652292
2988.410752889404 1.0389788300951697
5651.783076492754 1.1337174984492313
5275.773732213833 1.1375841838290424
6118.237755886064 0.9992574217445571
4785.189789504174 0.8517405771173537
4746.209530948155 0.8907600885766667
6146.592876926796 0.9152776342961051
7186.355068530867 1.1668500955624712
6115.531842015473 0.8691526952710991
6489.65612345081 0.8356404520164177
7804.85461030596 1.0525837313136703
7095.771221477918 0.8429388967658601
3364.7146313058215 0.9306089508746229
5985.494424306771 1.1137482582862221
4513.3441278271275 0.9335708753952532
4980.2743596324735 1.1127348274434432
4455.277692694407 0.9526695767609656
2975.1078456436976 1.076369736988258
5099.62281251285 0.811843774415931
7321.354285313366 1.0397777908836567
7879.021234109908 1.0658202365678615
5118.578317985456 1.0875245731863339
5703.056813801572 1.1827246366618978
6917.935516275964 1.08490183906435
7288.574405605292 1.0772748396185896
7952.300670059897 1.0321126863289076
7738.785502667992 0.8722345782158623
8865.373612063488 0.9646544254107232
2967.2409920861173 1.096759844329447
7386.516570558939 1.0145164836413474
4161.088543317675 0.9506134014909587
7605.825544955399 0.9308582000638379
2734.3004849829745 0.8564840768974853
5049.560464872057 1.0661733457573304
6504.4267890535775 0.925552072831359
5711.380400593448 0.9548935375715806
3844.952089173835 1.060885269188196
5810.688353861998 1.0405721765315767
5807.099550642553 1.1277437389168383
5234.174967876911 1.141534546514605
8868.137314944044 0.9680724012567885
7004.913675972551 0.8673600802222183
6686.041172825639 1.0796620128044172
6213.079482999891 0.8598233972083191
7632.393667006652 1.0399026920238383
5474.425103691337 1.0553427360017267
5511.956915684889 0.8791834212087691
5944.836696287009 0.9205110310311541
5708.946607040094 0.8317797418436801
3797.0002219107537 0.9592183324859599
5787.379440362358 1.0447472323943867
5879.88458504889 1.078376356042831
4596.626588712526 0.9549285947853818
2482.1846973427205 1.0773751605903175
6680.173786511714 1.0712379908821559
7862.137209380815 0.8899235757500196
6491.504787461445 1.1394627234881183
8737.371479297046 0.9334682194192299
5892.484576478102 1.0669122431409015
8096.426809254261 0.9516452536903749
5776.123611304595 1.0143974626314216
4465.305911297102 0.8723723546577286
6305.240602619711 0.8990077399843838
5208.374395147733 0.812754490801843
5042.271792843021 0.8258784675384673
3499.0771204022353 1.0971058430150076
4735.047861281163 0.8342409572255128
5327.570788150925 0.9576054799357042
5557.655209079917 0.9242758340069539
6119.134620905081 0.9999020436147059
2936.244735309952 1.0070109957268987
5136.863930839679 1.1101917716862546
7663.077733803006 1.0573281380357282
3218.3384565120364 0.9939803358364792
4874.160955405751 0.995723518274884
6988.467950212521 0.8787878687580205
5007.120485970107 1.0977815533025992
6046.515334697434 0.8342673897942651
5592.334886075594 0.8931986727365497
8583.98685698548 0.9207627524249893
6134.21865011862 0.9124067934332362
6120.662352723728 1.1267398573114233
6205.478305643048 0.9217421661845916
7173.785171923547 1.0558060032573997
7701.1499993737225 0.8807051301219087
8182.9018731094275 1.0814016626323086
5554.474813996822 1.0810763702778559
3721.9712910483604 1.1539120298163468
5053.647769962286 1.1418673618972737
6057.240765829136 0.8863786225743937
7305.857467196719 1.050539466652864
