3 100
0.8888396418767839 139.48311478337865 624 91 81 82 73 65 91 74 61 88 72 86 74 97 87 99 73 83 98 61 64 80 60 73 96 85 94 96 66 95 99 83 79 69 74 98 72 90 86 64 69 71 71 77 95 81 84 98 74 91 93 61 87 67 92 80 94 77 63 80 61 82 70 89 93 79 65 84 87 74 74 61 92 80 87 97 66 64 84 72 70 85 85 87 98 71 60 60 96 60 63 93 85 80 95 66 95 72 62 98 76
0.884069734126484 126.51945083161476 896 135 118 109 133 133 110 110 138 103 133 109 125 123 129 128 138 109 108 104 104 110 105 114 108 128 126 138 104 119 117 109 134 120 139 126 139 138 137 124 133 111 126 131 128 106 120 131 106 101 135 137 109 117 112 109 135 100 112 106 134 106 102 138 122 127 118 109 127 135 133 124 108 113 126 104 111 100 103 103 117 121 127 114 127 106 112 121 130 108 111 124 132 113 104 118 101 110 107 112 129
0.8027808454191772 127.84164551123945 896 68 95 82 74 60 78 74 80 93 97 97 64 88 86 69 70 91 63 96 94 97 88 69 98 91 85 63 80 93 76 69 61 96 75 84 72 60 97 85 64 83 94 74 78 61 70 62 96 67 63 83 76 70 76 71 96 87 62 81 78 91 76 80 62 84 60 68 62 82 63 86 76 69 89 63 75 64 71 75 71 82 84 98 73 61 62 92 77 66 70 98 63 97 99 61 83 60 89 97 81
5579.265837386732 1.0640678434484876
3622.599130301682 1.0700718849084752
5830.707804995091 1.0776597229050369
4384.103057728504 0.9991005595664423
3609.40643854489 1.040336414531262
7005.048552340751 0.8721934417318542
2692.4107832408936 1.163761413334375
7014.562651891401 1.0042884269118326
6805.560625022921 0.8319814061337105
5900.256655736091 0.9602615878774453
1701.9301421957707 0.9554055055426653
4594.206815497258 0.9027348503496485
7665.439088235124 1.0017247728250964
4962.190817981894 0.9770253043462283
3917.4006809840757 1.1168696382678927
6254.81973521711 1.0382393578718072
5774.183346819037 0.929856059719044
3527.0842459833734 1.1743530848769272
5936.09074923012 0.9095964580438428
3497.021552883782 1.1453286270742962
6863.813112187227 0.8759392484230164
4839.254328919482 0.8968090590164605
4215.101176716224 1.0860762704231315
6254.928864600817 1.120848337267467
3498.7259666957125 1.158163776273643
5733.740202909847 1.1123580176937666
5962.705713587574 1.1610931062820438
6445.7183796490835 1.1488254860489828
7110.432356536518 0.9926518667479205
3910.6975705732766 0.877267646283401
5267.783853863095 1.1905067560455054
5353.022980034575 1.0497378496665184
5781.696132704845 0.856340020551402
4543.002992421775 0.9364081515243882
5261.316613393733 1.0754511671826161
3043.957110003551 1.0728493713473697
5159.853383858511 1.007290313067685
5479.880334373221 1.1194344628892507
3357.9959321646966 0.8758725940634313
5716.493164283989 0.8526826122796981
5160.476927040313 0.8903932115689255
6147.4111179700285 0.9738532187487379
5720.38279814422 0.8689900429765636
5325.866442505352 0.8401404316035406
5876.665381527753 1.047527826910378
4629.181663604976 1.0878298028825248
5501.07709991582 0.8386125660767134
5428.111536666989 1.0682846493018379
6879.961400252781 1.0795951054598114
4576.913664773908 1.054977539511956
5708.810600613429 0.8551630524966594
6085.983081711857 1.0154517137885413
4689.092849120938 0.9940795392926917
3226.2453079908046 0.951486966475928
4382.49214442244 1.1640208873377915
5488.004311311436 1.024978266403781
4832.037591495427 0.8135386860907114
4646.481832538901 0.8599265711064684
5272.709097137902 1.142848295197783
5602.377755984331 0.9637000744602772
4536.248921181498 1.1475803628628514
5614.50164030286 0.9456955289978055
2254.9185599033162 0.8604719491503823
4506.148180264223 0.8768759545106346
4738.280780817672 1.1219813630227364
8242.857184223625 0.9214178365105894
6810.262781998017 0.9244973357236426
8562.809622045084 1.0088871195590832
5736.612614325129 1.1682141558818866
2714.3970857296918 1.126024060910701
2636.85448491681 0.871887322218392
5681.136839667721 1.0910577996286568
5919.873478007868 1.0708842544707053
3803.1590802378146 1.006183106111831
5183.311711195773 1.1469876891451627
5844.5934765179845 1.0765356899882987
6452.6696598233775 1.130201520127248
3586.292612619831 0.8538653457036266
7448.829792842412 0.8335292899231156
4475.222882325761 0.844007427144108
5753.557426528635 1.0703419369095344
6998.215502239548 0.8041539494622212
6989.405900891468 0.8135058074045606
6232.445901048635 1.0527703612821409
5911.833272257355 1.196634996477989
5528.01963938809 1.0640269353735223
4597.236621234293 0.9367756230823656
3658.1618285759687 0.9018187547599313
4833.2260182885575 0.9638763047460696
8044.561087241369 1.1347786341668333
5426.785383643145 0.8466469173340907
5553.820782340876 1.0036888851160337
5701.928081211632 1.0402376201299086
6085.333668247515 0.950754111216849
4339.484201769289 1.1194659597397365
6029.52050772156 0.9164073803580269
4411.549570005231 1.0746854519727365
4321.511433312913 0.9576795937199477
4170.059562190047 0.9214381230651444
6016.649885813025 1.197743735341112
