3 100
0.8940742358314471 137.01723346066723 625 95 83 90 96 99 79 84 81 98 92 82 69 63 94 79 69 90 73 77 93 64 92 68 60 97 81 88 69 84 88 72 75 60 96 63 81 61 86 76 96 99 65 83 81 90 90 71 61 61 99 94 96 71 80 69 97 95 90 91 97 79 72 69 70 90 69 82 80 79 62 96 76 71 98 73 62 95 95 68 85 91 97 93 67 72 73 86 67 70 91 95 93 80 60 79 60 77 97 71 85
0.8190552963675548 121.25606041618248 723 89 65 77 90 93 68 98 74 66 78 80 80 82 97 82 70 85 98 72 96 85 60 98 78 73 75 70 83 70 76 96 98 79 97 81 68 62 93 93 86 76 72 85 97 71 60 96 85 94 61 63 65 75 62 91 98 75 72 77 83 77 95 81 78 76 99 60 76 76 80 69 80 98 68 79 96 71 76 63 84 74 85 66 61 70 92 87 88 91 74 68 64 83 77 97 67 98 61 85 72
0.837554978077536 157.97923188034358 870 130 124 107 131 130 123 124 133 130 125 118 126 110 117 104 109 113 131 126 112 131 132 131 138 123 121 114 105 100 132 137 125 136 116 110 138 109 109 138 131 124 109 134 100 123 114 117 123 117 108 126 116 139 129 116 101 124 108 129 112 117 135 100 114 129 125 119 133 109 130 130 138 138 130 120 132 130 134 105 116 103 103 139 134 132 101 131 112 137 115 117 117 127 129 104 112 134 135 129 130
5921.192028636674 0.9970745208052727
3369.6012668150706 1.0413761463326987
5611.397852743308 1.1687450018680992
7555.7210003580385 1.0239987913588664
5626.672654416711 1.1707595527038361
3775.644844039626 0.8082858521703595
5790.908205372325 0.996899000683763
3376.542670073124 1.0955409749990062
6753.403670725549 1.0347507357968224
4527.652581195388 1.1386664061218337
2919.6009420405226 0.804567981145987
6680.445310928375 0.800842426531684
6570.67635435322 1.0429516193254114
4118.490522596327 0.9342427533581776
5580.107351808641 0.889918821612532
6249.509529780381 0.8599564218419029
4590.970793497615 1.092555113763165
4082.3998049927914 1.0111941450174893
4174.215791864019 1.1463413837629075
5154.696552741026 0.8317547225271794
4866.004877227863 1.0587089977270172
4337.837585537167 1.146745839622711
3581.6746970572435 1.0875682815479775
5545.446431874993 0.9625308871964414
4315.874779547597 0.8165847875385963
4791.449436745215 0.908228864406088
3222.3913683068167 0.9681039590596429
5605.923623820478 1.0972793481185517
5839.526861656133 1.0642804545583393
5055.304175528113 1.029586453989155
2656.3010743265804 0.8125207794986881
5184.492577564373 0.8370910774197455
6334.357450702141 1.196521193531838
5080.091912172303 0.9983238680921988
2223.3510675898738 0.9467872915651155
4894.279780465095 1.1141457137125532
5242.750849060403 1.0348465440855374
3982.7373160134835 1.0224629837600763
3948.562697745883 0.9625092955312985
3941.622828028741 0.831893564366939
2496.055583489544 1.1955936955758704
5809.615464155546 1.1498940295326248
5252.101230368972 1.022435595224002
5851.658537870411 0.8310451901291507
5872.555896120427 0.9213620110754812
5001.494040818569 0.9372184853817163
5151.25156315423 1.1607257581772232
3721.094023284982 0.897327077781299
4173.31150212802 1.113636806285656
6049.458196441865 0.898332308210661
4293.982117049726 0.8037618697919473
6220.765726195595 1.1607472814773563
5468.13843474231 0.8983198585688701
6672.3489956579 0.8179724253876812
4023.1282411515067 1.1083550347499687
4612.569948192917 1.098054140256691
1949.4783069776213 0.9058628454773712
4026.438337299111 1.0854257474807278
5276.989423660815 0.8712310317180683
3018.944189214999 1.1509517324494039
6300.437815011894 0.9149700463130273
4657.462635404225 0.8069044689974796
3692.7128233552153 1.0219685275295143
4402.0906800515195 1.0122796491337742
6257.720967941964 1.029560355317986
6903.485343019183 0.9861686162731302
1725.3149978855572 1.140233056511147
4758.38895905225 1.1553501761724247
4834.926184770237 1.179163666410258
4516.086230114861 0.8298048158259921
6566.6822010078295 1.1451632323018595
4504.493296413098 1.152879050266293
3603.4568672519054 1.1488397098778766
4357.793371785172 1.176312058461843
5209.143332240413 1.0388908233048295
4785.715501620505 0.9369894308129552
3304.2798582943324 1.0775424756192737
4197.893742254323 1.0959391550802704
3737.390297528604 1.1520085616108648
4055.9083870860272 0.9136648472724429
5352.322106548234 0.9824687093414485
4139.8690520503 0.9972505777342437
5255.9632785706945 1.1588409505885027
6128.386288559367 0.9712502259481168
4273.855807569289 0.8499336889036235
4634.868409300603 1.0276792585543688
3674.6920730010443 0.8177623085776856
3080.596797129955 1.1492500791749682
3007.945079188195 1.0321313113425568
3701.262940254493 0.926707540012838
3193.7383710496097 0.8287680207326743
3808.576042718934 1.0215259246217072
5162.454519403024 1.058747232468982
4477.44216342202 1.010031296566873
5051.06213928566 1.006487847248871
1929.3875657962758 0.8550265969572622
4939.893314455826 1.1320360602736654
4960.52204107522 0.9379447533499795
5050.918992436208 1.0977333237800002
3927.2452242822555 1.0511203750775353
