3 100
0.8889535904997274 165.40970081440418 646 133 124 106 132 133 125 118 129 106 136 130 102 101 100 112 100 137 111 100 104 122 133 127 135 111 133 101 116 111 130 129 100 114 139 102 107 113 125 133 117 109 108 103 125 105 105 105 107 127 129 121 134 139 106 126 139 119 127 116 109 113 106 112 128 100 124 120 108 129 128 110 122 111 123 117 108 112 106 112 122 115 128 127 106 102 106 131 135 121 129 133 115 125 111 117 129 106 112 129 110
0.8479504724965679 172.96760521757489 757 74 90 98 80 85 65 69 89 68 69 73 67 94 69 76 72 62 98 78 67 87 94 66 68 79 96 69 82 81 87 77 77 97 71 75 62 87 66 93 77 63 82 96 83 85 63 84 66 91 95 91 94 91 77 73 84 89 83 78 63 97 65 68 80 74 64 99 70 65 87 83 74 67 87 83 61 69 92 71 95 77 74 75 67 96 86 97 75 86 91 80 99 65 97 94 67 93 62 95 73
0.8974142839595196 142.55953785988737 932 71 64 67 97 72 68 69 62 96 75 80 89 94 85 80 66 82 93 66 62 94 99 62 69 79 92 92 89 76 80 75 68 85 98 73 77 97 67 72 86 91 73 66 64 73 73 97 65 87 68 86 99 89 68 73 92 82 61 71 76 64 87 98 94 65 70 61 92 82 84 97 83 62 71 77 93 85 98 67 97 95 87 75 73 63 62 92 62 76 96 88 89 71 70 64 84 97 94 92 96
6298.938987855227 0.9683525938387595
4597.320800981735 0.9729193001879537
5721.63086401285 1.0707083519382254
4530.628310441194 0.8600036793897156
7360.027014187251 1.0016044161895714
6089.830840553907 0.8186193016552594
5613.155273471402 1.0367100024907503
6047.148533565236 0.9745570858514578
4931.443779468797 1.1436662353815839
5840.146049533806 0.8195438745944625
3463.698425117923 1.1264626245113822
6432.67536408165 1.146195634864858
5641.834166849437 0.8254111581691619
7029.780553712388 0.8135878556549089
4325.771929967152 1.1192073463492536
6076.289928018387 1.162649423220198
4545.614625703038 0.8510601970601387
6208.987092347927 0.8853958454574229
5189.4689669421705 1.0134093155666815
4634.14209413601 1.1372371490007445
5466.178623130067 1.1813726966412625
5219.902189786985 1.1847457272136257
5257.265422893102 0.8085425393143109
5381.78371288852 0.849597994935679
6044.898044986131 0.8648069021970843
7944.646218619038 1.1920321676706422
4690.0223452344635 0.9040010558478316
4878.6897997822425 0.9268620766468778
7183.638398888662 0.8342171587282787
5083.651371745066 1.1585660962454638
4152.743594427104 0.8988136822465341
6894.948983938677 0.9963219704140712
4743.482070575136 0.9933618009481162
5410.778005394534 1.1818581114647595
6222.514118599773 0.8070379790587409
7782.595076628118 0.9991132968152445
7162.693926350201 0.888324402838434
5945.39230318834 1.1753574195139644
3734.225552693971 1.1408844937323064
6458.315316897916 1.0225447686411566
4480.308539277746 0.9703469020793486
6604.77417641369 0.8170772430556588
4766.65871393979 1.1063798531389493
10084.892475289484 1.000451090455256
6900.150089321091 1.1923826433493787
5744.54706012822 0.8114178340416045
5339.384130342601 0.98449162973252
7481.194320647261 1.1189445428578164
5845.070307328011 1.1421577428868512
4805.874898275682 1.1469515542347535
6366.152882134134 1.1002405675353106
5799.405403245275 1.004687394391366
6970.171333496503 0.965659290395937
5183.119036578819 0.9986223328791888
5343.873262212764 0.8389747593419625
7090.249703189035 1.0307370991139455
4133.694826332599 1.0189265821811269
5867.8321293490035 1.0013960049214226
6110.860543953885 0.9766160211736031
6397.490530945945 0.8820075277129931
5416.5235435387885 1.1195618985512465
5000.0111624434 0.9837593513812006
4302.552838233895 1.1058119830253768
4027.0227944427997 0.9586764520676148
4726.024420389606 0.9663462223470178
6443.776866026058 1.0938001873579948
7125.332370097858 0.9320082573711457
4870.5362075009325 0.9125518184187854
6443.892217407905 0.9288712291181273
5497.938086323297 0.9715718781108424
8102.639499623894 0.8494801893262187
5491.887308355141 1.0519363362015057
5946.041095421657 1.1239689842760474
5190.357147420467 1.1229352856874086
4660.714072489821 0.9408967138758929
3622.3319008292765 0.9627514515987712
5798.231895548277 0.8321246717315853
5288.079143646324 1.1499820961276657
4630.832351618671 1.1219857738378674
4658.268713304792 1.1477766657247752
4874.847441387906 0.8068100864142844
5040.569220406246 0.9947964521844952
6268.108123538188 1.0207147410230593
3941.0877040966034 1.1644848669101864
5409.530699223545 0.876380625966189
5606.8957177684715 1.060127912651138
4845.333320217231 1.0907333111239024
4476.120457819969 0.9397338730847311
5836.906291841211 0.985775615826932
7444.174486883245 1.0343379433257822
6130.472450461374 0.8722980545078275
3717.9523983976787 1.1391465740827138
7017.544727392764 1.0330808035502348
7480.87899053687 1.1596224788273966
7269.639625819067 1.083344761301713
4688.86420888884 1.1305226107904256
4762.675558881129 0.9983381306126811
4288.90993497658 1.0935499660678731
6720.580705465379 1.0596110052373597
6982.038187772707 1.0787207344518135
