3 100
0.8243427207065843 149.0005027995721 534 70 86 77 67 69 74 78 97 77 95 90 77 94 66 91 77 93 92 88 97 81 85 98 62 75 71 97 89 82 64 70 85 64 93 60 97 66 62 74 74 68 71 99 61 97 76 80 79 61 97 99 94 62 69 71 79 67 83 63 99 94 93 90 75 88 96 71 82 92 70 62 76 68 96 63 70 62 61 82 87 94 72 98 81 87 72 89 71 99 93 95 76 84 60 88 60 88 74 93 66
0.8962173890490391 153.90605450573415 682 77 74 74 88 90 64 86 73 87 65 89 90 78 99 86 64 68 72 81 96 70 89 95 62 67 78 91 82 60 95 77 92 76 88 85 72 71 69 83 89 64 74 60 68 61 82 91 65 66 91 99 88 77 67 93 93 93 89 73 63 62 92 85 92 78 80 90 98 85 93 83 76 92 69 83 85 75 73 93 96 81 99 84 87 73 82 94 89 63 76 66 90 91 94 97 76 95 66 78 92
0.8395912074828623 158.68834593697125 829 107 105 128 135 128 104 128 126 122 119 102 136 112 109 106 114 138 137 103 103 137 118 138 125 117 115 122 129 139 127 131 128 107 115 115 102 103 122 122 116 113 112 132 106 137 107 102 138 101 132 120 125 106 127 100 103 102 113 103 102 128 127 108 124 118 135 106 131 102 101 136 103 113 114 121 127 104 114 139 100 111 120 105 112 116 107 126 114 134 106 110 130 126 104 128 109 103 114 130 136
2463.256330823008 0.8367985492625087
4138.204964424639 0.9849127677142231
4897.108883654318 1.0607342385106595
3351.537772667223 0.8874212859441531
4713.084858741788 0.834710058811112
5538.564492428028 0.8557798994786079
4852.037985536183 1.0246254850239633
4974.476380392596 0.8376346655633993
4900.212981992376 0.9741128896726593
4018.0491748741333 0.9570816494531221
5142.598084270026 0.968215307766992
4124.5421190710285 1.1773925748351635
3032.809917571954 1.143598405833625
5089.121928819623 0.929222779268626
5393.281746677299 0.8966726674619895
4082.763439028721 1.004572386734756
2775.1897839533826 0.9743017508604753
2888.06588584363 0.935441928024805
4222.1672778625125 1.1499747716954198
5147.848791593253 1.1448673957392548
4753.926254082999 0.9260069271807292
4708.785577897212 0.8919228389866519
3700.9700109201613 0.9447567382073105
2641.4145644806918 1.199634370992578
3905.3141041934887 1.186368234595902
3968.3125905388397 1.1650361284432005
5240.136140298311 0.8995519220083448
2476.329159782852 1.0627934658344427
3588.28356653299 1.0366688956427836
4574.494765780641 1.062218109870976
5192.162513186353 0.9838623719132571
4102.06362511786 1.0357293084126216
6188.277971996495 1.0005419002261917
2690.665716656585 1.0164076663229211
5827.818230896352 1.0788827678733377
4562.515470472891 0.867227502682167
3134.625038261075 0.8613195504513586
3773.397313166697 1.01644382084058
4640.386191737593 0.9857953829217502
4080.499589610651 0.8545387978521048
4389.5293506202 0.8623438909264339
5539.190534320721 0.9427310944191354
4992.396695702999 0.8941030817583705
5303.969316228252 1.1404259442953084
5949.6895219920325 1.1927704964710608
4069.5585439173055 1.1783723254890108
5844.639918393287 0.9298478884467685
5472.9419695282095 0.9877070898275722
4263.757694668744 0.9058890765952983
2950.73976653343 0.8519375752909553
4822.873325796354 0.9243125855365915
5300.9308625035055 0.9646463563096208
4461.641588524725 0.8452084026140109
4292.7197758570255 1.0909758000295013
4841.125265301484 0.9017494328251915
6027.924490145734 1.198023494189822
5107.666893290489 1.11439408937895
5633.777749577833 1.051774896924843
4922.387339049896 0.9399979109730642
5395.253066636568 0.9889356690143316
4885.030238607974 1.0468682685155117
5480.071566454155 0.9222629632709
3650.8210947012394 1.1442893620187802
5816.378262026918 0.8129678875184994
3834.7905864240056 0.9366124993733431
4141.198430799351 1.1722647839956368
5866.0336402823905 1.040913946414145
3886.727636490138 0.8511692478131693
5801.559951389213 0.9615211362262823
3394.180170591248 1.0788376477188446
5473.807133411331 1.1942402588898988
4262.247773931225 0.8214375026653818
5515.301657630591 0.8904232635433178
4703.031503014235 1.150530457113855
5484.420076471362 0.8007151282647805
4163.817346059634 1.0372077159472888
3485.369361548447 1.013900657698153
4032.4329253119304 1.131981825464322
4478.369053817541 0.96424759070491
4346.592530112931 1.1077477479456581
4270.442447414326 1.044826488245516
6459.54628260139 0.9216224126538499
3785.2597145312243 0.9806632056852307
5119.066364671659 1.1603728113175997
4893.655755135314 1.17553230163419
5243.7998089808825 1.0751469129587048
5964.446411834056 1.110334289097192
3463.337865090064 1.1446696988200096
3890.3303963668186 0.8086510931147672
3784.6858848908214 0.9103806987498939
4701.253797727844 0.8681278426511507
4768.707567945793 0.9270721863720454
4895.292606933288 1.07933539095659
6549.546057817791 0.8410682883961159
3894.215434935646 1.0287422087988842
4548.463592893416 1.1671141133233578
4643.326298783185 0.8594223483912304
2903.1456057232544 1.1069968415753135
3538.4074458716 1.0561689905097675
4916.810088329215 1.1295199424970586
