3 100
0.89956976900343 145.54561577017722 789 124 100 132 105 120 105 135 138 125 139 125 109 128 101 109 130 124 138 110 131 111 136 110 110 115 139 132 121 135 131 111 120 131 134 122 113 106 135 131 114 127 126 136 124 127 103 133 119 139 119 123 137 139 111 113 114 108 117 109 121 120 111 105 104 129 131 102 111 114 128 130 135 134 121 108 108 121 138 119 135 105 138 118 130 122 114 123 114 130 114 121 118 104 103 110 135 124 113 104 126
0.8442284967894569 127.63782365178727 970 88 63 66 95 62 82 87 67 98 63 71 60 66 63 65 99 97 94 82 72 88 96 82 71 66 79 99 79 90 63 60 65 68 84 81 62 99 63 83 91 61 88 82 79 96 68 85 93 72 94 99 82 97 73 88 95 88 89 81 82 64 85 63 89 94 90 81 95 77 73 60 76 96 98 84 89 64 87 60 61 96 73 66 70 62 60 77 99 79 62 73 95 84 84 77 97 91 68 78 78
0.8162156351811666 136.74365559230324 994 84 69 92 67 99 80 98 99 94 64 82 62 77 84 78 87 74 79 99 87 90 89 67 87 93 62 86 83 97 77 70 99 90 94 88 68 84 76 98 63 87 89 72 86 74 64 64 82 61 60 94 92 72 72 99 84 81 86 86 67 80 95 80 74 61 74 96 93 68 80 78 78 92 90 76 93 89 81 67 91 89 73 73 83 95 92 63 85 93 76 90 71 71 84 66 69 79 70 96 65
4913.500171705305 0.9648802968267602
4770.7293134612955 0.9672470996018749
6153.1705592935205 1.176222685409028
6382.793961957872 0.9863063370570682
4029.1285248835375 1.1171402132332466
5793.36221487435 1.0183429576757121
5470.723029363965 1.1814961565802813
8437.997468020432 1.1562325659142354
5271.042498349272 0.8687190367387005
6644.349809283261 0.8085347152202365
5426.518977903787 1.1977177366174774
5035.787595821668 1.0216590432083041
3142.0090346266866 0.9652892945350304
4460.477202046219 1.0074259003876749
4958.690051010759 1.1150511320962413
5439.252742213281 1.104552631759511
6176.891283030742 0.9183455503401133
5660.31997099042 0.9692051929358836
4796.385931453855 0.9250379167043532
5851.371922637764 1.1204839828382733
6110.939833150915 1.0542469759122035
6189.498893232207 0.9709414612739512
5271.067318734547 1.1775128293373487
5443.050867431171 1.0279971602949782
5689.998715971058 0.9858246355073543
4823.148471907281 0.8928799778838254
4457.697036089161 1.0282590067265478
4530.72422862555 0.8121004939036995
6955.058406107401 1.072045335118101
6837.993078866264 0.9938102594449855
6025.189419540804 1.1044231510513562
3602.5578044624976 0.8274345417463197
5771.505302663273 1.1013489286456248
6853.989392504887 1.0445358426509357
6488.507896650457 1.140594297054064
5947.718874330611 0.8655145111449081
4100.814918316391 0.8274423779689413
8298.639407734256 0.9346350319678195
4111.849957385211 1.1554752196923266
10006.876038212104 0.8948839311389526
5557.158911165841 1.1004785539524888
6457.252024056181 0.993962407812981
6957.431769531428 0.8744257687315528
4677.941054810261 0.8483042859399247
5040.62277720764 0.825857537574612
5938.830242200034 0.8801057310840388
5265.623133460398 0.9331390960339979
5353.9976777282145 0.8095814549962184
5042.216716671706 0.9579495989053927
5879.719762964259 1.1390635900077668
6848.4671771395815 1.0424758109373722
2919.0815314814386 0.9270569776655257
6279.867445963423 1.1030065632473585
4767.716293112903 1.0649904297865431
5189.882934369863 1.1433862778565418
6116.16749701095 0.8574834426792188
3552.528966157556 1.1037633309494979
4415.983629384233 0.8749223473514387
5626.4116924843165 1.1416232288897068
4396.901346210758 1.0570822581330566
6482.973609685288 1.1585803897302742
5962.050993382507 0.9666323846007294
7245.903841765937 0.9654962352520334
3791.324528976893 1.0891254709370024
3654.0103721722335 0.9890684571273614
7342.4729525979665 1.1339194271034339
7815.259376750303 1.0855293004451299
3936.429560466085 1.1665836149131183
6644.1349773632 0.8508949359473644
4294.847429286719 1.1293937488683639
5123.74261406376 1.1554992825834745
5191.438292238647 1.1605336908816222
4275.163301098507 0.8025324278175421
6238.623136930171 0.9433944143755087
8413.154145665207 0.979993868045457
4797.867861143646 0.8283948253914881
6400.3673951688825 0.9910331548513244
4131.482190999022 0.9695622336823415
5402.65696337454 1.0939770840082539
5338.114662088883 0.9651335135261707
3734.7315886147244 0.9823420098797421
3454.4645938854483 1.011748555755205
4828.576923535416 1.1497518582888888
7231.131016180394 1.0166192433345431
5038.419780465726 0.8587407363605822
4495.1678979259295 0.9475050206752359
3775.041089328034 1.0307797381730694
4844.84863129617 1.0848894327235281
6820.099206674296 1.0242822277493753
8026.2815190803285 0.8770933784139066
8457.653571127003 0.9553954888882102
7234.026178074258 0.9016219853099245
5248.212698687077 0.843399287138715
5588.615802538634 0.9479854248311859
4853.523836648195 0.9977727739225943
5782.00918853161 0.968499911426218
5922.575539051259 1.0529642828624608
6333.047498202785 1.1877202999268555
6844.731955747247 1.0237311881499724
6483.261690836112 0.942583549887301
