3 100
0.8503008534594664 123.90078692804121 670 76 83 64 99 75 64 99 79 66 92 70 92 95 96 99 64 89 84 67 82 95 79 85 89 86 62 98 69 87 99 93 71 61 76 79 92 65 69 89 65 83 83 66 65 71 66 98 86 72 88 85 91 90 69 95 95 91 64 77 78 73 95 63 82 87 83 64 95 66 63 62 76 64 96 73 64 88 84 94 98 73 62 93 82 81 73 98 62 91 91 87 74 87 83 78 82 74 77 67 60
0.8889564563360213 121.03396491990563 844 108 101 124 108 108 125 116 130 111 129 135 109 102 129 100 132 101 107 130 128 114 118 111 110 116 133 103 128 127 123 115 121 123 131 104 136 102 119 116 102 132 134 135 133 108 109 114 115 100 137 129 138 100 128 134 133 129 136 106 121 128 138 128 139 137 107 134 136 104 104 105 138 133 117 130 105 129 114 114 122 133 135 112 122 119 114 131 130 105 124 108 106 104 104 135 117 101 111 135 131
0.8702226261336704 155.43669407767266 912 76 63 81 69 67 83 69 70 77 63 94 62 90 74 65 91 60 94 71 82 77 62 63 84 99 77 79 65 60 98 78 90 92 66 98 61 82 83 60 70 60 89 78 67 62 68 75 91 81 99 78 98 72 92 76 86 73 94 79 92 78 97 67 85 92 62 94 74 92 65 96 83 64 72 78 77 87 68 65 80 70 99 64 69 78 95 88 88 74 60 88 76 81 95 90 98 61 89 68 92
3420.89396202307 0.8777300877941929
3839.495890806691 0.8199107600564867
6932.296548108804 1.1316237520468193
4625.665722055354 0.9390882765149782
5479.778425405132 1.107313488132441
1686.8318819172 0.8873943905492607
8008.46919809537 1.0700379057240785
5386.582521995715 1.043549546293681
4469.616267307057 0.8990813785900706
6026.272709615694 0.913288297844474
4093.8918277971748 0.982275707170379
6268.210026230841 1.1120381152400012
6407.105438985849 1.121021233753071
4279.645806002438 1.0009074012447055
3101.6854332282446 1.1590330124209771
8049.783660757106 0.9565408666773217
3883.8688399173843 1.042845114449071
5557.764456374514 0.8630466052061507
4256.167662056147 0.9728307774851324
5803.96907545399 1.06725987326
3894.384728552941 1.0856420063627477
4221.905764923147 0.9973775562793392
6175.617663897646 0.9987114916533454
6555.580841342917 1.191972525686415
7433.944512108345 0.9490221878665592
5474.633089821022 1.1677532836004787
5470.56929693065 0.9515541297017848
4340.1921490026325 0.8498215058053515
4667.674829111403 1.1811446208892087
4988.335777870621 0.9399298617956363
6531.914121107617 1.180717905483054
5365.08184912316 1.1885566125876665
6356.311684569203 0.8008704633808892
3816.2987587161474 1.0122293772606636
5964.440019156268 1.196825063576431
5523.613569814096 1.1829836331045707
5199.755585535079 0.8944874948258543
5953.629920958602 0.8446622797625892
5973.454883067786 1.1137096891229814
4988.23506580247 0.8357734599704187
5038.515597258525 0.8880543046951296
5802.4033893296255 0.9928945409554889
5356.307682408527 1.0334429546050896
5039.261016772226 0.887572139915032
4777.1447480898505 1.1836123047352927
6591.095009097117 0.9783173957790773
5373.851526227523 1.015592965631289
3400.7306446475295 0.8835441613190868
6065.542088983652 1.0984464974269346
2349.189172375971 0.8459206985462813
4734.034300172595 1.0655954590134238
6443.655886122663 0.8562239156741094
5352.078969789485 1.0807324201423156
3757.4749728559264 1.0966071308504588
1386.773300885423 1.0644667692156764
4545.931102336744 0.8157507252828995
3781.901794988964 0.951031942022858
3633.6267733404165 1.1712972268245159
6563.225440747181 1.1255782531254235
4740.599861427291 1.1080451377897071
5294.873601795272 1.1630455596697247
4850.251420875557 0.9820256310822902
4035.497793276193 1.073381064342259
5708.673938993183 1.0007030805161874
6177.558145872788 1.1097644900773411
6437.816963372539 0.9455432329411968
4589.834644035502 0.9140697647157551
2746.2856133604328 1.0686042467293442
5316.454216624153 0.8374394787632445
5171.1360041130365 1.1415169398862275
6529.148199700331 1.0993525767694632
5387.452598945245 1.0515122858623305
6131.597953899149 1.1557188944795531
3414.400919156815 0.8385500413503166
4689.327779565032 0.9954589689117612
3663.1817094012886 0.8710204887701334
7530.662221893241 0.8396990273368168
2766.992568344606 1.1510775778750193
4499.74655155775 1.0914904384452002
5341.216030232309 0.9959667569442938
4724.586622325801 1.0175673725591874
3383.379003239811 1.1771254911812088
4936.197848558636 0.9379370938399045
6233.41611445057 0.8151990400800777
4191.495480965156 1.196874192076204
4886.904785717813 1.065099206215487
7220.734490919482 1.0790651196537016
5005.659340464359 1.0197694976181306
5327.471008234146 0.9031350856497468
4580.504382141622 0.9302694548876866
4094.188859817679 1.1504059261418098
6039.257831662575 0.8198055307385823
6437.031190083255 1.1120769931556247
6665.6952011507465 1.0890353484028383
7067.77925767206 1.1078583608812986
2904.4494199630276 0.9622038874412832
5013.29363430664 1.1046719587902052
5514.003967797038 1.1302970191370751
3546.293580875097 0.8375175589208349
5983.428564290511 0.9026551231864498
