6 15
0.876421963337624 95.7435810366823 549 123 114 110 115 120 102 136 116 109 131 122 113 125 103 132
0.8012352736678555 202.6630171807284 633 116 126 118 112 131 107 138 122 138 126 127 111 119 126 115
0.8529194058167526 201.69184241050448 641 64 64 64 76 91 80 77 83 79 66 77 98 60 91 64
0.8723690954226899 181.38849583937264 709 106 127 110 125 136 134 119 136 127 103 105 122 132 132 108
0.8459614902200665 130.77040799094587 835 81 61 70 96 63 73 97 61 84 82 85 65 93 71 85
0.8145931667336355 191.58279388767866 948 85 71 67 92 74 77 78 91 80 94 78 62 60 75 94
1347.3599263657247 1.017055529424242
1593.3575728313454 1.1163620890410706
2120.3182743810917 0.8703034108133479
2244.700426328407 0.9068057047683473
1254.7078293199188 0.9143642083429928
1750.190116199625 0.950568083268162
884.7275098113117 1.1281840155609337
1524.9226672759241 1.1641533240221198
1110.871099963571 1.1965988467949835
1686.2625835623048 0.9239440023804804
1442.066347114095 0.9590826018192932
1776.3837511685138 0.9401855005006798
1546.930760279682 0.8972472780521695
1043.3611160556666 0.8439652980975686
2125.854727475464 0.9353184000529975
