6 15
0.8961543856759916 158.5531512541252 533 132 124 127 121 129 110 100 133 123 100 104 131 130 120 127
0.8680680242713823 154.24373963852634 545 80 61 89 77 70 81 79 99 76 87 80 95 66 69 94
0.8876479125524959 199.35701908927783 734 65 82 86 97 79 70 91 97 98 62 94 63 90 75 96
0.8546502478787377 198.47623180320826 882 108 100 119 108 137 103 102 112 119 120 100 139 111 122 115
0.8225535349799262 142.11524928075497 919 129 126 128 111 105 123 106 125 138 113 110 122 134 109 105
0.8364700860557415 123.45445019830726 971 92 97 60 65 76 71 73 83 79 66 67 97 73 77 93
1992.3571415305373 1.0097063073195418
2326.7602348846412 0.9489990558452764
1586.8933354634662 0.9527196314438731
1940.4943074387631 1.0481132904519306
1482.115094241658 0.8128482390765024
1095.961342556428 1.0497733083437082
2269.4470224158495 1.0643405365453045
2032.1023015877643 1.0550660998044115
1588.7734412391985 1.1758318235946763
1179.6488357746368 1.0995671090713184
2468.937439627728 1.1688627785860226
1663.9338826135292 1.1448002894586806
1900.036872944992 1.1619758824996531
1841.7501004605072 1.074469896531627
2333.3654247039 1.026047335724081
