6 15
0.8134364017739089 104.67381605654214 513 133 105 117 120 119 131 137 131 101 102 133 137 113 116 113
0.8423633229505453 100.80547049879725 555 73 93 95 70 95 91 90 72 81 88 76 91 82 70 67
0.8559128283218528 123.87241355802928 604 93 62 95 62 72 78 90 69 97 73 79 75 94 68 87
0.8658951961241407 160.72973564891015 801 122 112 130 133 120 107 137 109 102 111 132 128 126 121 110
0.8432578417338701 114.71564900247536 802 105 138 135 102 111 131 134 100 104 128 128 121 127 118 100
0.8553542869630304 208.85301814866628 909 77 67 66 64 60 65 75 90 89 67 94 77 95 73 82
2011.9667085429978 1.1965014326574397
1427.592451965236 1.0486296032631968
2288.475663718003 1.0876917007499072
192.64753448090437 1.1078287065097483
1231.1550758910244 0.9402827984452155
1396.657800882262 1.0360693882104377
1539.2592080470513 1.1091315678616789
2113.2413837571544 0.9646920279968424
1575.219599001198 0.946172825194982
1319.878530441872 0.975687217519827
1657.9957612073933 0.8305115087924549
1982.2369467718115 0.966893432674295
1849.2147655906472 0.9688381930613057
1137.2049198846853 1.0685600813870746
1421.7287112366453 0.8416530731555986
