6 15
0.8224317364089933 110.15544268854053 571 117 110 102 113 128 101 128 120 119 110 108 130 134 112 109
0.8841004002117703 105.77528220385199 678 123 100 135 113 107 119 124 113 102 137 103 114 107 123 137
0.8276297755410258 166.86516935353683 821 88 97 91 80 87 72 87 90 92 90 77 67 63 62 91
0.8922698669559538 153.85831750998435 821 63 98 64 85 61 61 75 63 86 64 74 70 69 97 93
0.8401092921036502 177.63580880529634 846 138 113 101 133 103 130 121 138 118 128 139 130 101 114 123
0.8696469155964731 190.0464342982547 966 85 71 66 70 99 72 62 88 96 92 74 81 81 64 83
1553.6340855338067 0.9153544388873982
1642.6620984940669 0.9790287949407677
1502.5133985253628 0.9634407635810035
2370.504640408284 0.8837113410948629
1250.6858291562485 0.922764890218456
931.1564676698176 0.9943832394822651
1197.1473179386471 1.062824757196331
1512.039977884502 1.1984187050030695
2261.358552043069 0.9963976458070724
2281.407566066779 1.0080815384072765
2627.0195350770764 1.1440681917940319
1520.4267170705966 1.0627643805919293
2145.8869525407795 1.045058174272738
1723.876886350219 0.8335511176986768
1137.8942488184152 1.043748849014456
