6 15
0.8301688819766905 92.85033841465899 725 116 127 137 111 121 120 107 103 125 105 103 107 137 105 103
0.8334161264836225 97.00328364440216 838 61 67 74 89 72 68 76 75 93 79 83 64 72 68 99
0.8981000064373834 179.4661185065601 862 88 79 98 88 87 69 65 76 76 90 97 91 67 67 64
0.8291684614829352 197.9180647350995 956 127 132 131 125 126 113 119 103 138 122 122 113 119 114 124
0.8112077798091956 174.9370305112958 981 68 79 84 71 67 85 64 61 82 90 94 90 60 62 80
0.8111140609629964 182.7586908397672 998 117 106 120 124 126 100 138 127 120 101 124 117 117 114 103
1505.1372678250927 1.193533807583381
1818.9785804786263 0.8514606568920358
1615.631008124318 0.9209121552696111
2859.59231265195 1.1825425410936417
2425.09779538701 1.0704616915607632
2039.114925716116 0.8447806584550167
3098.6286681463116 1.042168869234998
1902.0887284343726 0.8739954460102739
1708.6893236291698 0.9261114643158443
2065.2703202803323 0.8459837136292412
1360.6082889712704 1.030505956133951
1171.205398284284 0.9921938923214412
1962.8700397850141 0.9444344113649895
2271.617438507172 1.0907838014241396
1981.7393743712078 0.814406101845237
