6 15
0.8290339970378159 163.8771582435788 734 61 71 78 93 83 72 74 94 98 91 96 88 62 70 65
0.8297967154921457 198.01196684648525 799 120 109 106 124 137 125 121 137 113 136 100 127 133 105 117
0.8471418815381225 177.2115761388079 855 137 117 125 123 110 125 115 121 131 100 137 100 126 116 121
0.875092974485244 96.17434357042258 874 117 139 131 116 139 108 116 111 110 101 118 106 114 100 137
0.8182038859938023 98.58550934785382 888 99 63 98 90 63 89 91 80 63 60 94 79 92 98 62
0.8487955008100081 131.4873676581625 959 88 81 66 97 66 77 92 87 71 81 68 95 72 78 70
2159.770031283633 1.027989143968779
1915.8850567112577 1.1599806903928283
1811.4875132156276 0.8551735959649012
1738.05996740313 0.8753025724636447
2256.7779763872563 0.9633525408572676
2050.718562583081 0.9921272842084975
1883.454459054227 0.8660413745839974
812.4153816367598 0.9818248260574333
2051.337565440794 0.9425059231510894
1406.9645900463815 0.9685241558897529
1915.8013339641745 1.0455511879527148
2489.7874652897704 0.9964503560144532
2001.1097108833915 0.8050911404329921
2181.7998372079387 0.8106069963303149
2437.667312146017 0.8332736360963097
