6 15
0.8353650366820888 163.69210630392166 743 109 119 123 130 122 112 111 108 112 115 107 124 127 129 138
0.850574429691827 161.36437681051478 746 85 96 63 78 71 83 96 83 76 72 78 62 73 94 99
0.8174007593929604 205.03917383992143 749 131 100 130 116 139 106 119 139 121 102 130 110 101 139 107
0.8773265482764542 90.95940621914488 774 94 73 99 67 98 76 87 64 85 76 96 83 79 60 77
0.8137502312857932 193.51853879799376 830 108 109 132 132 108 109 133 103 122 117 125 134 118 127 119
0.8485867425394207 190.5268620367989 883 93 66 66 90 66 94 87 60 73 81 73 73 98 84 66
1297.3733130429162 0.8523180828626788
1597.3001695008772 1.0878790047299434
2493.427249595258 1.052822303628516
864.0418021390575 0.8797365333591382
1915.792680318421 0.8283330701416727
1523.1343042311976 0.8128837258874716
1791.3383594320755 0.9680121554315858
1875.3104159175973 1.1876298495754125
2625.4175749996575 0.8486741634452374
2104.7763983379764 1.04978825451228
1789.2282192041296 0.8245414237507392
1821.9583021691735 1.1290248819922306
1883.0268476412566 1.039252489712772
2550.8920553038743 1.0231047823441226
1592.7679325737925 0.9388768270178338
