6 15
0.8486399423811926 119.17245289965564 570 84 95 90 61 95 68 61 60 61 92 75 77 89 68 90
0.8722313453596521 200.88879289038644 713 131 110 113 104 113 103 120 129 138 103 121 130 131 125 130
0.8950885374006703 105.08225217983687 725 70 91 94 76 91 67 62 66 69 75 95 75 87 93 73
0.8942850368164128 120.61209429587882 862 73 72 65 75 92 93 87 84 91 93 60 71 92 69 69
0.8944448270674028 123.29776177309478 929 139 129 100 106 113 110 102 130 116 135 123 136 120 121 135
0.8853394782881425 137.39533401065205 947 112 132 130 104 101 116 130 111 101 125 119 130 128 130 130
1191.283194880944 0.9536216419675869
1555.436138285138 1.1692537011173305
1867.4988313193041 0.8109378277679822
2504.9600446673267 1.1333941463402337
2026.9536120531056 1.1064584866679605
1814.7985878999875 1.1105459837286835
1430.0150934053427 0.8809739049374273
2183.680072112952 1.0845408604955749
1119.1377746271075 1.173602533063673
2329.4859498618434 1.0374466091144507
2038.5561749138105 0.9779047084843974
1461.2811125106027 1.0642942399825883
1874.9362729829127 1.1823973671194796
1784.850883373834 1.0282478511419189
2136.556354949763 0.8513621202758629
