6 15
0.8426733560599169 177.3387943893709 691 64 95 89 67 69 63 86 84 83 94 76 87 89 67 69
0.829411899720694 95.8124728250927 765 108 130 116 115 123 119 117 105 122 126 119 139 137 122 125
0.8770505152053414 178.74286064367058 778 132 116 128 127 133 136 124 133 132 109 120 108 107 137 125
0.83783554613419 119.87325810949937 798 88 71 79 83 63 81 60 99 99 60 71 60 84 96 84
0.8501162256005506 175.59872678061254 836 74 64 89 61 83 97 64 75 75 77 82 72 85 81 70
0.8500865046590558 108.82326618109069 927 126 109 117 124 107 130 126 130 121 118 121 110 122 103 130
1656.0842457635763 1.0909964281202638
2258.589450597688 1.0152444621281331
1883.7237871553796 1.0464771864287952
1603.310352089298 1.1061605581567446
2207.437121532267 0.9441166292346392
1840.4719226522568 0.8513308779301147
1093.416677729492 0.9898845011424775
1449.7582609701772 0.9584426124329407
1864.3392080030947 0.8806450878316372
1803.4062446311968 1.1391326845809473
1054.4861158388103 1.0417537479128949
1908.438198033338 0.8014351280983525
2338.3848175238436 0.9682430377644904
1608.0102566173218 1.0676078621840646
2138.1256646414427 1.0206407971501033
