5 20
0.8398284127575323 159.2626487585945 626 80 97 91 66 62 98 95 66 93 83 98 60 67 79 78 60 93 94 93 74
0.8601647274852949 151.89344480321773 711 77 90 97 62 87 99 71 99 96 85 91 73 84 93 84 65 82 88 66 83
0.8218695781620766 133.35796225185845 736 113 133 117 137 123 101 113 136 129 131 124 110 127 103 138 111 105 125 105 124
0.8831130505159761 164.39435470865175 758 126 110 119 139 100 120 121 128 139 132 134 132 113 111 133 123 103 114 117 115
0.8527090266742468 150.27654283776394 758 77 73 69 82 81 91 68 67 74 88 67 80 78 74 79 84 81 94 87 73
2080.8189128012277 1.0
2553.0255555674485 1.0
1170.5531521295711 1.0
1856.507120313941 1.0
1619.434193094959 1.0
1811.07011492137 1.0
2387.4287403499825 1.0
2573.033370053488 1.0
2445.935292908864 1.0
1603.5862983526858 1.0
3252.422262726999 1.0
2270.954200295838 1.0
1519.570574334407 1.0
1375.9511614045566 1.0
2536.082133384287 1.0
1864.2311301802156 1.0
1721.9839734160935 1.0
1792.4977254112773 1.0
2716.5228803802047 1.0
2602.1619269894536 1.0
