5 20
0.8370277537388452 165.5587660109279 573 92 78 95 71 84 66 91 95 97 97 94 78 80 76 69 80 74 95 89 88
0.8071509351612804 179.06427141648174 783 100 107 118 120 118 130 136 115 123 126 118 118 139 125 122 135 115 135 109 134
0.8405512097793952 138.25395293425242 889 127 103 116 119 127 114 138 132 102 119 132 109 106 124 138 136 115 122 130 120
0.8878038694004365 151.79800581606156 893 83 95 88 89 96 78 97 79 83 95 96 72 71 72 78 74 81 87 66 60
0.8706573673475566 148.2968774851476 937 72 67 67 90 99 97 65 68 60 62 79 87 74 85 84 70 91 72 82 88
2624.849823854114 1.0
2879.219423022772 1.0
3035.6008527459157 1.0
2110.4138956107377 1.0
1964.785320243212 1.0
2282.977253899956 1.0
2716.821620596577 1.0
2376.528384237345 1.0
3084.7518901919348 1.0
2871.4693234037377 1.0
2527.3052359728754 1.0
2391.393699044504 1.0
2126.210754611194 1.0
1924.9431083458358 1.0
2397.6270945872884 1.0
2507.762746293738 1.0
2462.9242790947023 1.0
2735.385513090878 1.0
2574.6259566010976 1.0
3220.209511892431 1.0
