5 20
0.8792766634172163 134.90155829472712 527 123 105 102 135 126 134 111 123 105 122 101 123 127 126 135 106 100 106 111 109
0.8727695094904169 146.67469624069145 545 74 66 71 69 77 79 76 77 85 90 60 75 82 68 86 62 69 91 94 72
0.8615193137264527 128.972901863241 562 122 136 138 138 111 109 129 107 123 117 136 128 129 126 123 100 128 103 130 104
0.8631020898227286 132.64412477563 597 95 96 76 68 74 98 64 98 97 97 78 71 91 82 92 83 73 95 99 98
0.8396454591471638 172.59155194137236 992 90 72 62 84 64 65 99 65 99 69 99 70 61 70 70 97 85 98 74 62
1224.7157041740534 1.0
1935.7651645388023 1.0
2204.256392287956 1.0
2541.3236395284243 1.0
1714.3271102894507 1.0
2786.646920149675 1.0
1992.6799525441807 1.0
2010.0206018311228 1.0
1977.4501314986264 1.0
2057.4365505999863 1.0
2219.8633836713875 1.0
3078.5697427840055 1.0
3105.929326874725 1.0
1885.0209982748265 1.0
2453.8195377471543 1.0
2132.134210750247 1.0
2664.0246751793406 1.0
1426.9954643693193 1.0
2357.34435033726 1.0
3394.288545354149 1.0
