5 20
0.8247866254342981 141.69424677883822 627 75 71 88 91 67 98 92 82 66 64 91 60 88 65 94 81 86 93 92 95
0.8126847345116044 126.29504033666146 827 105 111 137 134 109 116 122 111 116 108 103 105 114 122 125 132 109 115 119 121
0.8244015424959745 145.16229266107058 948 63 82 83 95 71 82 87 94 61 83 61 93 76 85 67 65 98 77 69 89
0.8867943226163862 157.6762774731181 958 97 61 88 60 65 89 90 98 86 68 96 99 72 65 80 62 83 93 82 72
0.8703755273668109 145.5652969677293 992 109 139 110 133 136 129 124 130 115 120 139 126 105 118 132 105 124 110 100 103
2668.271390308212 1.0
2697.9470901949103 1.0
3117.7363746086075 1.0
2350.3881919782466 1.0
3000.2869644010434 1.0
2779.5574846037207 1.0
2316.0837646311943 1.0
2463.0783027194757 1.0
2455.943239656831 1.0
1561.9182463572374 1.0
1340.3489909917673 1.0
3180.804875687425 1.0
2148.7125310154697 1.0
2118.2896547716314 1.0
1930.450098607446 1.0
1970.6197719656932 1.0
2862.6735841158015 1.0
3297.099642773676 1.0
3243.27400495893 1.0
2048.6347865308617 1.0
