5 20
0.8357318029126712 139.4997898621188 525 136 105 127 114 129 111 110 113 130 136 124 137 119 132 109 123 119 106 133 105
0.8608757763956034 179.3867784900547 570 66 65 84 73 65 67 77 64 96 96 93 65 91 81 71 63 83 72 64 98
0.8816481170708128 165.48526065239568 584 91 70 86 69 84 96 97 72 71 61 99 65 79 85 82 81 73 79 63 64
0.8617316681694721 149.53659614080604 809 66 90 70 68 91 65 85 94 85 63 63 91 92 73 82 83 87 69 96 80
0.8785072708907865 177.5769179834619 815 101 129 129 110 136 130 126 137 128 108 133 100 123 133 113 106 137 107 138 100
2775.3501171078256 1.0
1860.6516894887463 1.0
2048.7839300802348 1.0
1693.273494121783 1.0
2183.0256857404083 1.0
3013.108889356388 1.0
2429.0693163402875 1.0
2388.327392132562 1.0
1685.2903423019284 1.0
2661.782340497328 1.0
1593.1740829134667 1.0
2046.8909304712301 1.0
2738.467048424788 1.0
2757.7481057303585 1.0
1244.4239161102075 1.0
2242.2770435003504 1.0
3082.770867368922 1.0
2763.791987761272 1.0
1822.131667528944 1.0
1959.5178218537649 1.0
