5 20
0.885836378567682 134.56817602886696 532 69 99 94 76 77 98 93 89 67 95 65 78 83 65 92 81 92 76 91 62
0.8540285503495302 133.84899221146733 615 62 64 96 74 79 99 74 77 65 71 95 72 85 75 78 85 64 68 94 73
0.8699585726007679 171.98739615914144 647 110 114 108 133 107 100 112 125 117 127 102 112 136 103 108 112 104 139 121 115
0.8993295939448742 149.75000906623808 819 105 138 108 109 105 114 124 137 121 132 125 121 113 134 129 131 134 123 135 121
0.8255745327038503 163.1146639129825 925 96 76 96 85 94 90 66 72 81 71 88 96 95 97 77 97 69 95 88 94
2643.5380158314138 1.0
2615.123822619532 1.0
2311.373087589507 1.0
2430.9865220512766 1.0
2012.9402031587226 1.0
1630.2299606125061 1.0
2081.3578466636923 1.0
2964.1994409005665 1.0
2306.0120794792865 1.0
1939.1417427360325 1.0
2394.4933992207243 1.0
2332.1766211069603 1.0
1528.2410531801177 1.0
1835.9817826405094 1.0
1770.4480161024912 1.0
2406.664419375545 1.0
2685.634044097311 1.0
1358.887304972174 1.0
2671.3406754979824 1.0
1527.8501647242847 1.0
