5 20
0.8696410508693375 129.73696169723434 534 76 86 85 81 61 84 75 69 80 72 71 62 87 96 69 85 90 93 84 93
0.8447394474273648 177.3484311174322 825 67 66 82 97 73 67 67 86 68 91 85 92 92 87 75 76 82 77 78 72
0.8951604037423488 140.83843365908126 835 95 68 76 73 75 86 77 80 82 88 96 83 78 89 61 72 74 88 74 86
0.8103286341745461 148.5590954223021 861 110 105 111 130 132 111 117 106 100 117 104 111 122 105 114 108 117 108 114 118
0.8511236910895065 176.35218859275355 914 118 138 106 128 136 106 113 103 135 122 118 137 106 117 135 130 121 112 138 125
2084.5674209730787 1.0
2306.4906832526967 1.0
2123.093187262535 1.0
2680.7728845938273 1.0
1915.6680893945456 1.0
1573.9803403725641 1.0
2267.6772557192976 1.0
2333.594036113891 1.0
1364.747070041774 1.0
2243.4992032225996 1.0
1939.6313083394105 1.0
3081.838201440456 1.0
1641.1614084172318 1.0
2729.869058437038 1.0
1932.2043120562173 1.0
1959.666415936562 1.0
2264.9605634175587 1.0
2262.482965935666 1.0
1222.380535052622 1.0
2302.7898739904185 1.0
