5 20
0.8248008724052452 154.30684313293798 505 73 90 66 89 64 66 85 63 80 88 77 71 72 82 72 89 60 77 93 83
0.858068571749021 146.97781439940417 505 81 88 81 75 92 75 72 82 87 74 90 84 71 83 60 93 84 77 70 69
0.8711232487089662 167.3582805133181 581 97 98 96 95 93 96 73 90 61 69 74 96 91 83 88 63 69 76 87 76
0.8364584202079539 122.88634962221667 943 116 111 113 108 100 104 129 102 136 125 121 101 123 135 137 113 107 137 125 100
0.8747475893553375 158.6389116671661 988 103 127 113 123 139 110 116 139 128 137 124 108 134 112 138 111 120 105 107 112
3035.957096113717 1.0
2028.432015334348 1.0
1888.853636558239 1.0
1420.8573087650973 1.0
1872.8509966092486 1.0
1975.28548756996 1.0
1851.3139211290488 1.0
1438.7192484983143 1.0
2005.809160478257 1.0
2626.590965291206 1.0
1372.5964476409963 1.0
2603.6055220441076 1.0
1651.1976827970745 1.0
1675.0341101780164 1.0
2113.9842357892494 1.0
2134.9718245770546 1.0
1684.5981444277063 1.0
1244.9036468083164 1.0
2836.70947307404 1.0
1660.272792861122 1.0
