5 20
0.8987205379733335 136.52270935831265 542 129 131 124 111 111 111 127 124 104 132 106 115 102 125 107 112 128 139 133 122
0.8501465514832941 135.39162211310358 653 112 129 110 106 105 132 138 100 114 110 122 122 100 121 123 125 110 123 133 112
0.840920226712252 131.78211441677996 703 68 83 69 90 93 95 83 76 61 97 67 62 71 71 80 97 74 91 95 81
0.8169762403552219 134.30032552570336 732 73 73 64 94 95 99 74 91 62 90 75 85 86 69 63 92 79 85 64 91
0.8180508913752403 160.89147356548332 742 96 70 87 99 66 73 70 67 84 82 72 87 61 74 86 93 68 79 73 88
1657.751363187189 1.0
2449.0517778594262 1.0
2289.1842985966987 1.0
2376.297332487898 1.0
3374.4310906168434 1.0
2090.4033606338003 1.0
666.2519056048015 1.0
2511.0371703412497 1.0
2195.002338871849 1.0
2892.2374968246995 1.0
1889.9610909627297 1.0
2672.0505215340654 1.0
2357.29387561379 1.0
2286.0109645714674 1.0
2477.7185549676597 1.0
3041.949327639794 1.0
1532.553463338163 1.0
1971.21888454051 1.0
1308.7617876641598 1.0
1353.9190297677221 1.0
