5 20
0.8072425479920693 145.68014058685858 536 113 116 114 115 105 133 116 134 139 133 107 102 100 133 120 111 135 105 130 107
0.8436122375938612 156.48682939134326 767 131 118 122 133 100 106 121 136 110 114 101 122 112 113 112 109 105 134 121 115
0.8913912117842293 166.29587012095024 811 73 63 83 62 76 93 83 73 70 90 60 66 62 86 66 67 69 60 91 80
0.8569913183834466 171.9293776004074 845 86 85 67 83 74 61 77 71 63 91 86 61 73 71 62 82 74 78 93 83
0.8744185036980267 142.6299728282457 853 91 63 89 99 64 61 77 65 78 80 90 93 89 95 91 97 94 83 87 63
2992.781775638705 1.0
3213.059221823257 1.0
2701.9593683292364 1.0
2336.2575454936728 1.0
2497.798215413315 1.0
2117.917065102742 1.0
2378.645312842474 1.0
2283.5954864577984 1.0
2475.3313393340004 1.0
2967.835586057601 1.0
2337.600433528697 1.0
1154.5781048152362 1.0
1598.2266742199367 1.0
2530.628623937127 1.0
3062.9830581198794 1.0
2320.934174246002 1.0
2095.3384755300003 1.0
2492.5333189017624 1.0
2674.1960458632757 1.0
2348.60069640174 1.0
