5 20
0.8857038786836213 139.90271011819286 538 65 79 65 62 63 74 88 95 93 98 95 89 86 93 85 64 95 64 86 87
0.8834342939418792 157.69456911285755 581 84 86 80 76 93 64 71 74 88 89 65 74 60 69 75 63 79 71 62 94
0.8380189986060242 136.98941497802775 658 83 88 96 95 90 91 94 97 61 96 82 95 62 70 95 96 68 80 77 97
0.8815379318703126 132.78370243991725 879 106 128 108 125 122 115 102 115 113 103 112 123 132 138 139 105 106 127 109 137
0.892996036212267 151.2439805224493 947 126 129 119 106 108 137 101 102 126 111 110 120 104 120 129 127 135 114 127 116
1562.0392559209745 1.0
1996.2646720802557 1.0
2614.808563122065 1.0
1782.2183662860605 1.0
1938.0804033515822 1.0
2410.4462952391436 1.0
1159.798658710893 1.0
1419.2120065276508 1.0
1615.8799413905613 1.0
662.262209930921 1.0
2492.5064575973934 1.0
2376.866824039952 1.0
2489.9525724736604 1.0
2794.58045476439 1.0
1620.2783829495825 1.0
1187.3211307695417 1.0
1032.3110337482324 1.0
1933.0349868932974 1.0
1334.8706712448648 1.0
1911.8182514827101 1.0
