5 20
0.880911143395049 142.3391209503189 601 74 84 93 95 99 68 80 96 80 68 61 61 61 68 71 74 71 66 71 71
0.849083583134615 133.4568517896571 618 75 78 74 79 96 75 76 79 84 79 96 90 64 80 89 69 60 84 94 66
0.8118736603601292 166.74079023438975 732 112 130 128 134 112 129 108 128 112 134 120 135 121 126 135 100 128 123 106 139
0.8779595128981055 144.86630584610143 807 125 105 122 139 138 118 106 106 134 100 123 109 137 133 106 121 133 133 136 118
0.8339478249661751 164.16339935680784 904 66 89 94 97 80 70 75 99 75 61 74 85 68 79 64 66 93 67 71 91
2997.281951848388 1.0
1171.306076469623 1.0
3660.232112697414 1.0
1665.379217977767 1.0
2117.1741817605557 1.0
731.3084317070422 1.0
1809.275988398198 1.0
1504.2826211790002 1.0
3188.7118159482243 1.0
2401.405340436042 1.0
2121.369150631104 1.0
2282.46094318116 1.0
1844.1482603282184 1.0
1936.7937472600693 1.0
1185.66728065995 1.0
1674.0879599425934 1.0
1820.7547284127706 1.0
1840.1801043968137 1.0
2320.3390780200257 1.0
1900.4010888910084 1.0
