5 20
0.8026545642434048 171.88846450154603 555 95 65 87 67 73 86 66 80 76 87 84 85 91 73 62 84 77 74 75 94
0.8113898041033826 123.62963555726112 667 89 98 99 71 62 65 83 73 85 68 72 74 67 94 82 79 94 88 91 65
0.8790859520496486 156.97864110583137 676 118 118 138 135 120 118 103 120 115 128 120 139 119 128 120 136 114 138 124 110
0.8797947264929247 156.95238417443656 752 80 71 91 92 61 74 65 62 88 67 93 65 97 79 61 62 79 80 72 98
0.8419992565498393 122.41634438270643 875 130 113 119 114 139 124 124 119 104 111 111 128 128 132 116 104 132 120 105 128
1432.980063866817 1.0
2014.9332874111785 1.0
1500.3145649331725 1.0
2255.640013494709 1.0
1462.5603434822328 1.0
2411.4040119720057 1.0
1775.529845759031 1.0
854.6062580538505 1.0
2152.001973404688 1.0
2479.025794141254 1.0
2206.4258242780907 1.0
2330.878041561895 1.0
1695.835166836645 1.0
2173.475053735231 1.0
2486.666290490626 1.0
1791.295023545055 1.0
1951.784046517754 1.0
2792.3565655175703 1.0
3279.0995831138616 1.0
2803.7178803896586 1.0
