5 20
0.8373233349985325 151.91050951208564 520 103 128 130 119 108 123 109 123 117 114 105 134 130 124 101 127 136 109 112 103
0.8315701285667856 134.05105677201516 575 78 88 70 76 79 97 90 77 71 81 87 98 82 99 80 64 87 64 93 98
0.8892611679055188 159.78292179734996 600 118 112 116 131 108 127 104 126 109 139 118 115 124 112 116 101 111 108 106 111
0.8813499552262715 134.33083774487918 629 73 67 97 97 64 97 72 78 97 80 65 64 65 73 81 65 72 62 80 64
0.8082113403639064 160.59980772939798 979 81 71 86 90 83 93 96 67 72 61 71 60 67 93 72 80 74 74 99 66
2139.571846113484 1.0
1937.0520577569114 1.0
2369.110757784935 1.0
1876.8606188343942 1.0
2052.875325417968 1.0
2153.9544339704184 1.0
2692.4624248300493 1.0
3391.9261565436177 1.0
1635.444795950811 1.0
2322.2138822156376 1.0
2643.8115068797097 1.0
2283.2546160266734 1.0
2611.3736035806983 1.0
1380.2097385513043 1.0
1712.0739912293 1.0
2031.5258872849818 1.0
1953.156338724435 1.0
966.814751701311 1.0
1397.1396629954215 1.0
1718.0535340681822 1.0
