5 20
0.8473065311038099 133.71894069215094 709 106 109 106 139 136 121 124 134 124 125 130 104 121 131 106 135 137 121 120 106
0.8938896898398611 162.62100040307013 722 103 126 105 100 123 123 114 105 102 104 119 118 133 109 127 132 124 106 105 114
0.8203032832176426 131.61840171902597 822 71 80 76 85 92 78 94 73 64 71 64 94 71 99 92 69 98 63 71 67
0.8040405282075882 151.88486444874536 826 93 93 95 73 87 67 99 72 84 69 95 75 62 63 97 81 95 80 82 94
0.8481756390791504 132.7296461703375 909 90 74 97 79 92 78 88 87 78 89 87 86 94 64 94 79 82 77 63 90
1463.0365589055045 1.0
2176.432551239971 1.0
1056.8668186668867 1.0
1917.7265632296123 1.0
2182.0528437536973 1.0
1902.9744143747685 1.0
2964.53546887848 1.0
2446.661127036949 1.0
1512.8299287752488 1.0
3149.3684531514646 1.0
3297.0114999347525 1.0
785.1340691995263 1.0
1586.9556688253576 1.0
2873.814644926222 1.0
2775.2335964627882 1.0
2939.108296462985 1.0
2621.6066840088683 1.0
2987.4190919659795 1.0
3241.6329179105282 1.0
2782.0968389208233 1.0
