5 20
0.8850086526562397 179.9955624673546 659 99 77 65 63 97 79 89 84 88 83 78 99 95 73 77 96 69 69 98 95
0.8615807361403575 167.86719325770483 696 121 101 126 125 114 130 118 131 111 116 135 128 100 108 128 109 113 136 110 102
0.8518827963718436 162.70245326966278 801 62 67 71 68 92 93 74 90 61 80 62 97 65 63 64 77 78 64 89 65
0.8526756031005976 140.91813933110592 862 108 128 110 119 127 122 110 113 108 127 103 135 139 103 136 139 103 110 119 138
0.8375445374090263 178.01132639535356 880 65 91 76 64 67 71 94 71 93 88 91 98 79 84 89 83 78 92 76 65
3032.1433552036724 1.0
1462.5669779267619 1.0
1898.8138012924019 1.0
2694.742545560116 1.0
2379.2526001840847 1.0
2555.2853870265144 1.0
2840.588677233303 1.0
1726.9335638265807 1.0
2324.9965889527125 1.0
3066.400274218009 1.0
1554.4633747713915 1.0
1821.4186039229721 1.0
3108.1248567322345 1.0
1732.44873398054 1.0
3092.145011621681 1.0
2731.7084675276633 1.0
1550.040974561778 1.0
2525.05022589514 1.0
2270.233665833902 1.0
2298.9080739403744 1.0
