5 20
0.8659373209521795 159.70313734219508 548 79 79 69 98 87 99 80 65 78 80 95 62 65 98 79 65 79 60 60 74
0.8054109538023554 155.2545071721064 727 112 113 100 135 114 104 108 128 119 104 120 119 136 134 101 105 100 115 125 121
0.893205181241398 143.32351384886903 774 71 80 83 96 60 78 68 67 80 72 93 76 70 98 86 90 95 88 62 64
0.8694971926422431 129.2338296212683 832 80 62 62 88 64 62 75 70 73 65 69 67 67 65 94 76 68 70 73 92
0.8393211189156164 173.50874333249038 981 111 132 131 117 100 119 109 102 105 125 109 134 115 116 108 121 126 138 137 115
1719.5916053307365 1.0
1696.1163091099688 1.0
1724.9928923740395 1.0
2676.863908875218 1.0
3386.994770022493 1.0
2083.2950663472475 1.0
1961.7750028492537 1.0
1917.0276805745855 1.0
2775.837652652319 1.0
2413.0868342870585 1.0
1800.6527421955236 1.0
2116.076819767698 1.0
3001.882686194127 1.0
1918.3126806304697 1.0
1948.6102436245649 1.0
2019.6593816188815 1.0
3307.899048996739 1.0
2405.4185683672813 1.0
2834.883801054712 1.0
1487.7341499363365 1.0
