3 15
0.8662847115814025 150.0 627 84 94 95 98 98 86 73 61 63 68 67 82 68 92 83
0.8487729880792007 150.0 821 131 130 126 119 120 125 128 105 136 124 128 106 102 121 131
0.8960062044857747 150.0 901 97 76 76 99 77 93 64 96 61 69 95 96 64 91 71
829.1318899125285 1.1297651489495744
1175.319107359468 1.1234458047832665
1785.667152526542 0.9210109351228392
1613.4787219128698 0.8845038953846033
1717.3841615867184 1.0415102274375965
1139.4919216846667 0.9657144141819917
2387.441512066007 1.1846631106213918
1782.17641143541 0.8337361163092304
1528.3735425176176 0.912556570218653
1644.9550675022465 1.1291406577614405
991.516384647551 0.8051642994560755
1738.7636803785929 1.1925741717934177
1802.301922241314 1.0903859704379704
1724.2803330757615 0.9585566358791144
1917.6164661427674 0.9924939604313165
