3 15
0.8279820122954892 150.0 651 88 67 88 68 93 90 72 98 69 65 78 86 67 74 89
0.8096091823270518 150.0 679 89 68 75 85 93 65 67 65 87 71 61 77 60 76 88
0.8663252482934263 150.0 975 111 120 126 138 111 133 110 138 132 137 106 114 123 103 131
1305.2116046529666 1.1387689072026872
1587.0013382384154 0.9079602355483521
1518.2246675356953 1.0436953085603915
1822.5773072901768 0.9535885507755368
1863.8320656332003 1.0183472999986876
1631.2797212570254 0.8397725537066284
1119.7208048846862 0.8653954604365993
2134.246629615599 0.8768839125685748
1923.4748234037713 1.09523810719021
1886.3428792261468 0.8868902208491123
1298.7591381707457 0.9752224913242153
1305.0725619755665 1.1243497769404178
1305.119572071348 0.856326085684318
1903.255547712931 1.1670233824484455
736.6989914916264 0.8910853504779462
