3 15
0.8699019477190673 150.0 561 67 75 94 62 68 85 72 75 88 87 97 87 88 93 67
0.8717065915015759 150.0 581 122 110 112 111 138 120 133 108 132 111 115 116 118 104 128
0.8696740050218775 150.0 591 90 78 89 86 96 97 79 90 96 65 62 65 64 67 98
1515.0603141920171 0.9714551911207074
730.5856855167522 0.8353458813160284
2131.8942099302985 0.8699719068216611
1118.951782516268 0.8617827047951747
1885.1498410366535 1.1521448607390892
1529.8479711700643 1.1556518563945783
1778.0432772245272 0.8316239991423884
1540.3109496227264 0.9066046385605723
1705.2434926703831 0.9901258740738579
1123.5586400539803 1.1188831205297305
1406.8679828108989 0.8865410182448518
901.1835724689894 1.1151861411247614
1270.5427886240207 0.9067332284049379
1003.5696971554585 0.9506412559652779
1870.1109991187877 0.9838805780249245
