3 15
0.8515591540071832 150.0 553 77 90 75 63 82 80 60 63 90 83 86 70 98 91 82
0.853083587853772 150.0 640 139 102 118 112 125 118 103 132 120 117 125 128 133 135 132
0.8719429304723838 150.0 790 86 77 88 69 82 67 76 89 80 66 90 81 81 99 99
1370.4398922553705 0.8900061457467288
1085.724439149016 0.9066659368810984
1859.3943775302976 0.8810976789257519
1446.7836062136216 0.9166003364990595
1098.3986455371385 1.1962510991479747
823.7075398239816 1.063464054190057
1517.973252545702 1.1827382174475305
1459.7421992101831 0.9428331214682267
1307.328336639182 1.1749514394567415
1546.991520766166 1.1721054089442846
1355.8515886165371 0.9813966378678289
1775.795971251339 1.0097833486944388
2022.7067434423143 0.9985186624009361
2807.463380541715 1.0586715944985536
1788.4234539403956 0.8888901798322352
