3 15
0.87654382574761 150.0 533 77 62 71 96 81 95 86 69 86 70 88 98 74 79 85
0.8084421124278685 150.0 673 132 102 114 136 120 109 134 130 108 108 132 119 128 130 100
0.886392758355495 150.0 678 61 66 71 89 85 96 76 95 86 79 91 91 69 69 92
1777.6879395508417 0.9237849053933169
1622.166067472677 1.1519204940560301
1786.1871751906433 0.9863238771784236
1100.9090892600361 0.8916754372539973
1281.2236478451168 1.1630479236659528
1745.8200148953865 0.8975477636304944
1501.9111287439382 1.1547215557930286
1717.1800037489031 0.9310862889358859
2005.392142470117 0.9989548361655831
1794.2447905637898 0.8970855907135367
1574.5697283772151 0.8963023020750653
2012.0724506735892 1.0599521193849133
1407.8786194704749 0.9507948807100456
2090.3040384098967 1.126891662427941
1139.4704944949585 1.0071999040074655
