3 15
0.8571119435081429 150.0 552 113 132 112 126 134 100 139 116 119 114 123 119 135 105 120
0.856313092046638 150.0 695 89 84 95 91 92 80 88 80 64 64 99 88 80 65 76
0.8291637163543307 150.0 984 67 86 67 98 69 81 64 82 97 94 85 64 77 79 81
1436.029782556905 1.1274690515584305
1247.0081269901555 1.0069704859842306
2086.766754176867 0.9405817316287836
1328.9208166709714 1.02776437784863
1925.792833842393 1.0427389464902006
1950.565747491588 0.99245190285383
1790.2731464290796 1.031734301717122
1690.162886072751 0.868717838267381
1969.5087077659628 0.8321125526433142
1737.7597474750473 1.1782939438958155
1635.9409550860694 1.0779928660236293
2054.3104373216293 1.10707874288533
2270.7805921429167 1.1214186249887774
1666.2380832824829 1.002422123263904
2296.6484763794465 0.8226109990835352
