3 15
0.8240465687691471 150.0 626 133 119 119 113 121 126 135 115 119 102 110 120 107 122 107
0.8058542940085216 150.0 714 65 96 97 75 97 97 93 85 85 65 69 65 71 77 70
0.8718656617729372 150.0 818 73 67 63 72 77 83 83 67 83 92 64 63 69 83 75
1345.3778119937854 0.9772254474795361
1918.7120294252622 1.1120291963367157
1701.1089411322796 1.1320469153275527
1515.885977621391 0.9715082942938069
1923.25061192878 1.0633847639569458
1160.9768701089167 0.8834179573666147
1557.0926162318158 0.8834875744375016
1936.8362909781654 0.8511514880187933
2196.0801656701988 1.0391267932484003
1988.1462782384244 0.9380965316012713
1833.8347527930894 0.9300543937059367
977.5962383799346 0.8002744637264058
1534.2312632365765 0.9250042700633585
1594.0376735565847 0.913306715630993
1553.9226646161665 1.1147308867835708
