3 15
0.8457361312928725 150.0 693 93 62 85 78 83 66 86 97 77 67 62 99 72 91 80
0.8282556511850163 150.0 742 88 76 90 75 64 62 85 61 67 91 87 62 78 85 96
0.8501817789824667 150.0 956 127 124 118 117 118 110 122 124 130 122 119 109 135 106 136
1300.0464987479434 0.9594188848062792
1651.1886911938545 0.9707542004956695
1139.8843480544042 1.0833973688230338
1757.1109767926796 0.9772956546195275
1441.9702090775554 1.0805370346495842
963.7310348353129 1.1415031231034343
1728.8106723540252 1.1026036211045487
1587.3564338381757 1.0709618378594534
1546.5220588515517 1.0794453153634676
1995.4984842322383 1.091261954749059
1476.5945984684029 0.8609417611041322
1439.2208780404235 1.0713910591401619
1539.474659580729 0.9660729840502753
1841.972252850219 0.9082903265318635
1813.5012103058275 0.8487255932654824
