3 15
0.885543991873248 136.2387566848232 574 94 60 76 77 68 96 71 85 68 71 80 93 63 74 75
0.8132483642366887 141.25565930592248 708 89 62 97 90 95 94 92 79 85 62 71 84 72 90 74
0.8787316534744449 159.68680390860055 976 127 120 110 106 134 108 108 130 117 127 115 103 130 123 133
1140.0015687523978 1.0
1199.6543956935707 1.0
1926.795196800822 1.0
1994.2451156153604 1.0
1807.6768927997027 1.0
2355.87489519478 1.0
1542.4335791016565 1.0
1404.7277559744941 1.0
2254.8202015628312 1.0
1426.505831990161 1.0
969.622535606558 1.0
1621.340628198347 1.0
976.969016938696 1.0
2151.684278995658 1.0
1167.5175577792816 1.0
