3 15
0.8538437889314063 155.83113787964163 552 64 88 71 79 73 74 95 60 74 93 77 96 99 93 83
0.8418713110419311 134.1898430783513 765 111 100 104 131 120 123 130 103 104 114 139 117 134 110 120
0.8834226021515809 163.29740213041612 794 92 81 83 78 69 92 79 82 92 77 75 98 71 91 91
1721.718684979531 1.0
1800.9552699246308 1.0
1445.648364957145 1.0
1921.2439416022876 1.0
1701.7211636024904 1.0
1118.8742048677036 1.0
1495.9196376687714 1.0
1571.2522189770696 1.0
1247.2410139112742 1.0
1260.0973072644786 1.0
1945.7463894020589 1.0
1193.31082654156 1.0
1684.2149810211563 1.0
1154.3457473903159 1.0
2033.0546810164628 1.0
