3 15
0.8212112517195059 158.09829747120452 680 90 92 65 85 69 75 80 90 73 60 94 92 63 88 70
0.8404301130597172 134.91401660407206 779 138 119 117 116 120 110 119 118 119 100 120 139 134 137 122
0.8220108200078149 158.8989132172112 803 66 62 82 83 69 67 80 62 68 77 81 83 84 63 88
2102.734816663193 1.0
2149.259569438336 1.0
1959.1393647637274 1.0
1848.4749723873306 1.0
2059.0727788465188 1.0
2612.5343802180896 1.0
1799.9096768210036 1.0
2157.33779380601 1.0
1975.6017411271541 1.0
2398.8682434163966 1.0
1185.0290504692102 1.0
2165.4166956424137 1.0
1548.0261282934205 1.0
1705.4950399268946 1.0
2103.2889805204404 1.0
