3 15
0.8643902173544261 166.49673648813928 560 97 69 89 76 68 92 63 92 75 81 65 92 79 62 91
0.8298498785712833 172.89378037523153 750 101 123 105 119 131 104 107 131 109 104 135 116 137 134 104
0.8738977930026762 123.67292235115437 807 75 95 70 71 82 86 76 89 77 63 85 90 92 75 68
2057.7801732588296 1.0
1822.9046950871107 1.0
1477.7522852296013 1.0
1231.3182578132596 1.0
1154.6989012662746 1.0
1253.865329269413 1.0
997.6298554735826 1.0
1960.376580236003 1.0
1806.5938293811362 1.0
2002.5898995138532 1.0
1644.352274319887 1.0
1592.8283361360657 1.0
1814.9968308576435 1.0
2234.3151072143824 1.0
829.9865028424202 1.0
