3 15
0.8262891257489364 146.5877209916188 521 78 67 61 61 94 98 84 88 68 62 88 93 88 62 68
0.8576486051965185 173.7284982106351 660 90 97 73 78 81 74 81 90 62 90 82 89 77 72 99
0.8899776685900755 165.28252949759232 796 137 137 128 130 136 119 102 105 128 124 102 115 128 122 133
1099.8350201152255 1.0
1656.7005321126546 1.0
1503.022496316692 1.0
1729.3618612455477 1.0
1146.9533430660908 1.0
1435.2308889089018 1.0
1755.7644224537255 1.0
2118.4734908082532 1.0
1594.4862718746338 1.0
1220.7347271787235 1.0
2320.2209735682427 1.0
2004.179401921036 1.0
1410.7902138718143 1.0
1447.776944521692 1.0
2231.220603237988 1.0
