3 15
0.8508971167767793 142.21344435371606 501 127 131 129 127 139 118 122 131 127 106 100 102 138 112 133
0.8019589196721697 171.29810641392956 550 99 91 99 94 97 97 84 63 95 82 78 61 84 90 78
0.8802141214462501 172.41751491616122 863 72 90 89 82 76 98 66 64 68 87 67 61 81 95 74
2036.6754843971958 1.0
2771.3322442840445 1.0
2058.092490526964 1.0
1768.683830280787 1.0
1566.7991132315556 1.0
862.101447172449 1.0
2287.359893492322 1.0
1996.817769151695 1.0
1745.8395921993258 1.0
1517.8780604189456 1.0
1988.0896861843635 1.0
1374.0966384903431 1.0
1596.506421717057 1.0
1478.4563003008464 1.0
2090.22664879748 1.0
