3 15
0.8479891632565119 125.8587551673312 810 92 68 71 76 99 96 87 94 65 98 77 89 85 96 61
0.8472600743207102 177.58641264145382 923 87 88 91 73 95 75 94 68 77 62 84 92 79 84 81
0.8695852550452668 129.68871994421355 995 104 132 105 132 120 103 107 138 135 138 119 134 121 128 120
1775.84467795881 1.0
1489.7215061059217 1.0
1968.8514126986686 1.0
1372.9819241015157 1.0
1802.1364933176578 1.0
2011.774485316176 1.0
1422.5603440165862 1.0
1821.020211924245 1.0
1252.5700242493508 1.0
2269.067493335303 1.0
2291.970179967277 1.0
2300.904648085966 1.0
2017.5917623542118 1.0
1886.6348103844095 1.0
2537.141495083545 1.0
