3 15
0.8251619514061099 145.82528597092897 558 103 131 124 103 119 117 133 132 129 136 123 108 137 133 103
0.8059477682696267 133.80216783884444 757 90 61 97 99 75 65 81 85 91 75 80 74 83 87 97
0.8000469697455097 130.71234934410947 803 90 87 63 90 89 94 84 65 66 85 78 69 65 96 61
1767.016695482292 1.0
1686.3749695247516 1.0
2133.2615074034775 1.0
1882.0189377407048 1.0
2733.7834208439203 1.0
2026.8592767830057 1.0
1554.8223147754038 1.0
2469.475572485782 1.0
1779.1713148411948 1.0
1980.3680865027488 1.0
2021.4168416309783 1.0
2664.2867885563596 1.0
1272.1461309099245 1.0
818.7358420162147 1.0
2241.4745732392357 1.0
