3 15
0.836328775801139 178.97994974669783 501 125 117 105 110 110 101 115 113 134 111 121 139 123 133 112
0.8717248431582996 171.60278709377187 793 78 98 67 97 70 73 63 67 73 76 88 83 64 83 97
0.8772035745888991 142.5638939759325 865 93 84 89 84 93 89 71 69 93 75 78 75 69 97 65
1900.6636773494215 1.0
1973.957881703934 1.0
2012.2425056446787 1.0
1079.0401346485307 1.0
820.4479668845746 1.0
2281.236745645746 1.0
2001.18379636373 1.0
1519.5442910237061 1.0
2336.9597995584086 1.0
1954.2320474783958 1.0
2713.2249435533568 1.0
2391.2616671657242 1.0
1869.63883174641 1.0
2320.67253233313 1.0
2060.342249088006 1.0
