3 15
0.8142852479412482 155.4064615605207 570 64 61 62 61 76 65 94 66 60 82 76 60 81 85 83
0.8985768451802536 141.43152915215143 796 80 70 69 85 64 86 80 74 92 85 90 60 93 69 63
0.8390355677978661 126.09068819389041 812 129 132 102 126 138 130 111 107 106 128 103 123 136 115 139
1280.4512275653137 1.0
1739.0195222335612 1.0
1078.2227484857187 1.0
1297.321454933976 1.0
1469.4893216344851 1.0
1307.3494150606784 1.0
1275.7326391641484 1.0
1062.246074032275 1.0
1612.8425291120877 1.0
1403.9302450299285 1.0
2136.894170096825 1.0
1660.2883803951406 1.0
1869.663261951769 1.0
1596.1584853643778 1.0
1865.7818569232654 1.0
