3 15
0.8388222433085666 168.54762273588312 618 73 94 77 91 92 72 89 78 84 79 67 69 81 84 62
0.800533578679562 160.49378872506304 805 77 82 99 74 66 68 79 69 91 99 96 80 81 76 70
0.8946274018105695 124.29618207941041 889 134 116 127 116 108 139 112 108 103 112 139 121 114 120 137
1533.6066576941807 1.0
1414.2083449400395 1.0
1671.8213581050845 1.0
2034.2118910094591 1.0
716.2787959807945 1.0
838.248161248994 1.0
1726.4714879899586 1.0
2047.8605695774759 1.0
1046.1435574093189 1.0
2690.5876546654054 1.0
1280.3237090887897 1.0
1579.2332602430592 1.0
1797.7257588291773 1.0
1258.6553423158823 1.0
2030.2322501570134 1.0
