3 15
0.872572652757193 155.3170083737232 595 94 72 84 75 77 95 74 62 62 74 94 63 60 72 64
0.8668277916459892 137.78253862925965 619 76 92 85 90 79 92 66 61 92 61 96 78 64 60 99
0.8627732509773717 133.8469115676941 969 130 108 133 132 100 100 134 103 101 126 127 124 114 115 114
1711.9851459111715 1.0
2236.299596672643 1.0
1429.8334396591786 1.0
1144.277573009344 1.0
1905.3887379299408 1.0
1547.5746453026588 1.0
1478.216510980442 1.0
1271.9976176651176 1.0
1878.449830849962 1.0
1272.0061650785274 1.0
1153.2876030878997 1.0
498.71722995802065 1.0
1028.3383388164495 1.0
1004.558811589349 1.0
1000.1861583670858 1.0
