5 20
0.8380574316388563 138.01870223139238 544 90 70 60 91 62 95 90 70 71 93 72 97 79 70 82 76 80 83 92 94
0.8060516056941196 154.28991197115818 586 63 67 62 91 61 77 99 93 75 75 98 95 84 62 82 91 89 77 70 88
0.8331260856360649 165.37845174929905 590 160 144 155 164 175 141 165 157 164 174 166 146 150 161 159 141 170 177 160 166
0.8960799128547356 152.84866677864045 743 96 71 93 63 67 81 91 64 67 71 90 82 83 67 70 62 62 94 91 70
0.8542202194754608 124.46779557248115 855 141 165 157 153 141 178 156 171 175 173 163 160 173 146 163 154 165 171 150 177
1638.038601427788 1.0378110786263621
2418.592268762118 0.8904765147033241
2479.54607101183 0.9727117161940846
3030.31382195293 1.0216016381212902
1816.9118861595264 0.8964892904073217
1418.3316352341576 0.8163668180389188
1661.8405915771184 0.9043543258355119
2963.2599300766005 1.1790229892246638
1906.0805860163696 1.1105534795980772
2097.93335195073 0.9995889632117751
2563.919326424376 0.8622072999030398
2334.9918939353033 0.8689413192623907
2754.6926864511524 0.8265626663833044
2162.8892360192785 0.9756996332891195
2139.1425438942656 0.8413270820873178
2425.043913405876 1.1463062358738756
2449.3941947209814 0.8519133963628751
2145.1101524010805 1.0639733307543424
2022.6214981549283 0.9773405486084662
2388.9810011055597 1.1895753968485459
