5 20
0.8023966841282528 175.51603196453834 507 71 80 70 96 78 73 70 61 94 83 94 70 73 76 66 87 84 85 93 99
0.861457518925423 146.742114703879 768 176 162 169 164 144 156 175 148 178 163 148 141 158 154 165 174 174 147 170 166
0.8188246890627723 130.52215549822338 826 173 166 170 142 144 160 176 159 177 157 151 146 154 155 161 152 141 175 165 157
0.8000953926980732 172.70421801159432 866 82 80 91 69 68 67 73 79 82 81 64 95 60 77 69 61 87 68 63 93
0.8493848778427033 142.22714645321392 885 98 61 91 89 63 60 79 83 60 84 66 61 85 76 87 98 65 80 92 81
2801.11570343501 0.9842666593492063
2811.834464263386 1.1838688041900238
3005.864066756543 0.8296471302802991
3976.6777655251954 0.8784253101364052
2559.3281521679787 1.1525437099759674
3288.91821446011 0.8358618451398444
2324.561648611412 0.9769490926687702
2923.7756596289737 1.1828700025792602
2416.1528298759235 1.121800578904224
2601.4746532732665 0.9476383806544296
2152.303970476569 1.1516563402120974
1417.7396576799733 1.120052551102801
1082.6496372964457 1.0500883020124931
2628.232984294588 1.0794447876422475
2191.503394690751 0.802403792234357
3045.30573957856 1.1540415797588173
1903.6570423229298 0.8197320322239379
997.7395948038868 0.8493336680310799
1503.4071181502286 1.0257846399469785
1730.3811957725422 1.0342006029530704
