5 20
0.8169814133030208 169.4886649956003 512 61 71 65 71 86 71 68 75 85 95 72 94 65 74 78 66 69 72 68 98
0.8349984614678138 177.22115478180308 513 141 161 165 162 171 172 155 157 156 154 155 167 175 176 177 157 147 166 143 167
0.8484484299197085 133.73928995809078 514 142 173 147 142 167 154 160 165 140 147 152 145 150 163 155 147 149 173 168 161
0.8088647903260897 159.47715138656437 763 62 83 98 63 89 77 89 93 77 79 69 64 80 71 61 81 69 64 78 63
0.8840588535300318 125.86041479968719 934 99 95 64 95 87 87 99 63 90 71 75 85 69 71 89 75 83 93 70 63
2363.273495333799 1.1243938137939162
2843.688987635262 0.9501118433461846
4127.96718414724 0.8569475797644732
1779.8077791788076 1.0067336467574395
3924.3043197372713 0.9996382360144555
2668.7757886255763 0.8235999667497417
4042.280309083188 1.1647502606063518
1905.055392281339 1.1735421314098164
3158.2144663092527 0.8658257393478876
1832.2476116013054 1.0986852916401408
2467.1610296656013 1.0394328903109644
1941.2333215373033 1.108760948227523
3311.9579996085104 0.9973662674318032
2117.4677743640564 0.9849650001045949
2825.2153491959107 1.1720690272176462
2357.862411612618 1.0953454522274175
3011.880228674915 0.9444688420837892
1727.7617243390935 1.1334569690103342
2414.4274024584906 1.1949731427400287
3222.0267705164442 1.036565677845063
