5 20
0.880882692358581 131.02058103357766 556 99 68 62 69 66 75 92 60 72 71 62 96 62 91 96 65 82 98 75 94
0.8243766421419353 177.03315997361747 578 163 166 145 153 173 171 141 173 141 168 141 178 147 168 149 152 167 169 146 179
0.8919283243288818 138.73071151644967 765 87 79 90 94 61 77 80 73 63 61 60 69 83 90 99 64 70 79 74 70
0.83050818853111 127.25187409024603 808 177 158 143 161 155 173 153 167 164 167 178 145 149 143 147 155 156 161 157 170
0.844098832071751 149.03014253919844 917 96 77 82 72 78 71 80 97 77 63 94 82 72 72 86 87 96 86 76 79
3459.117493039887 0.8976162849986269
2366.238268861075 0.9405519359667889
3393.2894227811075 0.9569922285374572
2492.231004100117 0.9703490012453826
1551.901832786536 1.0587747034833526
3785.5188252609723 0.9572612819091568
2278.848034708183 1.0228001479927176
3282.7572687592365 1.1484117495265465
3439.5083099095496 0.8268769907185208
2687.4752948280648 1.1973651107656873
2651.3496888382965 1.0116225857675838
2599.4740034216584 1.1053637996464962
3275.2805985247765 1.139936749655081
3276.300517388333 0.9097610275807381
2741.9805798278926 1.1073537954435864
3296.2112294514714 0.9582198701868364
3346.672299935837 0.8046891429667478
2871.512502203486 1.0939354020742293
2666.896509162356 1.0497243180632683
1562.2473096734084 0.8169522604199849
