5 20
0.8467615874431735 150.30149532328184 554 62 94 74 73 73 75 97 62 72 74 83 99 97 91 72 69 88 63 64 81
0.8789242370899412 134.6836400420491 637 87 73 82 68 96 82 86 64 65 86 66 63 83 61 87 78 86 70 78 93
0.8861071085185288 142.90204095369035 810 92 67 77 89 90 97 98 74 60 82 88 89 99 95 96 62 94 76 69 71
0.89655838025572 125.25286283283499 848 154 149 163 140 152 149 164 148 142 172 157 154 160 162 171 155 147 165 144 160
0.8932685157698002 157.0542494176033 943 167 165 163 141 156 146 172 147 149 141 166 158 176 153 158 143 169 153 140 147
1330.3585001283377 1.0780375163309512
2479.6346076862555 0.9095960368902304
2559.4998232758144 1.0621273177666812
1561.9213738530088 1.066843684306302
1526.7623947469183 0.9206362980760312
1745.392806371368 1.1277188265804323
2027.3855197385415 0.9087603509560854
1813.618925635189 1.0823361999608259
3290.0782650913443 1.0520863148649193
2209.708034263608 1.1173077469346473
2272.484467390615 1.0600378505333066
1880.5026572614183 0.822935066232615
1989.1000218081485 0.9015150760096887
1830.0505130914835 1.195226624184866
2738.616752878865 0.9660546799744472
2342.6280487540344 0.8157473604190202
2797.2775779362246 1.0969257773644432
3236.515780799543 0.821578807382424
1491.6867961413614 1.0016083958221564
1837.7629118152574 0.8390648302632566
