5 20
0.8915071477539059 174.51380029372663 531 158 149 172 143 174 147 157 145 177 179 156 148 158 156 158 165 172 168 179 172
0.8458502990738611 177.91217276942837 631 85 84 74 96 62 77 64 71 96 68 60 81 70 76 98 97 89 78 86 70
0.8935322654871526 124.11895366277082 712 93 68 60 90 63 89 66 99 85 73 61 68 73 65 81 94 83 94 63 69
0.8109228404008522 165.74756858164244 757 88 61 98 92 61 84 65 87 96 72 65 86 85 82 84 78 86 96 68 97
0.8388259476803464 125.82759649895624 780 156 150 169 161 163 161 170 145 170 179 152 164 153 150 149 163 149 169 141 147
3447.599472334396 0.9678815027683236
1501.7841608826043 1.0376326650515868
3096.2412282751848 1.0479767631525791
3303.807453087193 1.1032470214230505
3308.9569433981733 0.8043927250847275
2572.445557896307 0.9260695432408171
2751.984923240286 0.9271235298700606
2534.188731704481 0.9387806114144834
838.219958360386 1.1019407927688654
2256.416140774611 0.9053233590396824
3012.7187433215763 0.8232926658047098
2942.8747670288203 0.9660223204296077
2816.9419899133736 1.0235352833222657
2558.2268389856445 1.077996507985848
2696.556727759606 0.8169142112832886
3432.004277103722 1.0119630103814061
3131.5652540434344 1.1540001040879049
2406.9273216126116 1.1896304135888067
3568.6632452510244 0.9548992423441364
2434.684775006383 1.1161796945712585
