5 20
0.8199227747876701 151.95687454142237 588 61 87 98 82 72 60 72 69 89 96 98 68 95 80 66 62 80 93 63 72
0.8989523428398629 124.60378766511475 618 61 67 88 92 71 71 76 64 79 91 71 83 63 64 68 96 95 64 86 93
0.8746185476714882 135.92594256430576 656 179 171 144 145 167 152 178 168 179 153 174 148 150 155 162 162 151 152 148 173
0.895623514757358 176.16054775227485 899 153 164 142 178 172 169 156 174 147 171 164 146 149 157 179 152 165 142 146 163
0.8769852980283974 165.86619358827653 902 79 88 69 70 80 79 93 63 81 95 85 73 96 62 76 93 75 68 87 76
2038.9151838658502 1.180101709310782
1774.226482701557 1.0003008346401225
2177.4947842174124 0.9235619206393201
2060.3041076039563 0.826259998089548
2569.525610615732 0.9325792221954048
2443.322880291922 0.9162440042047462
2236.0208030036442 0.9531876398197644
2740.8111224324402 1.1039470469607302
2873.5895046028963 0.9984673808667907
2368.4328904764307 0.9078576974073139
2635.0143623205663 1.0331596251509392
2714.1480872486222 0.9336803821021654
2404.088180193176 0.8595191584537545
2578.2507231691457 0.981208470909487
2664.3707641370893 1.1074395740623815
1990.8269311110807 0.9804618400694347
2470.909104296164 0.9392805074589603
3133.514602199244 0.8219452084185277
1814.4519015285348 1.0836537304510032
2642.277129797985 1.074980481772168
