5 20
0.8374010403332337 163.71874889407033 567 75 72 84 64 66 91 99 77 67 73 64 98 68 87 89 61 78 87 74 63
0.8329669657407235 126.31479474528436 577 174 168 140 155 163 163 157 165 173 150 162 147 175 158 141 151 145 149 162 170
0.8710989809870141 122.7769410994472 640 69 99 71 66 75 97 85 91 92 67 87 85 94 84 64 79 63 69 81 75
0.8082398735191477 153.70398338053812 796 156 146 153 149 140 158 165 177 176 157 174 152 143 178 154 169 171 156 163 167
0.8542937641489664 126.46236231001012 922 74 99 67 73 73 77 60 65 83 66 98 99 90 99 67 75 70 90 82 96
3287.012255632183 1.1681453849402796
3120.295435034772 1.1212900405799862
1744.6241087399837 1.1753374572953197
2377.006553048581 1.108163307535037
2130.4416048947483 0.9858384348086688
2486.0336805100414 1.116711372980451
2945.3647406788023 1.0981029792735981
2317.7286247813267 1.100459793910908
2135.71544413433 1.141457526618123
2600.8134067211954 1.1571954555509123
2340.1495945400275 1.0568852237883732
3324.461220494223 1.0570575569503242
3185.178320894409 1.0693866165964554
2699.6281102121106 0.8716053401450103
1405.4820613132683 1.1471608345001907
3021.5046947265287 1.008640273228663
1731.0335518264787 0.9064862831054625
2071.478522913226 0.8099593580447866
2326.7396986655463 0.8583791582300639
1225.797139061156 0.8529338876350304
