5 20
0.8589522788076083 145.96667632853027 544 142 157 166 140 146 179 153 164 159 152 177 171 166 157 162 164 154 154 172 145
0.8448708796403664 148.54981240596805 590 142 173 166 154 168 145 142 150 179 145 152 151 168 140 154 174 147 159 156 153
0.8881752759989895 144.3070088174652 602 96 94 98 72 93 61 71 70 78 87 97 87 71 96 97 60 73 72 79 64
0.8227020457015258 151.92938284394359 820 94 70 99 81 88 97 66 96 95 75 67 76 86 85 96 91 90 71 65 84
0.8274486601644856 141.42274749336244 847 71 91 62 89 81 95 76 70 94 60 69 81 91 63 92 75 81 97 77 83
2868.108931052179 0.9673904135538669
3663.102223248346 0.8708962762281011
1337.8875992971448 0.9106735956413128
2796.6654062714856 1.0661727073186968
2683.2239361060892 0.9399746730696319
2196.590301636301 1.1023646931761129
3411.01515874741 0.8886406442709653
2553.2217742943376 0.8963488693492827
2694.684193649241 1.0285428990146763
2599.522594197699 0.8493887980864572
1625.39521040062 1.033969513098165
2832.1151475974225 1.0784043613452294
1434.7533300489429 1.007265696280318
2541.2554047188705 0.9876358078010659
3848.0284556995603 0.8786239313369184
2655.4674217743673 1.1403483582294747
2840.3591856423523 0.9599150275949274
2857.2405941535194 1.1272658027275158
2735.4313919958377 0.8364005456353699
2410.024670186705 1.1921052480048104
