5 20
0.8575431975708576 135.92577152853923 522 82 64 64 93 69 96 90 61 91 76 93 72 77 94 79 64 98 62 63 72
0.8075249744017267 164.23749639644268 657 84 77 87 84 69 80 87 80 93 74 83 61 70 71 70 83 65 89 85 94
0.8889699836634448 140.22214444390738 738 151 161 168 164 165 164 150 153 154 179 140 162 141 142 147 148 159 160 170 165
0.8187272049051032 147.11238507185917 763 153 154 156 158 142 178 177 166 154 159 148 140 159 148 165 151 161 164 162 173
0.8220200770804312 153.63819826406086 834 89 92 71 99 72 98 86 67 83 76 96 93 62 67 64 68 87 86 82 86
2454.6729788923626 1.024235289237107
2747.807007696429 1.198129003809648
1384.8660519860628 0.8275119127063388
1437.0887530215919 1.192438526589668
2094.1774387365867 1.1663256851825923
3099.597280872813 0.8258940564891264
1846.5986926110622 0.9198027209214201
2741.7308947811503 1.01614450663169
2986.8885014055163 0.8514896366233786
3220.1940541714566 1.1429982178369502
1376.3084783959393 0.940949279730479
3154.0450360660316 0.8803606590281208
3034.074733896841 0.866455483435311
1863.853939112962 1.1545378247865352
2536.7598649786296 0.8162751341956049
2674.457725104763 0.8204388209295562
2615.5036543518454 1.138709174842174
3233.155292113997 0.9519328444289666
2583.5079726894796 0.8672441811405899
1875.8832942351214 1.0925486908016053
