5 20
0.8897700428917424 173.8357195857126 514 174 153 157 177 161 142 148 179 153 142 169 145 171 150 140 174 161 177 163 155
0.881223334155449 133.42306074806612 614 168 166 159 140 179 155 151 166 151 151 179 155 161 144 167 157 152 178 162 177
0.8861874042759547 138.4571841072099 762 77 70 66 92 62 88 61 62 78 72 86 82 77 89 66 89 67 74 89 95
0.8372691041077008 171.82040211431652 838 78 64 71 76 92 64 66 83 81 87 65 78 65 90 80 75 88 94 77 74
0.8218158291114197 130.06964328485236 851 82 98 91 92 84 92 72 66 83 64 98 64 67 94 89 95 67 67 77 87
2989.7774562923614 0.8703058158759841
3938.145019933774 1.009449322152086
3241.5003556019965 0.8055283506954705
2799.1269588632895 0.8681967335750179
2830.298500796188 0.921654665866068
1835.4837393516405 1.096301461524653
2777.634857737764 0.8504882090391447
1652.349619917543 0.9023805502350983
2975.426754157215 0.9200457939612954
3123.6899204790675 1.0212766668832385
2453.0648544785413 0.8486017670488808
2989.953461438566 1.068425858557612
3519.0554386277795 0.8310201787948115
2815.548316918961 1.0849160047485649
3428.0418853365363 0.9482259198426142
2269.2649369260116 1.0921676675572765
3608.2001306286647 0.8693706767574415
2475.302088278687 1.0679376199543043
2866.1518637390736 0.894425375740998
2683.991157982786 0.9273660474154004
