5 20
0.8088794293562913 147.7811019903696 657 175 155 146 171 150 170 177 151 151 163 158 143 175 164 162 176 141 144 150 175
0.8589811941032471 158.0246899601658 664 165 152 154 158 179 143 160 172 159 174 144 167 176 142 154 179 144 160 165 144
0.8715214976049808 174.94634300732582 795 67 84 62 66 76 64 93 67 70 79 79 87 73 91 72 94 61 92 83 81
0.814103615835043 141.34292191359376 874 93 69 73 96 95 92 77 86 93 95 83 64 68 83 97 91 66 90 76 95
0.8391839455114392 161.18723287378552 954 66 77 68 73 79 69 94 82 98 98 72 70 82 97 99 80 97 73 74 75
3596.2094478536487 1.1936804243951427
3262.4564311687213 0.8004589984715005
3091.1184393026188 0.8625089308141969
3230.244902932032 0.861209974448849
2442.765707122675 0.8659985198919662
1535.6726687681594 0.837256541198059
3443.0097425442495 1.1987044872068344
2131.6614970967344 1.1072412439638255
2854.387512286932 0.816668740052102
3106.081816990284 0.9736879408356834
2168.62259088748 0.8062576829348679
2342.989223520359 1.0950248489036767
3148.8996189656073 0.8924505323322734
2118.6565586240326 1.034643893521525
3543.165785594375 0.9573529297579948
3428.9049409471845 0.8213014161759341
3701.4761324418487 0.9479373789417
3788.9930932101042 1.1134534751385594
2691.2915311852876 0.8769449722607388
3445.023541074539 0.9621731879562326
