5 20
0.8841274617433859 147.82789032050124 757 82 85 76 83 82 86 62 73 92 81 67 79 62 68 76 71 81 84 84 64
0.8527876909704314 158.0746741980532 825 97 72 86 75 86 73 63 79 66 90 92 75 82 98 60 88 65 71 60 62
0.8076307692375018 152.62327304535157 882 164 165 159 150 157 178 160 178 148 160 173 140 165 159 141 150 156 171 177 149
0.8652150386962574 137.51560656551553 954 156 179 151 151 159 148 153 173 146 164 160 178 142 159 149 162 144 166 148 142
0.8910992883442391 176.93795967849996 992 95 67 88 71 80 78 98 87 93 68 94 95 70 65 99 88 63 66 84 70
2788.698078734111 1.0463187493388286
3255.572123644014 1.013390013369452
2822.405152248096 1.1009465447641127
1626.1812559659325 0.9839051106048239
2614.324336034076 0.9919462976253866
1883.6591508062133 0.8140153868667537
1318.9302503585095 1.010441287244907
3658.8420145240552 0.9936328117635923
2223.4381991269456 0.951050043675079
2032.0856340021346 1.0369290111192835
3449.1133335419927 0.9410454824309367
2264.961220383866 1.17905379157713
2598.9736564576715 1.198997205985087
3001.882034113845 0.9746664240306512
1862.33942121004 0.8625665893776908
2537.9176326653596 0.9382192952364123
2778.272852772546 0.8019967990777003
2431.5685974931157 1.1783247826833418
1291.125456753254 0.9746385036003402
2707.675137029006 0.9066847522445229
