5 20
0.8932229286775973 176.9094286701473 573 74 74 75 61 68 92 60 67 64 88 93 98 92 71 90 61 71 72 97 89
0.8379696652177243 135.16187095568998 739 66 69 63 80 63 86 65 74 60 91 98 74 64 79 73 79 80 82 85 89
0.8258232844253435 120.98744659778407 766 157 164 155 146 148 172 146 156 167 148 175 175 178 175 149 154 142 142 168 175
0.8077769951301731 144.53331179317138 769 153 177 153 142 174 149 155 151 160 148 150 149 179 165 159 178 177 175 143 176
0.8760238394755152 172.05866527317738 870 76 85 84 64 66 83 98 73 75 72 88 95 60 92 96 88 66 65 97 88
1246.8112173727372 1.058183102937007
1776.8813652784556 0.868938282601772
2870.7826577038886 1.0905412391274842
876.3902333124524 1.1244344127686172
3019.3015582559333 1.0150444369378608
3649.215426570211 1.0588565490970538
1720.3168915747538 0.990055788721187
1829.5059058700815 1.1012187856610192
2999.401520206031 1.1130696804817966
1841.1826499186627 1.0844593604643458
2309.463805172406 0.9658369506216993
2248.666701061762 1.194132436225294
1961.1793875399203 0.8696905095966432
2201.958933935389 1.0634001081316367
2901.5395517502293 0.9835918109574318
1332.392949157662 1.0861051013340028
2162.936878042725 0.9321742553747894
2449.55637544561 0.9734307359380872
2539.505247738016 1.1219745276885849
3429.8693481612195 0.8948137493651968
