5 20
0.883855437744001 123.08040619028472 528 153 154 178 148 152 144 154 160 161 161 178 165 149 153 176 173 156 170 142 142
0.8188001743446942 155.7645599647552 708 96 74 65 64 75 99 74 91 67 62 95 75 89 69 60 85 73 96 99 98
0.8014712633530329 162.13823182028844 799 160 157 142 160 164 159 153 155 144 155 160 141 163 175 177 172 174 143 150 162
0.8551583518216956 122.49734934497592 835 62 81 81 96 73 85 60 75 60 89 70 61 83 64 75 69 86 95 65 72
0.8959287052470146 132.63758777942414 924 64 83 81 98 68 63 88 66 61 74 61 85 73 98 84 74 91 63 71 78
1309.7112564280465 0.9255520961087346
1982.7084410297762 1.0366478250962454
2466.9695411658604 1.0442121901469879
2349.4323158503157 0.8512813066521161
3179.521358027661 0.9350900028762845
2028.0331282996806 1.0800354591088923
1920.280194866235 1.0872515766768922
3133.263433563826 0.9585251663622163
3155.775927194784 1.0673918653122827
3313.888016868489 1.1865053139358228
2266.7098705108738 0.937882598412167
2957.292768400861 0.8879749333565133
3065.8374961359104 0.8438501570684676
2439.901875115388 0.8049406855926159
3359.2895474139186 1.0534056009693373
2800.5855320577143 1.1169976574289622
2758.0777403715715 1.0841901760842987
1868.5115696007588 0.9684498231913496
2743.2678317959712 1.1195169946217147
3089.5259556524793 1.086202143790567
