5 20
0.8230218613970269 140.5338334021044 694 66 67 97 93 99 67 69 85 66 71 88 62 92 67 93 89 72 74 80 68
0.8023599498142583 149.07486838208393 784 96 76 83 92 66 65 78 89 82 71 78 88 94 66 80 88 88 74 67 70
0.8132953902976521 154.32699863943486 852 151 141 175 169 156 142 156 143 141 173 155 169 173 146 149 157 142 153 154 141
0.8814110899580899 164.12430113651533 861 94 68 73 84 65 80 85 65 92 82 68 88 65 90 61 70 78 74 93 67
0.8445666059470407 158.56795039532088 888 169 149 178 153 160 151 159 151 158 153 146 160 162 169 156 165 171 157 166 157
2591.755744404087 0.8623874042726094
2278.283542970588 1.0626874702845719
1589.8606583309247 0.9358122588540456
2727.2756470780014 0.9880457852290879
2361.8293169808144 1.0521704740129718
2744.740845653143 1.0338956578891239
1716.2398181365775 1.1419192797266622
2033.8915157115819 1.0001093425759913
3516.9366388115604 0.8812675833254694
1955.7025755363509 0.9949299892805612
2055.7156794293096 1.065235033100387
1505.439911400218 1.1132440727508857
3409.9002594930375 1.1609351449400913
2304.38977007431 1.1600534297735876
2889.598069548934 1.1860958847328993
3139.451956018687 0.8660466190129353
2489.578505566073 1.1598131687106297
2963.4570334220757 1.197624319701023
3257.7013954797144 1.0126474891539055
2845.907810702047 1.0305275065192856
