5 20
0.8993329982964109 157.05039100998704 510 64 98 99 74 76 88 75 99 92 80 82 86 84 75 74 80 69 76 96 74
0.8423750867405296 169.06846742201432 586 155 142 173 163 165 147 154 154 178 165 154 141 164 147 166 169 168 141 140 178
0.8868505316666486 165.6529464616683 868 152 169 171 163 169 164 153 166 178 148 161 141 153 147 170 151 166 170 148 166
0.8786493016500501 135.45192377572556 909 91 95 77 64 89 91 64 86 88 62 66 92 70 74 94 89 97 67 88 61
0.8303303685907854 142.7373247468911 980 84 99 64 66 79 75 77 78 75 81 83 91 74 78 72 81 75 93 97 69
3649.831890051636 0.9439729975701634
1672.403420819509 1.1831321000519046
1269.3718419110915 1.1970334374982692
1875.7923387152 0.9388905330823728
2609.993177253291 0.9897370649320725
3187.793554427399 1.0168936473495662
2268.131205329796 1.1567183103342795
3329.2353732664415 1.1343806091288389
2754.2223416087154 0.9516537642338705
1832.5188434181978 1.0678067392842416
3012.0032414362813 1.1944808866317471
1430.9882274052234 1.1356057573661476
2865.250693102557 1.1663819017328108
2399.6844080783326 0.8227130699816931
3050.4140855001788 0.9378267941369847
1400.8887210553494 0.9199566262566397
2518.821373827305 1.1548605269062628
2527.206058594944 0.8146344288152938
1946.4625507962705 0.9446154957410761
2378.865415143411 1.1821258990692005
