6 100
0.8808745685212289 126.96932151877658 630 86 77 92 96 86 80 64 71 71 77 65 93 96 97 98 87 81 96 87 84 99 81 73 86 64 65 89 82 90 60 89 95 90 67 98 79 73 73 94 74 78 99 68 81 63 76 65 84 88 92 96 88 70 92 84 84 63 92 79 69 92 85 93 83 86 98 68 67 97 94 77 80 92 72 82 72 67 83 77 90 99 76 61 63 60 85 62 68 73 94 69 96 93 61 62 78 78 70 76 98
0.8993946345133474 170.52058668135612 640 71 68 99 62 63 80 73 86 82 74 90 61 68 82 68 98 90 64 75 77 64 98 80 80 72 70 73 60 91 67 84 97 86 83 62 70 84 93 68 79 97 79 87 99 78 85 74 73 76 70 83 85 62 85 73 79 96 84 94 81 75 79 96 81 96 76 85 74 90 98 73 76 68 75 61 60 86 85 77 86 67 82 83 82 73 93 60 68 80 88 74 70 92 63 66 88 67 63 64 76
0.8286700540648889 137.50569128453066 677 128 139 104 103 105 132 133 132 107 127 114 126 117 116 131 100 133 133 116 125 106 133 131 134 113 127 124 114 103 108 135 117 102 137 121 115 110 108 108 139 109 133 114 124 124 103 107 135 105 131 118 127 136 104 112 110 133 137 114 128 106 110 121 114 103 129 107 101 110 116 116 121 100 112 108 121 105 134 119 101 124 132 103 136 109 113 108 121 105 110 117 137 107 133 126 114 124 110 138 115
0.887153518119752 135.07060403608088 778 69 66 69 77 82 78 60 60 98 95 82 72 80 96 97 98 92 82 91 89 69 77 88 77 65 92 72 64 83 65 82 99 87 83 90 82 78 61 71 85 67 90 73 70 89 73 72 90 78 77 80 88 70 69 74 68 92 82 62 60 64 85 87 64 99 74 99 64 89 69 69 73 92 97 61 79 63 67 65 91 96 61 97 72 90 72 82 75 81 83 76 84 67 93 81 90 75 60 70 85
0.8938817453164554 134.44155937101817 902 123 138 124 116 131 123 134 136 116 110 116 118 114 111 138 101 126 129 116 117 111 104 111 119 135 106 121 137 106 138 101 135 132 139 122 136 130 113 110 138 113 118 104 120 115 106 128 109 114 116 135 106 105 106 116 101 113 139 120 101 127 104 110 118 101 110 107 134 133 108 102 139 109 120 124 125 100 139 124 130 125 128 133 113 104 129 127 128 116 134 106 103 120 131 116 120 128 108 119 116
0.8128595660860222 146.0854037672322 987 126 130 103 100 137 110 101 127 126 101 119 134 121 103 136 115 128 126 100 104 114 120 106 123 138 139 114 133 117 126 133 133 109 138 111 112 112 138 121 137 111 108 123 119 133 132 139 102 101 138 127 124 131 117 129 122 124 123 138 111 117 103 133 138 110 113 130 104 139 122 121 105 106 120 122 113 108 107 118 101 128 136 134 110 106 126 123 130 101 112 101 103 107 136 123 135 116 114 135 109
8569.216458371031 1.0
6133.786021984324 1.0
5308.888228273561 1.0
4750.651819128493 1.0
5376.181828344457 1.0
4445.4391562708315 1.0
5013.135155393071 1.0
6283.807470170598 1.0
6449.6747193880565 1.0
8292.165210984662 1.0
6762.894517901984 1.0
6588.1987848675335 1.0
8003.686028744546 1.0
6136.814767858119 1.0
6594.499139287097 1.0
10333.297777740063 1.0
8307.867496540834 1.0
8170.774609268095 1.0
4669.1406677639225 1.0
5942.096688917494 1.0
4853.1183913699915 1.0
4882.4393660876585 1.0
3075.8998277271708 1.0
6357.748099701426 1.0
5863.294668099156 1.0
6114.426066736522 1.0
6665.223992812423 1.0
6950.692720834407 1.0
8015.153747860871 1.0
6359.738859146712 1.0
6753.259363494029 1.0
5480.022734412541 1.0
5231.223882146789 1.0
5036.406429567354 1.0
8621.533299969697 1.0
6824.5281907610915 1.0
4411.225092295712 1.0
4580.382859765463 1.0
5652.7298375586315 1.0
9353.885757089687 1.0
5848.224747692385 1.0
5227.639431628558 1.0
5335.541592339573 1.0
8042.14360409356 1.0
4130.444048365196 1.0
8657.237590787814 1.0
5380.820268442605 1.0
4675.5243883685325 1.0
4998.486210998359 1.0
6123.803731286597 1.0
6275.824932227273 1.0
5820.909474283674 1.0
4750.32122239309 1.0
6057.050001000377 1.0
7588.684930132422 1.0
5875.86370070394 1.0
5691.521997049729 1.0
6007.027651535788 1.0
8182.742511231432 1.0
6458.1949959343665 1.0
5165.6834411041755 1.0
8271.390042573616 1.0
8803.215196094032 1.0
3963.3219989911836 1.0
7550.340225143309 1.0
8720.094132516497 1.0
6361.200895903682 1.0
7931.741869483613 1.0
3970.698376739753 1.0
4013.5172079656613 1.0
6181.027831012992 1.0
6546.153869464721 1.0
4969.778656695344 1.0
5777.249153180397 1.0
8451.675224428564 1.0
3641.8313943785247 1.0
6340.334508922858 1.0
5913.181720995004 1.0
5460.72212947622 1.0
7035.041133468991 1.0
4241.738193306503 1.0
8996.60474801047 1.0
8724.47637959278 1.0
6563.971373469386 1.0
6689.683378434832 1.0
6535.092087622209 1.0
7373.470599837717 1.0
8601.697733573912 1.0
7394.54558212431 1.0
7811.2658625948425 1.0
7201.248973469322 1.0
7310.752737580598 1.0
8291.395520147034 1.0
7846.282863675586 1.0
7333.0570216187125 1.0
5386.664852150687 1.0
7748.976814826303 1.0
9486.925928014058 1.0
3660.846816207427 1.0
7246.030587027351 1.0
