6 100
0.8594715870604592 166.07810449973113 519 87 64 87 77 71 99 66 65 67 60 74 67 63 81 65 88 77 92 87 61 72 79 95 60 60 71 83 88 97 76 96 94 67 86 63 93 98 95 93 75 63 92 85 97 94 82 65 76 81 63 79 91 90 89 79 93 65 72 87 83 69 92 88 86 65 98 62 81 70 69 99 90 70 71 71 94 78 85 71 76 73 93 92 86 86 79 83 85 78 87 78 91 75 78 95 67 71 60 97 60
0.8700386662082941 162.09064644549653 532 119 113 105 132 121 117 104 100 124 127 100 100 115 127 131 132 131 128 115 131 136 136 122 114 121 114 128 109 103 128 100 123 137 127 109 138 108 108 111 133 138 124 126 104 109 104 126 133 118 125 130 111 133 132 106 124 110 104 101 115 138 112 133 114 103 121 136 122 102 101 133 116 124 137 103 102 134 135 139 137 111 135 128 138 124 100 115 116 118 110 105 126 115 117 107 100 106 133 102 118
0.8301222694211203 167.83759906483206 566 115 130 125 117 102 133 139 137 120 103 109 120 135 104 134 100 110 101 105 105 136 114 118 106 112 116 113 116 138 139 101 137 106 135 118 103 123 105 135 119 102 132 134 121 133 107 134 135 128 110 120 113 125 139 124 100 123 137 101 135 113 106 107 120 117 117 138 138 133 111 110 127 129 114 119 109 135 135 134 114 127 132 109 103 117 137 120 135 100 132 128 108 133 136 111 120 120 122 115 101
0.844375872097636 175.32459410265696 683 119 137 101 135 122 109 108 128 111 136 137 119 133 136 101 109 132 128 101 127 139 133 108 134 136 103 122 119 102 138 110 123 103 119 118 132 112 127 127 126 130 113 118 113 100 112 134 138 139 100 133 133 126 104 130 109 110 103 131 113 123 115 109 107 114 115 139 114 134 125 120 118 101 101 134 104 101 120 123 128 126 113 107 120 107 123 126 134 102 113 136 121 102 125 113 125 116 102 112 138
0.8197754164541575 162.2853281514255 744 66 68 90 99 71 78 74 95 62 76 65 89 77 82 97 76 97 77 61 76 68 94 81 99 87 66 70 90 88 79 89 79 61 69 86 69 68 82 72 84 66 91 77 71 98 67 83 91 85 79 76 96 99 63 91 71 83 67 66 86 85 75 81 68 99 61 79 80 62 60 61 97 92 67 73 92 60 98 98 88 86 81 89 85 96 95 64 69 99 64 91 97 79 60 97 97 93 76 67 85
0.8929128286617468 134.87138113476468 879 98 90 84 67 90 89 85 91 64 83 67 82 92 72 93 84 91 89 95 83 92 72 73 79 83 66 78 94 94 71 64 72 64 89 60 84 62 64 78 79 69 95 98 73 75 95 79 98 62 92 65 89 80 78 72 96 72 63 94 71 80 66 71 91 79 61 96 95 72 71 86 64 72 63 80 74 93 73 66 78 68 67 83 69 94 70 72 61 65 65 71 74 60 71 78 90 98 66 96 78
6853.410596154759 1.0
7949.441241712261 1.0
7362.7957666213015 1.0
5843.659363448637 1.0
3779.733780624983 1.0
6499.708578170024 1.0
5205.420755386784 1.0
5636.325460865772 1.0
4218.623479299935 1.0
5368.9270542198265 1.0
6481.292872876977 1.0
7887.722591867856 1.0
11018.2422706133 1.0
6934.590008263884 1.0
7339.420621295519 1.0
6258.169095541567 1.0
7935.09937912155 1.0
8077.74561761912 1.0
3268.570897756544 1.0
7393.352389729059 1.0
6708.889356848724 1.0
8169.116744570329 1.0
6518.084369645205 1.0
5691.694545309036 1.0
5007.636128774141 1.0
7769.4036105993855 1.0
5662.856784356755 1.0
8535.146505960625 1.0
6480.859988733256 1.0
5083.324668765724 1.0
6342.743528762841 1.0
8711.082254243283 1.0
5383.2313710272465 1.0
5103.476230350655 1.0
7749.462525672301 1.0
3122.3112440835166 1.0
2152.4122506050553 1.0
8821.03959261383 1.0
5172.104620232056 1.0
7055.686569039823 1.0
7391.883277645575 1.0
7878.301305171226 1.0
7970.47276644376 1.0
7686.846915285941 1.0
6468.20424064382 1.0
5452.902865620904 1.0
6246.077840879439 1.0
6126.214664857489 1.0
4680.088148261078 1.0
7356.546132530609 1.0
3523.3038399465804 1.0
7836.525727055654 1.0
6221.7839226899005 1.0
8564.535003684095 1.0
7795.520133490962 1.0
5558.970440141511 1.0
4508.005251637516 1.0
5322.547172848084 1.0
5075.062424373797 1.0
6648.663394188492 1.0
5087.234151773867 1.0
3245.225995099273 1.0
6251.608586772976 1.0
6304.985433746191 1.0
8050.50463674857 1.0
8134.468373762005 1.0
5974.056661165503 1.0
4651.318247100033 1.0
4427.088076844688 1.0
6830.829730085042 1.0
8213.827445270146 1.0
8478.56083221226 1.0
6476.32468008614 1.0
4063.458811867957 1.0
4976.263875004092 1.0
8461.015485135482 1.0
8691.119009919266 1.0
4749.103639726751 1.0
8435.919939623425 1.0
6453.526283070206 1.0
8077.309975153067 1.0
4930.000216137682 1.0
7171.9550118595635 1.0
4874.899340600417 1.0
6187.918700176181 1.0
6470.91383375416 1.0
7415.954283293057 1.0
7760.588361670368 1.0
4738.880111821354 1.0
6004.732966011511 1.0
7378.939230190459 1.0
6822.455888761729 1.0
5824.291202922795 1.0
7591.990865524867 1.0
7095.854539744675 1.0
6779.338214262283 1.0
4523.408191441756 1.0
6410.726645389342 1.0
6828.994088144943 1.0
6241.616198028906 1.0
