6 100
0.8604325712127544 130.04492065387745 644 134 104 135 113 130 123 112 131 129 102 108 114 100 133 115 115 132 136 107 102 103 123 115 107 103 109 126 123 108 124 127 104 126 124 117 100 116 111 129 109 123 112 117 100 100 104 130 125 128 131 110 127 134 132 103 138 108 124 100 131 101 104 118 137 100 104 107 101 120 111 100 101 105 116 100 110 128 111 115 122 120 100 111 120 112 137 135 130 109 106 111 134 104 124 133 131 133 120 122 134
0.8382551473368753 165.78309786447053 663 99 89 63 73 94 93 89 71 93 73 66 60 75 63 82 85 76 71 79 92 72 79 74 79 89 79 75 82 94 66 90 97 98 64 61 80 80 79 80 76 69 96 65 78 96 88 74 78 81 83 87 63 92 90 98 86 86 73 75 64 69 95 71 87 90 60 96 72 67 80 76 92 92 63 88 98 86 99 96 95 62 97 62 81 93 88 98 67 78 82 84 89 61 71 72 71 61 96 91 79
0.8013071650177934 144.23227033975095 698 116 102 127 116 131 112 116 102 137 118 131 131 136 101 103 116 109 126 105 139 136 123 114 110 138 110 130 112 105 103 114 118 106 113 124 126 120 114 124 106 125 123 114 103 116 115 110 131 139 135 121 106 128 103 132 133 103 104 137 114 128 100 107 137 108 135 110 101 111 107 126 109 107 124 130 119 137 116 137 109 123 125 114 103 137 101 106 106 116 123 115 102 109 118 126 114 112 128 139 111
0.8981930974656965 165.1616577153468 744 71 85 99 85 80 86 74 76 87 92 98 94 95 62 92 77 81 91 94 63 94 74 90 95 91 72 85 84 60 65 73 88 68 80 65 95 92 98 72 99 63 79 63 79 96 67 90 66 89 81 62 71 60 90 92 64 91 80 72 75 90 78 71 62 76 98 72 64 64 82 95 87 77 90 66 64 85 65 65 96 87 91 67 89 70 74 74 88 80 98 80 70 82 78 74 89 82 71 67 94
0.8925351947512661 140.5746757722717 761 79 75 71 77 81 60 86 65 72 94 71 99 84 79 73 94 66 86 83 72 60 67 94 88 81 92 85 85 72 73 68 70 76 98 91 77 89 69 80 73 66 65 81 76 79 66 64 97 74 89 80 75 65 97 72 61 66 68 98 79 61 89 82 82 77 98 80 98 84 65 96 96 72 65 97 83 71 94 76 84 90 68 88 60 93 77 87 94 69 82 85 73 73 99 66 95 77 77 90 79
0.8829202212272625 144.8661471039792 980 124 122 105 107 138 136 115 121 115 123 106 130 111 129 108 116 119 109 107 130 118 138 106 123 100 139 101 134 129 109 127 104 130 107 123 121 118 128 128 131 138 135 103 104 115 114 117 106 121 110 101 138 138 118 131 104 102 121 104 110 102 137 113 103 127 133 109 120 100 138 138 105 105 124 101 110 135 101 115 101 116 106 124 133 116 112 107 133 137 122 127 104 103 135 109 138 113 130 120 125
10200.6716800269 1.0
7289.127685788824 1.0
7431.634408019494 1.0
6136.504643669198 1.0
7338.363437339503 1.0
5845.373930901573 1.0
9058.23535417562 1.0
5282.16170671776 1.0
8808.733446073653 1.0
6362.558082629205 1.0
5929.909899788732 1.0
7230.82313253216 1.0
8412.83423334383 1.0
7196.500870133482 1.0
7812.735016101375 1.0
5946.104727735048 1.0
8448.365626468252 1.0
5548.783398844793 1.0
9984.391635389391 1.0
5728.7771326658985 1.0
4868.914228296493 1.0
7879.624895377418 1.0
8036.910661846456 1.0
7400.007074886627 1.0
4741.409999656208 1.0
5956.064979403954 1.0
6832.756989686048 1.0
3851.2740728056324 1.0
7848.6074560419975 1.0
5999.560248493941 1.0
6915.456537786587 1.0
7682.962643500959 1.0
8254.292768279382 1.0
6179.460096039143 1.0
7507.599508398253 1.0
8525.545264617976 1.0
5863.486241651387 1.0
5539.122509841286 1.0
3909.320068111286 1.0
6015.090869305039 1.0
6896.220405243712 1.0
4216.294203936624 1.0
8939.054884726298 1.0
6172.893786914137 1.0
5846.295540511177 1.0
1953.1953730127489 1.0
7303.848777366062 1.0
6203.860039301586 1.0
2282.7210076985284 1.0
5291.275308904698 1.0
10769.246435352956 1.0
6156.133828209155 1.0
8403.046605635553 1.0
6764.830004227193 1.0
6375.889628138515 1.0
8300.97243261021 1.0
4417.205743650691 1.0
7354.987812323969 1.0
3971.7482641258684 1.0
3972.2080072327985 1.0
9232.348460593137 1.0
5813.134235529244 1.0
8221.188959704084 1.0
7610.2986907172 1.0
9478.635783290107 1.0
6446.494121347429 1.0
7511.352197025151 1.0
6077.970387775401 1.0
8359.915392244531 1.0
7262.753395319989 1.0
9028.486414848681 1.0
8288.86177952983 1.0
4748.212463078483 1.0
7293.922916005205 1.0
5808.030098565844 1.0
7996.958417176136 1.0
3264.881248173452 1.0
5789.833573892326 1.0
4669.69374926485 1.0
5996.803591089326 1.0
5878.602898437168 1.0
8447.033492848932 1.0
3241.239801358894 1.0
8335.69187188707 1.0
8943.992486410752 1.0
7251.938409828663 1.0
6934.077249079065 1.0
10455.546143968826 1.0
6429.67282517511 1.0
5942.425256441819 1.0
5477.438565291037 1.0
3568.4791088901784 1.0
6870.642223663271 1.0
9775.575950707529 1.0
4254.659245111148 1.0
5548.690711189235 1.0
7568.390485416947 1.0
5950.422223796948 1.0
8745.074222341202 1.0
3962.9612939152066 1.0
