6 100
0.8376344272311802 161.1988106691902 525 107 120 126 129 103 108 120 114 134 130 109 107 127 134 106 127 120 102 120 139 121 132 107 101 102 106 134 118 128 103 100 137 120 110 107 125 100 109 106 117 118 111 108 102 110 125 129 135 133 131 126 119 137 120 130 130 113 139 100 135 122 107 108 131 130 110 109 128 105 126 111 124 106 138 111 121 108 126 117 110 102 134 136 111 138 132 117 138 108 102 117 108 124 109 121 139 119 130 108 107
0.892292526225033 165.91024905166506 558 112 134 103 110 136 100 116 120 107 124 128 127 111 105 105 135 125 135 121 132 128 122 110 136 101 101 118 101 134 115 112 113 130 109 115 125 122 123 101 132 130 112 127 116 108 136 125 137 116 112 128 107 130 119 104 122 117 117 104 121 139 104 104 131 116 119 101 124 134 121 117 122 128 130 129 105 124 113 108 100 112 106 131 118 119 136 125 108 125 134 124 101 120 124 114 127 125 129 136 120
0.8253872560730491 175.9638377706919 626 82 91 97 96 96 99 73 96 78 99 66 67 72 73 67 96 98 81 93 87 74 78 66 86 74 83 60 97 61 90 94 62 92 62 68 96 67 97 94 65 72 84 66 64 67 87 94 99 87 73 68 73 81 72 78 84 97 96 78 65 84 73 74 93 71 71 67 60 68 77 65 71 75 66 77 95 91 99 90 91 92 75 85 64 80 99 66 99 92 87 91 89 95 67 62 63 91 94 96 68
0.8736374323236689 156.35556653759062 696 97 86 92 90 66 82 80 83 87 64 75 95 93 85 99 77 90 77 62 81 93 69 75 64 79 87 93 65 62 64 96 82 71 84 92 68 61 70 81 75 94 89 91 74 85 75 94 79 80 98 92 96 68 97 80 60 70 75 63 60 93 91 78 79 88 68 99 94 82 66 73 83 70 98 93 61 88 94 61 96 81 69 91 79 66 68 67 98 61 93 93 96 78 93 85 92 99 88 70 71
0.8452892061418905 173.6196621303359 781 107 100 113 137 122 101 101 113 134 115 118 100 128 115 116 123 130 118 136 107 111 137 111 137 134 110 134 112 121 117 118 125 136 125 125 133 139 132 119 124 108 125 106 133 110 103 106 103 101 130 128 109 126 137 132 136 121 129 104 124 104 113 129 111 137 116 116 119 122 101 110 134 115 117 109 107 120 112 128 119 121 102 134 125 111 128 113 134 119 110 123 115 131 126 136 134 135 104 116 138
0.8242836552229106 145.3791455805267 941 63 79 83 65 80 69 74 87 64 72 63 91 98 73 60 80 95 68 85 76 62 61 74 85 86 62 95 64 75 69 84 79 85 62 83 93 66 92 76 83 77 69 75 62 93 60 61 71 95 69 65 61 96 62 72 86 69 71 88 63 81 64 68 78 87 84 79 96 99 93 92 98 72 99 63 82 80 77 91 82 79 83 93 71 61 78 86 99 78 60 94 96 86 66 93 90 75 64 63 98
6261.741327251477 1.0
6151.488597581092 1.0
7634.207468163115 1.0
6856.335244091542 1.0
8794.48810973532 1.0
5661.876632172168 1.0
6995.860984048377 1.0
4100.854913445171 1.0
8579.310985608197 1.0
6627.364723754009 1.0
6421.998772987177 1.0
6925.350998442364 1.0
5835.748908905405 1.0
7030.735235494765 1.0
7830.960833354447 1.0
7214.83043411722 1.0
7548.356427507188 1.0
6981.557857239429 1.0
6277.343723819775 1.0
6676.095144422751 1.0
5883.49848142761 1.0
9698.200006631794 1.0
6280.375850577654 1.0
3967.2728115030063 1.0
7850.909105955057 1.0
9120.519908840291 1.0
7748.602464354016 1.0
6455.529809728184 1.0
5025.648447840838 1.0
4207.421121668862 1.0
8671.882313925837 1.0
4616.503163003925 1.0
6604.577881190704 1.0
5761.209068373681 1.0
8084.945000230097 1.0
7795.895128328692 1.0
7533.6068809232065 1.0
7551.753973687759 1.0
11251.237659487586 1.0
6366.420519593369 1.0
7887.874205089845 1.0
5104.738522906453 1.0
2113.1006504211064 1.0
8635.517307297163 1.0
4544.685231840029 1.0
5540.809580505314 1.0
6977.649535857046 1.0
8168.639122559665 1.0
3802.4246711436012 1.0
7554.564897935495 1.0
4483.651289784431 1.0
7369.072446500983 1.0
6732.798538611788 1.0
9195.778351874374 1.0
8686.749990901704 1.0
5698.551288868615 1.0
9556.858657515517 1.0
6290.256478358088 1.0
4966.200540747204 1.0
7555.338566254509 1.0
6305.152200550565 1.0
6451.659285236608 1.0
4903.389605430115 1.0
7182.564628116555 1.0
5632.015272753392 1.0
6606.815155182351 1.0
3879.2462295630385 1.0
8240.341004173244 1.0
8711.221840158638 1.0
8805.283615641436 1.0
3834.6663548529677 1.0
9411.074978698662 1.0
7052.293193998535 1.0
5102.718917075633 1.0
5077.202490328679 1.0
7592.1338972751955 1.0
6765.727942057041 1.0
9890.836879946934 1.0
6979.580453832283 1.0
8955.985891742432 1.0
9162.163401930304 1.0
8307.276397591346 1.0
8149.2442715016 1.0
5732.102807090425 1.0
6915.99241003681 1.0
5768.782767337654 1.0
5083.86909604366 1.0
5977.790176657694 1.0
5047.461152185175 1.0
6857.30242618774 1.0
7596.32301327263 1.0
8804.017529103594 1.0
6680.055297898424 1.0
6923.751929702274 1.0
5424.312534014195 1.0
8043.304380940311 1.0
9576.918758727212 1.0
5734.264211988531 1.0
7001.160230977022 1.0
5669.863138520708 1.0
