6 100
0.894586992724598 144.1555243971842 596 115 133 118 113 115 136 107 124 130 125 127 106 137 132 118 101 138 110 111 114 110 133 113 123 107 124 103 107 134 101 114 124 111 124 118 122 138 114 129 132 105 118 123 126 114 103 101 105 137 101 132 105 117 113 126 102 119 122 121 107 139 126 139 110 122 123 112 127 133 116 126 135 103 117 112 125 127 134 124 127 130 117 125 127 118 116 133 138 109 125 118 102 115 113 123 131 107 133 120 122
0.8657892949264283 155.45655939476188 642 82 89 63 88 73 98 97 76 99 83 92 61 73 92 65 62 70 82 80 64 71 68 75 79 82 69 91 77 69 78 60 69 86 87 61 61 76 81 81 98 68 81 80 81 94 99 67 82 86 61 66 99 91 65 89 89 75 98 62 68 76 61 86 64 76 68 67 88 66 63 82 64 80 76 67 77 63 92 72 92 81 60 85 73 83 73 95 76 93 78 78 97 75 60 91 92 63 79 66 91
0.8686046974805808 153.64717824096397 651 125 105 128 123 134 123 119 123 119 101 123 105 118 125 110 102 132 128 128 110 132 136 136 135 117 130 109 105 116 131 117 108 102 108 129 125 123 109 112 132 101 116 111 102 113 116 119 122 112 123 136 115 117 112 127 109 105 105 114 109 105 134 127 136 117 104 107 114 103 109 112 104 111 109 128 130 111 114 131 129 124 121 114 137 133 103 119 117 105 106 126 132 109 102 137 100 103 128 110 106
0.830124322777801 150.49929128097597 694 92 69 86 76 86 86 97 99 81 80 88 98 88 77 87 98 78 73 64 66 99 66 90 62 87 67 78 98 74 92 97 65 92 83 71 82 73 68 76 61 95 64 87 86 87 91 86 97 88 83 87 67 64 67 64 64 67 75 83 70 77 62 65 87 93 96 71 73 83 72 92 85 79 66 66 96 72 77 68 95 95 88 72 60 86 95 95 66 92 88 96 88 78 68 88 66 95 81 87 83
0.8262365572982289 120.3826072713801 702 138 109 120 105 114 114 102 103 114 116 105 113 119 110 134 138 133 102 134 126 101 105 100 121 106 134 112 105 111 116 102 114 103 122 104 103 112 112 123 126 110 131 133 111 104 131 123 107 117 126 123 109 130 129 129 138 124 114 120 118 102 104 132 137 135 113 127 120 139 132 104 115 128 101 104 139 136 102 119 109 119 129 103 113 105 139 130 105 122 116 139 138 117 135 133 138 111 128 139 124
0.8420815900636688 124.14222475572969 938 69 66 90 79 60 99 77 65 88 83 99 76 94 86 87 63 86 72 67 96 76 96 89 82 77 77 74 65 73 71 97 86 85 92 88 73 74 65 68 84 69 99 95 88 80 67 86 74 72 99 79 72 86 94 88 79 62 76 73 67 92 70 98 76 72 90 85 96 64 72 77 94 62 78 76 89 76 82 83 80 74 77 81 89 65 90 80 88 79 80 92 60 61 92 86 92 66 84 65 91
7207.584565741287 1.0
8234.084561639931 1.0
8333.515272950122 1.0
7522.887148970971 1.0
7797.264017148916 1.0
7784.115918620573 1.0
5058.186127438565 1.0
4451.9478384470685 1.0
7055.796410212034 1.0
7384.439359416936 1.0
4894.269915172674 1.0
7086.360760630882 1.0
6421.110641037242 1.0
2641.049538939659 1.0
6153.583673911434 1.0
4049.062732535791 1.0
4565.426407100873 1.0
6544.309706463495 1.0
6888.04502765362 1.0
6754.533091271477 1.0
6864.084220867697 1.0
5314.051230368843 1.0
8930.803634559205 1.0
5916.372037925569 1.0
7519.741090002842 1.0
4817.346694485395 1.0
5909.740278320596 1.0
9446.984620278234 1.0
6454.83218765848 1.0
6777.57357555048 1.0
9563.93106384265 1.0
4972.08465277265 1.0
10904.50653268438 1.0
8690.61944914914 1.0
6771.4951577375305 1.0
7325.560503089919 1.0
8403.711304527025 1.0
4938.764802395537 1.0
8498.817902210001 1.0
7537.58792491454 1.0
9356.682485810887 1.0
8912.434007152864 1.0
6554.243256164898 1.0
4394.044579853456 1.0
7107.854190049878 1.0
8927.245320142372 1.0
7943.579335295734 1.0
5724.138616896021 1.0
4097.514081410314 1.0
7804.869234653781 1.0
8940.670014015852 1.0
5557.6280757602235 1.0
7279.3530396493 1.0
7220.152974593331 1.0
8010.329717292232 1.0
4969.710653824727 1.0
4259.118832165203 1.0
6996.809301125065 1.0
3730.3118788380007 1.0
6689.683074131015 1.0
6671.125459529777 1.0
7867.694419905848 1.0
6012.964109026612 1.0
6466.603394401002 1.0
5013.668822087245 1.0
6555.925750237169 1.0
6523.780706371103 1.0
7726.962549636258 1.0
6404.568590152833 1.0
7205.511332871398 1.0
5262.308968391022 1.0
8340.296789296826 1.0
8164.0715475518755 1.0
6325.906720601699 1.0
6344.466430075786 1.0
7732.837004468026 1.0
7343.561815634358 1.0
6268.485306555052 1.0
7234.255222068079 1.0
7026.752263341505 1.0
5687.188190003522 1.0
9088.95110692962 1.0
6769.357505831117 1.0
6443.4650231743035 1.0
7150.96029698269 1.0
3780.7446763220078 1.0
6109.362528386003 1.0
11281.482058864873 1.0
7070.892790276674 1.0
9726.572342747566 1.0
9122.235054274568 1.0
4734.674167144831 1.0
10704.94078342311 1.0
8311.402509372532 1.0
3340.363143938278 1.0
3259.8527529859293 1.0
6785.116214917452 1.0
7931.242425514043 1.0
2841.062932886806 1.0
10348.59023311928 1.0
