6 100
0.8090601501876725 167.66888921933858 674 71 92 96 62 68 77 78 63 89 66 92 63 66 89 60 86 62 86 67 71 84 70 69 78 74 62 78 89 80 62 95 85 87 64 97 73 96 75 90 66 83 82 68 63 98 73 68 83 60 81 84 69 97 85 63 84 94 63 64 74 95 76 85 98 88 87 63 92 74 70 74 95 71 91 72 71 81 95 61 78 75 88 99 66 87 73 91 99 85 95 86 95 71 82 65 66 84 77 60 72
0.8030070300743372 170.1361799204534 678 135 136 123 136 127 122 103 112 131 128 128 138 131 119 133 137 134 105 125 110 109 111 115 113 126 102 102 117 116 123 126 125 134 135 128 122 137 101 115 136 114 134 116 129 139 120 121 138 100 118 133 121 138 114 121 116 122 139 104 135 124 121 133 117 131 108 109 105 132 126 137 127 133 130 131 116 108 118 104 133 104 102 135 129 126 104 100 124 126 124 110 108 106 132 133 103 123 136 128 106
0.8467557449494713 170.03474414908763 753 109 100 134 122 128 122 128 125 105 130 101 124 103 116 106 118 114 139 114 105 137 123 130 118 111 128 121 114 105 136 104 113 121 137 102 109 132 116 135 121 102 139 110 124 125 105 137 101 104 134 104 138 104 137 108 125 132 120 112 107 114 114 102 129 104 116 108 106 115 103 114 100 127 111 134 105 124 130 124 136 117 128 127 104 136 106 111 131 139 114 105 109 113 112 136 103 119 103 112 133
0.8109926385492483 149.67557441319684 763 123 124 120 128 130 125 116 120 122 137 110 120 124 101 122 101 101 120 138 111 119 129 114 116 121 136 114 138 106 131 135 118 132 114 107 128 121 124 126 109 134 116 132 103 139 122 107 128 137 123 108 116 108 136 121 129 137 100 103 106 115 132 104 132 115 134 135 125 128 138 118 118 103 111 105 104 102 105 138 116 127 105 118 112 113 107 110 109 108 128 115 135 104 102 127 133 127 109 127 104
0.8075160462439588 162.13680772194041 803 97 91 66 93 89 87 71 92 93 88 77 93 72 63 86 89 84 70 64 83 91 98 67 74 73 91 61 62 86 75 73 81 64 75 65 85 90 99 76 67 60 90 93 74 62 92 70 72 80 73 62 96 69 94 63 77 67 98 64 93 75 90 91 81 83 60 89 84 92 89 79 82 83 96 66 73 72 78 92 78 89 61 65 80 97 86 93 82 74 79 96 94 89 63 93 87 64 87 63 70
0.8650186466987063 122.78338386229701 872 91 94 95 80 95 85 97 80 75 78 99 63 90 89 64 69 78 66 71 91 80 77 86 70 84 74 94 97 95 74 92 80 60 61 89 75 85 73 62 88 77 94 63 83 84 61 65 61 72 92 75 64 80 77 72 63 95 67 83 87 76 70 89 85 76 60 71 92 93 61 62 79 72 78 74 91 60 95 81 76 78 66 64 70 60 96 71 66 62 78 75 72 90 78 71 88 65 78 96 97
7335.275313289292 1.0
6890.7308018259455 1.0
6736.768845930532 1.0
5723.39452774524 1.0
5813.739570541472 1.0
7907.327693528281 1.0
9896.93803471851 1.0
8859.261894942685 1.0
8376.296673322819 1.0
6842.145926309068 1.0
10843.17595904425 1.0
9711.20112728902 1.0
8152.72695260139 1.0
9512.347228114795 1.0
7716.637323280231 1.0
6653.395646608925 1.0
7506.228568154897 1.0
4687.723728359962 1.0
6964.487906467502 1.0
6467.972044084586 1.0
7672.2120065742865 1.0
4770.584443233296 1.0
9263.827843955216 1.0
8712.86678533414 1.0
6289.609852071689 1.0
9850.378945240534 1.0
8350.983247032356 1.0
6501.20474675263 1.0
4304.004260936346 1.0
8265.846174110098 1.0
6006.595158307112 1.0
9649.026416675319 1.0
7439.644044335496 1.0
9066.941378191314 1.0
6449.302686229555 1.0
4626.195041656832 1.0
7164.04453239122 1.0
5791.0812372756245 1.0
9539.230074887528 1.0
6774.530417305646 1.0
5661.299471337039 1.0
5095.874325405697 1.0
7667.116123684627 1.0
10580.320678652311 1.0
5467.662054247443 1.0
8642.899059280102 1.0
6583.414847094539 1.0
7418.412629733837 1.0
8939.636044465607 1.0
8853.494548667968 1.0
8098.123800098581 1.0
8462.56141698618 1.0
7021.188082327839 1.0
5102.730106831275 1.0
6737.693546057334 1.0
5258.239305183193 1.0
6060.932436556051 1.0
7887.419105880791 1.0
6182.7950268319 1.0
6091.369805670049 1.0
6697.476129474605 1.0
6553.041915582524 1.0
8334.681873125375 1.0
5967.6124700377095 1.0
8250.950764822195 1.0
6617.368349633554 1.0
8982.342079826507 1.0
9386.285396942367 1.0
3425.7182311486595 1.0
6640.647723616381 1.0
5734.3490107240395 1.0
6762.666465945901 1.0
6253.082102199785 1.0
6173.044066096066 1.0
8126.1700790019 1.0
10447.34152668549 1.0
7052.1375839074035 1.0
6818.496200708228 1.0
4919.61597906658 1.0
8681.911713123649 1.0
7981.863105053342 1.0
7370.560219338482 1.0
9724.283717444261 1.0
4640.031966288039 1.0
4786.033095203052 1.0
4285.972677490464 1.0
6801.461440609005 1.0
7514.8770426497795 1.0
3108.858467080854 1.0
9137.59465468684 1.0
4724.432844680074 1.0
9319.378769818932 1.0
8897.630178119885 1.0
6921.986792418543 1.0
5893.147369781462 1.0
5356.7664649767985 1.0
3954.018925161438 1.0
7120.796797356349 1.0
6601.575758645868 1.0
7919.113583845134 1.0
