6 100
0.8445630311202776 135.79849496458704 505 82 96 60 82 93 98 86 83 87 73 66 85 73 93 88 74 78 81 73 89 74 78 71 73 69 75 67 71 92 69 83 81 87 81 70 64 97 64 83 98 76 68 86 87 80 71 98 99 80 85 80 62 69 86 89 64 93 63 84 90 88 75 62 73 89 66 80 93 72 64 60 81 75 99 81 62 89 86 73 67 95 91 87 83 80 99 67 75 64 98 95 71 63 87 80 72 91 70 82 86
0.8417982012112596 140.34189064883907 582 102 100 130 102 108 139 125 128 129 124 117 128 106 136 127 107 125 135 136 103 130 100 135 113 132 113 110 120 132 136 113 104 109 112 108 123 123 114 135 104 116 137 117 114 136 116 126 133 105 129 133 116 138 138 104 115 107 137 115 116 125 120 121 117 127 134 128 106 120 126 120 139 129 139 127 128 109 117 100 119 118 120 102 115 102 114 125 128 135 109 128 134 131 126 117 128 111 106 110 102
0.8988636485312043 163.08993506058408 711 132 116 109 138 130 112 130 121 117 134 117 115 129 110 130 109 104 116 123 102 137 111 122 138 138 123 116 132 113 119 131 130 132 136 101 123 121 126 109 123 113 139 130 122 133 117 110 112 109 137 123 114 128 131 109 112 136 106 118 112 114 127 118 101 115 138 138 122 134 112 138 123 127 126 106 105 117 122 110 110 139 139 139 133 130 100 123 109 123 125 126 118 101 103 130 132 105 109 115 119
0.8993473754490668 130.31965424015004 794 109 125 118 108 117 120 131 139 109 136 126 111 130 134 121 129 121 113 120 103 137 133 134 110 128 117 130 125 105 124 128 106 122 130 127 116 134 130 111 111 133 115 107 121 122 113 136 137 133 131 129 107 122 127 127 128 113 128 133 127 130 103 113 138 119 123 118 123 109 132 119 128 127 129 114 112 103 124 115 101 117 126 100 114 114 104 100 113 101 119 117 120 130 135 125 101 100 132 127 109
0.8531269067124675 150.12113922753244 835 71 65 66 92 72 69 72 95 87 60 65 87 88 85 98 87 72 73 99 70 73 95 71 65 70 78 76 96 76 77 64 77 82 97 60 60 90 68 81 93 75 70 64 64 89 91 84 77 89 86 63 64 94 73 84 91 68 93 75 89 87 97 60 74 83 62 91 67 70 64 83 81 63 81 75 61 86 93 66 68 86 76 96 98 72 97 89 96 78 71 90 86 68 85 87 75 85 65 70 96
0.8114846907159775 152.96581322195235 869 76 68 80 64 99 93 63 84 78 80 76 92 80 88 61 91 83 90 88 87 67 74 95 81 93 74 61 61 83 64 99 60 66 92 94 90 68 76 97 61 65 73 76 96 82 67 75 74 95 82 93 71 61 78 88 75 87 62 71 65 71 95 66 99 73 90 71 98 68 88 84 77 87 85 77 78 96 63 71 91 97 63 64 95 78 82 76 90 88 94 81 84 63 92 80 92 70 67 92 92
4794.92965360445 1.0
8389.59812378537 1.0
6513.365706986072 1.0
8607.95844589597 1.0
5870.449371610778 1.0
5636.203005787753 1.0
8552.260920848868 1.0
7022.264320691731 1.0
4995.3056202598655 1.0
8752.978812970867 1.0
8608.128353349208 1.0
5887.1218000382105 1.0
8414.394472210157 1.0
7701.630079240882 1.0
7168.070381488578 1.0
6729.416519896426 1.0
10206.687407917532 1.0
6009.180403518194 1.0
4881.577360719238 1.0
7660.951521044433 1.0
9112.321044328597 1.0
4650.570788661946 1.0
10104.398783890209 1.0
4617.0057866621055 1.0
6446.321687180561 1.0
5206.054194359052 1.0
6374.975519232581 1.0
5658.043308775577 1.0
6063.160703565882 1.0
6178.026628310285 1.0
4782.466038910338 1.0
6574.708070612294 1.0
5282.170771275055 1.0
9468.629933250304 1.0
8125.329867485784 1.0
6116.5630695207665 1.0
8678.302662757105 1.0
7741.339458701351 1.0
8141.668264078387 1.0
5679.237713912365 1.0
3319.7130676333686 1.0
7136.251625399712 1.0
9067.560056408947 1.0
8522.891715313295 1.0
6631.843491242365 1.0
5184.792130100945 1.0
4861.986076378151 1.0
6363.947038353859 1.0
6585.69172961092 1.0
5863.51295667427 1.0
7285.408062115848 1.0
7164.575913274257 1.0
2606.9104002205154 1.0
6447.178502315872 1.0
5286.43415023963 1.0
5021.825113111985 1.0
6205.58032605603 1.0
5253.047379713524 1.0
8959.288148554526 1.0
5309.6390686940285 1.0
8741.341444058706 1.0
8496.56976014879 1.0
5689.995235446937 1.0
8767.547580808116 1.0
7174.576490830872 1.0
7315.603063757283 1.0
8325.016212605724 1.0
4051.626725836733 1.0
6838.229919782041 1.0
5711.2333648896365 1.0
9477.184502104126 1.0
4566.473399093634 1.0
7939.3241633686885 1.0
7127.267015337501 1.0
6539.11823248056 1.0
6216.670371813184 1.0
5392.18412419119 1.0
6491.780174554935 1.0
7783.443861831238 1.0
6156.4115031267565 1.0
5765.694618087824 1.0
4897.00624290652 1.0
5594.36219663788 1.0
4991.035175026924 1.0
9259.325150758355 1.0
9133.325250438946 1.0
7086.802097579529 1.0
7389.017819800135 1.0
9380.947669387975 1.0
6975.603124666258 1.0
8397.050384119355 1.0
7580.665523442468 1.0
7020.093917302976 1.0
4175.834433454694 1.0
3013.073883492414 1.0
6494.705395347971 1.0
5242.7538058661 1.0
6830.808631905627 1.0
1146.5723951777509 1.0
5356.27812436172 1.0
