6 100
0.8386643913755033 172.48837367720404 565 128 132 127 116 129 102 100 128 123 102 125 116 129 127 110 105 113 101 120 119 139 107 122 133 119 117 138 133 116 128 129 105 128 118 100 108 135 125 114 121 119 107 117 134 108 133 118 136 125 103 115 107 102 133 129 131 126 130 109 107 106 127 127 113 101 124 131 127 109 131 117 113 111 105 124 111 119 112 126 138 112 128 132 127 109 132 124 101 139 138 135 130 109 108 131 124 100 106 103 109
0.8456431706095073 127.29460081860059 718 99 93 70 75 79 99 71 75 99 61 90 88 91 97 81 82 97 86 60 63 68 92 69 83 70 98 60 95 90 62 85 95 90 73 62 60 88 93 85 72 70 88 94 78 95 71 99 74 64 69 74 82 66 73 67 70 64 64 89 98 60 93 88 94 63 84 73 94 71 74 82 65 64 63 72 72 68 99 71 94 65 68 63 98 60 86 85 79 95 74 74 91 85 79 80 68 71 60 69 61
0.898782693790886 137.90783552412535 745 106 108 114 129 112 100 137 101 112 125 111 105 116 119 134 139 130 119 138 109 137 128 129 129 113 113 108 139 110 132 138 137 112 122 101 125 114 129 131 125 105 132 137 130 127 108 111 108 100 122 128 132 102 108 101 117 100 104 114 134 112 132 128 117 137 122 106 123 126 116 108 127 114 120 120 129 102 115 134 101 138 121 106 122 128 138 136 101 123 105 114 124 132 127 113 128 117 103 106 109
0.8607898004200809 124.29112911776109 844 79 60 81 99 84 81 94 96 99 66 89 70 66 94 81 65 84 63 78 65 98 81 82 63 83 83 77 63 84 90 82 76 65 97 76 94 62 89 71 66 80 77 97 91 81 82 92 64 80 93 89 70 67 90 71 74 67 82 61 87 62 97 89 79 60 93 96 70 67 88 96 62 60 82 78 95 67 91 83 83 77 65 76 76 78 61 93 90 68 74 60 84 77 60 79 62 79 98 87 63
0.8778589194353301 133.88971312649184 870 139 123 109 133 138 110 110 139 102 118 111 130 116 110 131 136 106 112 101 115 124 126 114 108 103 100 113 110 125 125 131 113 107 129 126 108 116 112 133 126 116 115 134 104 128 127 136 123 139 112 137 139 103 134 127 114 132 118 129 127 118 137 111 102 103 108 128 107 114 138 130 121 130 106 129 105 109 118 136 113 124 132 103 117 122 121 102 102 105 104 119 103 125 106 132 123 108 126 132 115
0.8294724940713629 146.2240471749274 993 65 69 64 62 95 68 74 69 63 90 67 83 60 60 73 60 99 68 94 79 94 90 95 60 97 75 74 65 86 87 73 64 60 75 75 96 89 67 66 71 75 85 77 78 62 83 67 83 83 95 64 62 87 60 86 79 64 68 89 86 79 72 77 80 71 99 85 74 67 96 65 97 87 94 88 60 84 94 71 67 62 86 63 63 60 74 66 89 82 88 73 73 79 63 74 92 71 99 70 73
3277.924573822762 1.0
9757.239953868779 1.0
8847.85958857286 1.0
6216.826361381132 1.0
4840.971076211656 1.0
7165.491709488966 1.0
8544.167856089687 1.0
7237.663161870521 1.0
8150.155566821171 1.0
6831.594804145355 1.0
3145.8954521964324 1.0
6300.931469824217 1.0
8568.633731616803 1.0
9459.080791473105 1.0
6248.07926879349 1.0
10563.016883659384 1.0
6115.723836439479 1.0
5554.087283501679 1.0
7597.34283818185 1.0
6252.480426010649 1.0
5917.385516114566 1.0
5302.735159543563 1.0
7199.905109637592 1.0
8424.62597179164 1.0
9388.807472294038 1.0
5968.04546655438 1.0
6225.123910048631 1.0
5871.6214844507585 1.0
6329.3345808629365 1.0
6476.246762166034 1.0
4612.732628744908 1.0
5860.755039590087 1.0
7448.0131524613225 1.0
8742.433448501484 1.0
4364.354904929839 1.0
5822.826277530148 1.0
9495.624691181702 1.0
7807.512239940514 1.0
6182.784021967126 1.0
5135.1354427656515 1.0
11345.962843163557 1.0
7723.253148931892 1.0
6620.400337537484 1.0
6724.490447115155 1.0
7997.6973078271 1.0
5328.979714495779 1.0
8561.750116908817 1.0
8948.286713881585 1.0
9508.42782928744 1.0
5203.550651911715 1.0
8537.669351729328 1.0
11961.674068752145 1.0
6000.927330549466 1.0
7580.127520205592 1.0
4999.756200947827 1.0
6332.448840900703 1.0
7089.781314960052 1.0
10448.93272324656 1.0
6343.080253482587 1.0
6774.423425722655 1.0
8545.119959496136 1.0
8253.616871285558 1.0
8644.859586529314 1.0
5335.341033824067 1.0
7276.0112897163735 1.0
10490.80772705456 1.0
8780.871541242734 1.0
5880.341811146297 1.0
5490.737650624613 1.0
8910.783323808282 1.0
10196.50149290267 1.0
6167.591465002934 1.0
8013.927191785594 1.0
9325.80388967808 1.0
6766.243511775931 1.0
8089.273539207333 1.0
8946.355619206834 1.0
8172.727711516395 1.0
9368.415898967953 1.0
7706.054071075842 1.0
5015.693185458946 1.0
7203.32727082023 1.0
7309.681874261625 1.0
7907.920468206305 1.0
7061.367320972933 1.0
5337.0771031391205 1.0
5685.6160331025085 1.0
3321.1187125806173 1.0
4021.6807257037995 1.0
4962.768532495151 1.0
5696.173703115497 1.0
8288.339252487121 1.0
6555.233488525059 1.0
6747.550300641487 1.0
5720.125574888359 1.0
6704.783809864951 1.0
5981.161285094987 1.0
7661.750674796935 1.0
9832.525380087887 1.0
6374.681036724939 1.0
