6 100
0.8977896287165907 124.2306923570114 511 108 128 118 112 126 128 103 130 115 123 129 107 104 122 103 123 133 129 135 130 124 130 125 120 114 126 107 133 111 112 131 120 134 123 121 105 134 104 124 119 106 137 131 104 108 114 111 114 100 138 105 122 131 134 119 137 123 126 116 130 119 118 102 135 132 118 120 100 109 120 120 133 124 105 107 130 126 115 109 132 119 107 102 136 117 102 109 136 118 106 116 104 124 128 116 120 105 116 135 132
0.8057203182608372 120.67431918251202 566 82 86 62 73 68 81 79 91 71 77 81 88 85 69 94 85 83 93 65 96 63 75 60 85 60 68 97 90 64 98 75 66 66 63 82 74 98 88 99 81 85 82 77 69 88 93 69 69 85 69 66 91 66 91 99 79 95 85 90 82 70 70 62 70 81 75 87 99 94 66 77 94 95 83 89 87 77 77 87 91 88 80 63 77 69 87 83 88 83 79 86 70 66 88 86 71 88 77 75 62
0.8252700208218214 143.37298635316185 631 110 106 108 136 130 110 107 118 120 108 133 101 111 132 138 127 127 124 127 105 131 117 137 122 100 118 117 114 128 137 116 135 101 122 110 113 116 124 118 105 137 136 135 125 121 115 106 130 100 132 121 114 104 128 108 133 103 102 134 116 131 107 112 136 103 106 135 128 107 129 118 123 134 116 108 120 129 137 103 102 112 103 136 122 101 103 109 110 138 136 119 108 108 137 117 132 134 115 124 135
0.8311041213867073 155.5701616142459 697 61 70 85 88 71 89 69 68 90 95 96 83 94 98 80 99 64 61 85 88 69 87 88 85 99 78 84 88 73 80 63 66 85 88 96 64 66 77 86 64 93 86 88 71 95 83 81 98 77 68 79 70 71 67 89 80 77 97 79 66 94 64 97 75 77 74 73 79 87 88 84 94 84 90 66 95 99 77 63 87 66 74 75 70 63 92 81 78 64 81 95 78 99 74 74 87 97 86 84 71
0.8198441997313135 150.66962575079785 832 129 128 125 110 139 105 101 100 139 114 135 104 114 132 107 106 102 137 102 113 103 115 127 133 136 117 108 130 118 116 122 137 119 118 101 133 106 119 113 105 102 101 116 110 117 130 110 104 125 112 126 127 134 113 118 119 130 119 118 124 100 121 107 100 137 120 137 117 131 100 119 118 120 136 103 126 101 118 118 106 123 127 128 137 108 103 136 117 117 136 125 109 113 132 119 136 115 133 116 127
0.8067335718559038 154.53586183918878 955 74 94 87 80 80 90 95 87 85 79 64 92 93 83 95 90 79 76 75 75 60 70 78 98 97 71 73 96 62 90 88 93 68 66 65 74 72 74 62 61 73 74 71 89 81 61 94 61 93 66 93 71 75 84 66 64 96 69 70 72 60 69 93 96 83 65 68 95 61 98 80 80 63 91 85 76 71 92 85 95 90 98 81 92 72 81 71 68 89 94 61 74 70 75 73 90 77 77 79 79
6601.6085003607 1.0
8969.502929876877 1.0
6965.525669202189 1.0
6785.438825664789 1.0
6354.880313992544 1.0
5846.571415300047 1.0
5966.6879186158685 1.0
6955.837476297389 1.0
3744.1526867669677 1.0
6068.450745690425 1.0
5609.652085674047 1.0
8165.863340731885 1.0
7751.681212148102 1.0
6273.7738428497205 1.0
7972.785056834428 1.0
4860.228927626979 1.0
4743.649230475723 1.0
6265.79511062764 1.0
10640.524856939386 1.0
8873.367441731598 1.0
3510.090487911132 1.0
8418.329442312275 1.0
8052.866662060798 1.0
6071.337998343993 1.0
3681.8714660317387 1.0
5601.94016051265 1.0
4029.421654414327 1.0
6303.814683294226 1.0
7974.650404254546 1.0
7797.033646014243 1.0
8431.755399571668 1.0
9454.008057536415 1.0
6817.321899965782 1.0
6013.87437543852 1.0
9327.520281151345 1.0
4954.215521588167 1.0
6923.495581518461 1.0
6264.007275932434 1.0
5533.966191938203 1.0
6879.341837326644 1.0
6346.131143210822 1.0
6044.900530001864 1.0
5227.174906808941 1.0
5956.372430608591 1.0
5651.6666794789235 1.0
6274.185513234621 1.0
10089.54619886327 1.0
3711.7165471437993 1.0
6607.925918696283 1.0
4283.9445090839645 1.0
4033.9873227285557 1.0
5188.367383367554 1.0
6787.367795776461 1.0
3765.248307252467 1.0
8399.00634470757 1.0
9050.706474059813 1.0
6767.597747841278 1.0
8659.147577859721 1.0
9086.132460230958 1.0
8265.873967238622 1.0
8637.06647106888 1.0
8026.38818228908 1.0
7607.251578254136 1.0
7733.193487545673 1.0
5909.205381369334 1.0
5187.447798215542 1.0
10629.7867769388 1.0
8272.571046131012 1.0
8524.833368182162 1.0
6429.19191962413 1.0
9784.172297175304 1.0
6266.612369878578 1.0
7177.916644898089 1.0
5975.650142861758 1.0
5264.783172982704 1.0
6762.303504118436 1.0
8875.473612515452 1.0
5238.812315020368 1.0
6615.4636048971915 1.0
6107.0911506222255 1.0
8047.698058216995 1.0
4251.176286508687 1.0
4118.464408996043 1.0
6863.621266682011 1.0
6100.966954529824 1.0
8025.292904350921 1.0
6920.1390408564985 1.0
5859.662567494697 1.0
7791.108796417402 1.0
4701.8810357438415 1.0
7432.977143095535 1.0
8895.530597695431 1.0
7323.165088777717 1.0
10228.10218406114 1.0
9806.308106983946 1.0
6256.345912559515 1.0
3977.8744402552643 1.0
6340.817831758634 1.0
8567.767191820145 1.0
7523.021041530686 1.0
