6 100
0.8077892975149127 120.82598270822743 514 123 130 104 117 138 128 138 105 139 111 111 124 115 109 108 137 128 131 118 139 125 116 130 118 139 126 117 114 131 107 109 100 104 101 114 116 100 110 111 120 113 126 128 130 117 110 131 115 113 130 133 106 122 107 125 136 127 116 124 134 139 139 123 119 124 128 104 109 121 110 134 117 126 134 135 110 129 137 127 111 131 126 116 100 121 117 126 118 128 132 109 127 103 108 129 124 133 101 120 109
0.8995330447067258 163.06860918366158 699 89 71 61 67 83 87 63 93 98 75 69 81 89 77 96 85 87 81 73 75 93 74 88 89 88 73 68 86 75 64 85 62 97 88 66 70 98 99 61 87 96 99 79 96 89 95 92 65 90 63 75 66 81 93 77 85 92 69 87 61 65 62 73 91 84 81 94 92 67 87 61 79 91 60 65 67 99 74 72 78 83 75 86 95 89 71 60 72 95 73 64 84 94 85 73 73 71 61 77 81
0.8543560478470755 146.9015085919676 787 122 139 129 106 118 101 122 111 130 109 122 138 138 118 117 133 115 114 112 118 100 119 113 111 125 130 113 106 135 102 106 128 107 111 104 117 136 125 133 129 116 135 101 137 114 115 115 136 139 114 117 135 120 118 115 111 113 110 129 106 114 109 116 133 120 121 126 119 112 114 131 111 132 138 119 132 108 123 118 122 114 107 137 104 132 104 111 131 137 122 130 107 134 113 131 120 114 109 123 129
0.879521846228953 129.17799415389888 824 93 71 89 87 94 89 87 85 77 71 92 98 90 64 82 62 88 80 89 66 75 92 64 91 95 82 83 92 88 62 69 62 60 91 83 91 97 72 62 72 67 63 73 88 73 84 84 65 83 68 75 84 83 80 79 77 68 94 98 94 78 78 67 81 73 85 63 69 95 98 79 80 89 66 94 64 69 77 72 97 84 89 64 60 83 66 95 85 61 91 83 62 69 66 88 89 96 61 62 76
0.8348207810672906 128.65469512346323 876 117 139 133 136 132 112 121 139 139 117 111 101 122 103 113 124 100 134 109 103 127 115 109 120 103 122 101 115 127 122 124 112 132 100 104 112 123 103 139 132 123 127 107 121 120 133 117 132 109 133 122 101 130 107 109 120 133 105 106 139 122 117 134 137 109 134 139 123 133 101 132 117 108 116 107 132 130 118 101 124 129 121 125 120 134 128 102 132 123 115 133 111 117 120 130 103 114 137 114 101
0.8317707927370731 122.85282234486586 957 80 99 84 99 62 66 76 71 97 96 70 86 82 80 81 98 72 86 97 60 94 90 74 86 80 88 64 86 68 81 63 97 62 83 79 60 99 62 60 75 72 75 94 99 81 70 63 95 77 81 77 92 67 71 78 82 94 97 64 73 61 94 60 60 62 84 67 80 71 84 85 77 86 78 69 69 60 64 65 97 89 81 90 75 66 93 91 94 80 95 86 89 84 99 89 60 95 94 89 75
8706.802875750192 1.0
8584.562691435021 1.0
7032.531448402087 1.0
7247.297317740275 1.0
7041.899630372088 1.0
5372.054002831097 1.0
6059.130038557053 1.0
6482.431082625256 1.0
5736.6032905015945 1.0
7305.705375050725 1.0
9187.584875894641 1.0
5577.258580919186 1.0
7942.684236939196 1.0
7696.229116551801 1.0
8324.821159816225 1.0
6775.483233489531 1.0
7539.2570704277 1.0
7602.627702528107 1.0
5250.8519191374435 1.0
5829.999027003868 1.0
5070.576484941279 1.0
6771.8011527982635 1.0
8604.211147938457 1.0
6414.623648709148 1.0
7089.581564986917 1.0
6266.77826321584 1.0
6978.545320721482 1.0
4908.315401084495 1.0
5639.7345226247435 1.0
7178.742433969292 1.0
6115.106912487295 1.0
8577.964683539094 1.0
6347.809035331102 1.0
8691.716330442201 1.0
8141.730530425241 1.0
5809.128107564465 1.0
8440.566206274718 1.0
7006.297921992572 1.0
7265.713135339773 1.0
4976.975960340649 1.0
6235.231377116563 1.0
5608.398682644868 1.0
9565.590516641007 1.0
4966.965810593508 1.0
5011.906853100073 1.0
7829.866347170792 1.0
7597.557157637388 1.0
5597.174504965282 1.0
9598.835704957537 1.0
5432.676537978783 1.0
6796.729956737057 1.0
7807.493922035964 1.0
8156.623971544786 1.0
5669.293672909507 1.0
7668.575197863952 1.0
6665.105173445991 1.0
7677.70054439488 1.0
7128.084117349371 1.0
6258.293333301088 1.0
8782.601976586258 1.0
9479.496657859889 1.0
6661.114008526365 1.0
9819.893958658364 1.0
7698.884316195324 1.0
6662.602303109943 1.0
8507.98118973957 1.0
9046.43504913342 1.0
8770.392797231745 1.0
5915.05233920244 1.0
9714.440586371835 1.0
6232.543697864643 1.0
7281.676517687193 1.0
6902.75522052176 1.0
7851.232216349658 1.0
10268.427998646644 1.0
6906.384989685044 1.0
6040.472995412024 1.0
7763.789223512501 1.0
6488.6454459636625 1.0
6504.585218779035 1.0
7503.369138713393 1.0
6691.823109717044 1.0
4793.512306380995 1.0
8357.15149374414 1.0
6359.79735811775 1.0
5124.172902993512 1.0
3961.21853941938 1.0
9033.924515591532 1.0
8000.1535184982695 1.0
4814.743114181552 1.0
8165.224646160408 1.0
7732.366721814634 1.0
5563.133278609843 1.0
8371.64985614823 1.0
6572.909768972132 1.0
7906.36826057055 1.0
6967.66575642086 1.0
8195.543057350545 1.0
10586.204317164083 1.0
8438.542086066627 1.0
