6 100
0.8044642066392705 176.08948645609996 532 63 80 98 61 65 74 63 76 80 88 65 86 72 66 79 79 69 90 62 95 60 80 60 95 95 80 75 96 88 67 94 98 62 65 75 65 61 97 66 95 86 73 72 98 63 70 95 63 89 85 75 89 99 62 60 63 85 64 93 67 84 62 89 96 76 85 84 67 86 69 97 88 90 71 90 76 96 98 66 74 65 67 96 99 68 83 71 93 81 71 85 94 83 64 75 71 98 64 92 64
0.8063566019519918 128.52982790132376 661 119 105 130 110 131 119 118 100 107 131 139 135 126 115 106 132 137 115 123 119 110 102 130 128 131 104 124 107 120 128 125 111 137 108 122 123 132 117 137 126 115 108 103 122 133 111 114 125 109 115 138 136 124 111 126 101 100 133 107 138 113 125 122 117 111 103 119 134 131 107 107 137 105 104 120 101 114 134 116 127 130 124 135 107 115 113 122 116 123 134 116 138 117 123 117 135 137 109 136 134
0.8249768416148451 171.35942587678738 663 76 83 98 75 89 98 68 64 99 73 60 69 80 81 71 99 66 74 60 65 64 92 87 88 82 91 65 89 64 80 88 66 62 95 93 66 95 82 84 77 70 72 74 88 67 87 86 88 64 93 70 80 71 80 81 81 77 84 96 91 73 66 75 73 91 85 94 63 89 78 71 68 71 70 82 82 65 94 84 92 87 97 73 91 87 83 70 62 76 72 67 68 72 81 86 72 95 86 71 92
0.8107477457468846 157.69932218216093 695 127 122 103 120 108 128 132 118 123 100 103 119 117 135 134 103 109 127 108 110 138 115 139 112 122 131 137 116 104 131 108 107 133 127 127 111 100 108 121 114 139 106 100 124 101 128 127 103 106 117 132 131 125 130 127 115 135 127 109 123 118 102 139 132 130 120 120 132 100 130 130 101 121 120 101 134 114 137 127 113 117 112 125 131 118 132 114 118 133 124 130 124 103 125 113 137 118 139 102 100
0.8213801139321374 153.3823137026012 745 109 123 139 135 109 107 117 127 103 122 114 103 116 115 102 111 114 104 127 118 115 104 111 124 132 124 127 138 104 138 119 139 101 105 102 132 106 137 100 100 112 126 106 109 130 113 109 114 106 129 101 109 107 123 129 129 122 138 115 100 139 106 127 134 130 108 136 138 127 138 101 118 125 126 121 119 106 138 128 128 100 107 128 135 105 115 101 113 105 138 108 123 122 116 103 117 106 117 126 125
0.89545708144862 140.5620218836881 916 97 94 78 93 82 87 76 87 81 77 81 92 67 91 97 79 89 77 89 86 94 67 94 79 94 97 74 78 71 68 80 67 68 91 84 63 87 98 82 81 82 66 79 70 65 89 96 94 66 63 86 81 88 95 74 92 94 83 64 91 94 65 73 73 66 92 73 71 95 70 80 64 62 76 70 79 63 73 61 83 81 79 86 97 96 98 97 99 89 88 82 65 73 81 84 97 89 93 71 93
7661.355392833855 1.0
7179.613575174717 1.0
5446.422449783633 1.0
5477.744744050056 1.0
5748.222851207846 1.0
6570.45288605044 1.0
4498.605492678379 1.0
5292.009502404529 1.0
4770.256064719157 1.0
9123.58804706067 1.0
6314.6677400869 1.0
6544.723973933146 1.0
7251.299362641288 1.0
5233.877605381422 1.0
6717.269180547083 1.0
5370.976726478191 1.0
3621.5068233887396 1.0
5019.405300710087 1.0
5814.740264430039 1.0
5900.8780728893935 1.0
6818.090059482898 1.0
6535.784905133583 1.0
4161.671527636827 1.0
6788.451942646954 1.0
3953.2142042683595 1.0
5619.131247600026 1.0
8039.616083726334 1.0
7060.163804119473 1.0
3095.057706817205 1.0
5681.8174919261155 1.0
5437.5252782690895 1.0
9224.75821906821 1.0
8666.564969172583 1.0
10267.636760910314 1.0
7663.657251207126 1.0
9227.40810846364 1.0
7445.332912114045 1.0
6140.3628415902 1.0
6907.889859448331 1.0
9690.512127493857 1.0
5763.281855436724 1.0
5593.633038210965 1.0
7189.175676383858 1.0
9907.629209784169 1.0
5923.409369259731 1.0
7694.760866395265 1.0
9303.03920557897 1.0
6637.869013614061 1.0
8913.059398099693 1.0
2893.739256119981 1.0
3852.280612549631 1.0
6530.384203036829 1.0
8086.223623562724 1.0
4871.237347046894 1.0
6147.412996348453 1.0
5608.208191171169 1.0
8940.822003206964 1.0
4983.853341590323 1.0
8067.735469907284 1.0
7945.243730659309 1.0
6823.33281090209 1.0
8234.34472719741 1.0
6225.603996856641 1.0
5668.814069224429 1.0
7947.556598746043 1.0
8995.127679858928 1.0
7066.115745039373 1.0
6543.157758185752 1.0
5813.754423596118 1.0
6095.246984406734 1.0
995.8229666778707 1.0
5623.417087602196 1.0
7341.772056523107 1.0
9458.741754935385 1.0
6130.120703673915 1.0
5524.9666842516235 1.0
6583.997237147954 1.0
6896.118040888763 1.0
4965.675334139548 1.0
4000.927494047431 1.0
9306.44152186559 1.0
8869.946794257688 1.0
7124.980373498185 1.0
8372.800448506912 1.0
3110.1549631517582 1.0
7101.839811688061 1.0
6221.045012341481 1.0
8065.751349923976 1.0
5545.4451527388655 1.0
6595.516047662304 1.0
8000.217851043288 1.0
7660.556448578399 1.0
5187.292637464309 1.0
5588.741161885635 1.0
8684.60278024724 1.0
6972.079957067618 1.0
6491.004517849277 1.0
7833.869778452467 1.0
5443.207725452207 1.0
6410.172852642456 1.0
