6 100
0.8797901682953307 159.39836185603383 520 126 131 138 120 130 117 130 107 131 126 116 114 123 114 119 129 122 126 127 109 116 128 102 138 125 122 111 118 130 123 103 118 133 106 108 113 120 101 113 135 117 122 138 127 112 106 124 119 138 112 124 118 121 130 139 138 117 119 129 118 125 136 101 128 114 132 127 107 125 132 130 130 128 124 132 104 136 129 129 120 107 113 116 113 139 137 137 107 139 115 130 125 109 128 120 107 113 101 130 102
0.8601736242422311 121.05732005808842 527 86 91 93 79 66 70 90 70 77 75 71 73 98 87 60 87 69 68 88 75 62 65 92 66 78 93 94 84 94 81 65 96 94 83 60 91 71 80 78 92 62 98 87 65 60 73 88 75 63 80 71 89 67 71 84 91 74 90 81 77 92 69 66 88 64 87 84 64 93 63 64 63 91 88 63 65 85 71 92 88 77 83 87 83 82 74 78 93 89 77 80 95 90 66 68 69 98 86 73 93
0.8131030992880369 127.90766678290285 623 76 92 68 82 76 70 71 61 65 79 95 86 68 87 83 63 90 63 61 81 89 96 64 81 85 80 75 63 91 96 64 81 95 91 87 69 70 95 85 66 94 66 67 74 83 77 84 93 68 92 77 62 68 61 86 99 97 77 73 81 61 67 70 90 65 89 82 65 67 68 73 61 69 98 80 74 77 66 91 66 80 89 70 67 77 99 96 93 75 70 94 81 98 62 98 89 61 72 79 76
0.8866045852466797 137.6984343595711 632 86 78 72 96 77 62 73 87 61 98 74 71 97 74 69 70 69 67 90 62 68 86 97 69 72 97 86 98 82 68 76 73 75 81 71 63 75 64 86 96 68 63 73 91 73 73 73 81 92 81 94 87 74 84 74 81 85 84 92 95 81 62 95 63 73 91 71 91 79 82 61 80 87 70 97 99 69 87 71 60 94 87 84 91 95 97 73 60 78 99 68 97 92 84 72 78 85 91 60 88
0.8443020643616658 133.18051206585105 640 139 127 109 127 138 106 138 127 135 108 102 118 126 127 131 100 130 126 120 102 120 133 115 114 100 138 129 136 130 118 108 110 111 104 121 120 133 103 129 115 125 137 111 127 101 114 134 133 113 128 105 116 114 112 123 117 132 119 138 130 107 112 112 115 135 117 123 103 124 106 106 115 100 132 116 116 133 100 103 137 137 113 104 139 111 102 128 105 101 127 123 121 100 114 122 129 110 101 130 136
0.8538528541144853 141.61743056210645 914 101 101 108 103 123 139 132 139 122 129 135 139 121 118 101 129 131 135 111 103 128 110 125 121 131 133 108 112 109 134 133 136 118 115 109 120 120 111 120 130 138 107 103 132 136 115 104 134 132 109 105 122 100 113 100 130 100 138 128 102 119 109 117 115 112 128 118 129 107 114 111 107 123 104 112 120 102 139 116 109 101 114 130 102 127 113 106 109 110 101 113 129 100 122 125 112 111 102 121 102
3647.706123419695 1.0
8236.476145109595 1.0
8132.611964980031 1.0
7279.999070130668 1.0
10594.354185521097 1.0
3146.5088540147053 1.0
10542.805416109655 1.0
6734.593968095295 1.0
5992.886688183706 1.0
8496.370112827626 1.0
7439.226568337198 1.0
7783.622128786364 1.0
7306.062015776033 1.0
4184.553913263897 1.0
5675.760175225684 1.0
7428.217469388057 1.0
6833.903284137946 1.0
8850.099065335815 1.0
6870.133590339411 1.0
5117.213152156288 1.0
6663.796438770785 1.0
4468.747571501368 1.0
5796.186000832115 1.0
9432.30794172417 1.0
6015.626415649276 1.0
6737.7259123801305 1.0
5960.703198351306 1.0
4163.441418482174 1.0
11004.487393282736 1.0
7832.644149433854 1.0
4187.8525758268115 1.0
10098.044064542406 1.0
8294.097579296767 1.0
7823.25900638821 1.0
5935.08415605091 1.0
4390.147219502189 1.0
4875.041744097159 1.0
6025.16389118655 1.0
6946.315812276262 1.0
7476.520605381986 1.0
6172.294988715288 1.0
5856.031369610501 1.0
8600.967582290232 1.0
10007.697816942058 1.0
8075.244861157324 1.0
7487.867037741253 1.0
4246.1127655660885 1.0
7575.922082777063 1.0
6910.0294420961245 1.0
6656.79446568783 1.0
9402.934311446206 1.0
9185.365515768824 1.0
9263.97667261275 1.0
5472.413158585176 1.0
9470.243330000445 1.0
7949.214439637772 1.0
8279.88707427338 1.0
6194.4355517635595 1.0
2869.917415354179 1.0
7650.691184082452 1.0
5096.989995172163 1.0
5243.565112892466 1.0
9191.207325618143 1.0
7087.256067715456 1.0
6744.290521184606 1.0
8533.083516281677 1.0
9572.839801697886 1.0
6662.380101693733 1.0
5337.8859000248685 1.0
3495.547174468614 1.0
7644.423888927692 1.0
7007.379957927357 1.0
3185.5392294800076 1.0
7429.478929271016 1.0
8405.260675953676 1.0
8949.172904793952 1.0
5562.437485719788 1.0
4558.004493886721 1.0
6278.011826172491 1.0
6133.9184331591205 1.0
5719.624934541482 1.0
7348.748437655921 1.0
6842.7314793310725 1.0
5745.057833180915 1.0
8025.348335271027 1.0
5973.352878607888 1.0
9032.99758431227 1.0
6341.462362937042 1.0
8285.658469790827 1.0
8462.898700946631 1.0
5969.5972445992475 1.0
5034.003117224603 1.0
8110.434848632927 1.0
6443.368797406294 1.0
5155.007982382702 1.0
5928.304602176138 1.0
7214.695343886662 1.0
5550.549639198005 1.0
7134.659736472965 1.0
5184.411537602538 1.0
