6 100
0.822180013740152 177.66646982231254 559 121 100 130 122 108 119 137 103 100 131 131 102 110 124 131 118 131 139 126 133 128 113 138 101 130 115 125 125 125 127 104 123 118 126 127 125 116 133 127 137 107 125 124 131 106 125 103 110 104 136 139 129 110 120 111 122 101 136 122 112 127 106 105 101 136 103 133 132 117 125 122 105 110 125 127 119 115 126 126 137 111 108 100 118 132 104 107 123 114 115 118 125 107 131 124 106 135 108 106 127
0.8563114078005131 144.4714073881504 603 81 90 78 89 97 60 66 73 83 94 67 86 93 93 73 63 95 88 68 88 69 98 70 87 83 69 78 92 66 73 62 62 86 63 85 78 62 63 87 98 98 97 96 74 66 95 60 63 80 70 72 64 84 71 90 61 77 76 74 80 94 84 82 98 79 87 93 60 79 71 68 62 93 75 71 69 75 81 71 90 62 86 60 90 66 91 78 82 93 67 88 70 83 97 72 66 98 94 60 69
0.8474888427751106 127.03707151829772 687 76 74 76 86 74 79 66 91 81 86 85 83 67 90 93 73 74 82 83 73 61 88 62 68 63 90 70 60 80 93 80 83 95 85 77 85 71 69 70 83 80 65 64 60 91 61 74 67 94 94 74 92 90 69 83 74 95 62 67 67 71 63 74 88 80 67 98 95 77 62 79 95 74 82 75 90 92 74 91 75 62 62 93 79 72 85 79 61 68 90 76 89 90 69 72 72 87 75 90 92
0.8253555267231041 120.10464664481725 829 130 112 109 103 134 104 104 107 109 139 102 133 114 134 138 119 138 108 137 116 122 132 138 129 116 109 111 100 136 119 121 130 122 127 127 102 136 129 111 119 128 133 123 104 119 137 126 113 136 104 117 132 113 105 135 128 106 138 125 137 128 136 120 138 131 121 126 101 113 100 138 113 100 122 129 123 133 127 116 104 135 119 133 103 106 138 123 114 127 129 125 119 101 101 119 101 130 132 128 104
0.877407046210434 123.54879725935157 870 137 135 116 133 129 127 135 134 105 131 100 109 122 109 120 131 133 102 132 134 127 107 100 120 120 100 123 105 136 119 116 136 136 102 135 133 108 101 108 123 110 135 126 133 116 121 126 122 113 137 133 108 110 127 107 133 133 112 114 129 107 101 124 100 101 129 128 121 126 123 125 105 136 121 124 135 134 132 124 100 118 101 116 105 106 137 134 132 137 132 136 138 129 129 125 107 124 120 137 107
0.8419229903360783 170.47222813516737 930 86 83 92 87 78 96 91 79 88 77 92 86 68 69 94 67 80 78 96 96 85 70 63 68 62 67 86 70 88 85 95 92 89 72 89 82 72 63 75 72 96 99 63 77 64 74 66 61 84 77 83 86 95 88 97 72 77 91 82 68 91 99 84 75 99 82 61 93 64 68 69 75 90 88 97 92 86 95 69 71 72 94 87 74 73 91 60 94 61 83 84 70 90 91 80 97 84 93 80 76
5194.662467367865 1.0
7242.959547448735 1.0
6017.337619275129 1.0
8761.970939459845 1.0
6734.940979271325 1.0
6102.365155917803 1.0
5290.119535022947 1.0
8445.843820063852 1.0
3680.7911923545557 1.0
4397.092509987768 1.0
5638.131789007482 1.0
7360.4655339251785 1.0
6715.765289130023 1.0
8793.431841064028 1.0
7562.601686816767 1.0
7835.273209448755 1.0
6559.096791089243 1.0
7248.78900122998 1.0
6290.580100506119 1.0
5915.498103232352 1.0
7226.2721416924 1.0
5288.098097786872 1.0
3819.7857056222997 1.0
8842.532280652125 1.0
6700.786642414456 1.0
8794.562761506517 1.0
5475.213848008056 1.0
6878.981443724821 1.0
5753.5247840235315 1.0
4314.8798985323565 1.0
5310.637291115534 1.0
5880.792570603272 1.0
8597.689131315361 1.0
6475.346842565652 1.0
6978.932313330955 1.0
9708.206106645595 1.0
9007.307936253876 1.0
8717.983885054336 1.0
4888.31874606407 1.0
84.62972527148577 1.0
7840.669840735342 1.0
4448.734668059354 1.0
6132.739153680636 1.0
6477.938268132272 1.0
6776.089645194997 1.0
6310.735077110601 1.0
7452.095917078481 1.0
6299.802169034747 1.0
5105.107152236995 1.0
5640.712589818688 1.0
9321.188591330336 1.0
6160.171531178793 1.0
7129.830139822182 1.0
9555.618792071338 1.0
8638.42499982357 1.0
7349.580890531155 1.0
3429.343371125892 1.0
10203.196355833297 1.0
8212.039768402126 1.0
6561.3262098380055 1.0
6235.7353502517335 1.0
7974.119727869885 1.0
5760.799777218341 1.0
7155.302583260129 1.0
5098.162134906201 1.0
9804.583283381115 1.0
7239.983806337933 1.0
4909.647774963582 1.0
9139.875213837719 1.0
5423.763288460359 1.0
6185.301450809749 1.0
4144.210630014544 1.0
8486.59478629576 1.0
9913.839308396136 1.0
4967.742773952706 1.0
5661.864559809828 1.0
6029.176684773096 1.0
5288.576178925408 1.0
7981.504556638501 1.0
6530.208209706533 1.0
6056.715950391632 1.0
4636.454343937728 1.0
4871.287637525183 1.0
5399.845617459195 1.0
10264.796344124325 1.0
6569.000306116481 1.0
7931.310379869996 1.0
5972.695749168428 1.0
6349.842402223355 1.0
6619.270108799638 1.0
3939.747821286956 1.0
6734.030403030585 1.0
8264.658153379474 1.0
4884.95244569802 1.0
7300.028476451171 1.0
8454.487248048687 1.0
7291.884094415931 1.0
6834.50972897367 1.0
5646.082876525282 1.0
5702.98083972136 1.0
