6 100
0.8250436085260531 161.61871908022863 600 75 91 68 92 65 76 86 64 64 80 98 96 68 96 63 91 66 61 66 93 90 95 76 80 70 74 84 97 71 92 68 80 80 78 62 71 88 71 69 74 96 83 98 78 64 70 77 95 82 91 88 84 98 73 80 95 86 94 77 80 85 74 76 71 65 62 74 68 79 86 79 77 92 89 97 91 64 94 64 64 78 90 83 83 61 92 66 70 78 78 66 94 79 67 98 83 78 84 90 70
0.8790624312940946 154.06864417371878 612 102 119 104 112 128 123 137 137 138 114 132 131 110 106 116 117 128 117 137 108 113 123 114 112 102 121 125 110 125 138 110 112 111 109 122 119 111 113 134 128 138 121 118 128 109 133 104 132 136 136 124 132 104 119 132 130 100 129 120 125 104 134 115 118 102 113 139 106 122 133 134 112 109 104 137 111 130 116 110 127 103 133 100 135 110 128 139 114 120 112 137 125 128 123 126 111 104 135 136 139
0.8700182499523402 153.8446368835672 789 132 116 102 129 114 100 135 100 139 105 129 104 116 119 120 138 115 130 119 115 125 133 112 130 104 125 114 122 113 130 135 137 116 133 118 133 131 122 125 121 111 106 123 114 105 105 128 124 111 108 132 132 114 138 127 111 117 139 130 128 128 117 131 137 131 125 101 122 104 134 120 101 132 122 137 127 109 139 125 103 128 109 131 115 109 123 127 135 132 114 119 126 127 139 101 129 119 136 132 116
0.8914861527660051 170.44768403014805 789 64 78 63 76 92 86 85 79 71 61 73 75 71 64 91 94 84 62 66 90 75 72 90 86 90 98 61 77 82 83 96 79 82 90 73 89 85 74 80 99 88 93 71 64 97 86 99 60 95 99 72 90 99 67 64 85 91 76 67 65 88 84 92 70 94 60 67 79 67 93 78 67 80 68 84 87 99 62 73 81 76 90 66 74 68 64 83 71 68 62 89 67 90 71 63 78 81 63 79 74
0.8435844602396072 134.88090258520486 849 88 76 90 95 87 75 96 71 83 98 99 68 77 75 97 67 81 64 81 84 86 95 80 74 75 92 94 79 74 76 71 84 96 87 92 84 95 93 98 95 86 95 79 73 65 70 67 87 60 82 68 84 94 60 60 64 66 65 65 62 97 87 90 70 90 96 79 77 77 83 62 83 99 78 90 70 60 86 96 73 77 96 89 79 75 98 82 92 69 65 65 61 63 74 64 75 75 83 92 77
0.8310972324001501 160.15412117112817 920 131 113 137 100 114 102 108 131 120 120 129 121 134 132 120 100 139 126 126 116 133 133 119 124 128 123 129 106 139 120 122 121 101 138 125 116 128 125 112 118 122 116 108 133 122 119 110 119 101 132 133 117 117 109 109 102 108 135 109 134 109 111 120 115 126 137 100 112 101 102 128 105 135 126 139 110 134 110 110 104 100 134 117 100 138 119 133 122 119 139 118 105 103 134 110 117 139 129 139 133
7211.535864247067 1.0
5246.467512463016 1.0
5672.198589210248 1.0
8081.608556944515 1.0
4943.506113936235 1.0
6154.413054337356 1.0
5218.317539859301 1.0
8175.701279718578 1.0
7347.945775396293 1.0
5539.220111397119 1.0
7430.575432737003 1.0
6791.803343905577 1.0
8220.180981839812 1.0
7275.343238608505 1.0
7549.544896538031 1.0
7216.645786094856 1.0
6161.91140975934 1.0
4034.792082567068 1.0
7014.224940809184 1.0
4499.284874339393 1.0
4688.89477325291 1.0
6888.572816361883 1.0
5038.918964484218 1.0
5131.88512888494 1.0
10421.911822628808 1.0
4601.673166803474 1.0
7438.752480051247 1.0
8019.276823634539 1.0
6556.359628098746 1.0
6579.676210055679 1.0
3936.681286947774 1.0
6457.3569466784065 1.0
5751.651525433114 1.0
6559.349156620672 1.0
8331.048391146225 1.0
5209.264517012902 1.0
6192.090946300932 1.0
7038.531095795424 1.0
5873.919363480207 1.0
8136.763555641817 1.0
9068.094789325729 1.0
4225.235701237478 1.0
7224.990734514856 1.0
4912.315445954973 1.0
6152.298511749474 1.0
5749.173408804051 1.0
7885.523995151531 1.0
8700.715114609084 1.0
6620.771224657111 1.0
7739.0771977401155 1.0
4457.1611786722215 1.0
6486.927371344372 1.0
4864.553809364881 1.0
7709.525382096662 1.0
10288.250696409239 1.0
6978.152631289337 1.0
8366.878165951228 1.0
6450.8488879696 1.0
5065.802381431004 1.0
5926.680656839345 1.0
8705.833764865238 1.0
7201.475479739 1.0
8971.587901161714 1.0
8527.939357132698 1.0
6649.573345295786 1.0
7369.482921892815 1.0
6094.671803835828 1.0
5786.292204833444 1.0
6832.33208217967 1.0
5269.15507364073 1.0
3288.524078626013 1.0
7947.624897757694 1.0
9115.238416938539 1.0
8163.9978523680875 1.0
3515.081960395455 1.0
7941.228235612672 1.0
5666.704092758383 1.0
5428.260309248031 1.0
9598.702131180708 1.0
6504.697237222512 1.0
7531.114730080547 1.0
7379.678072009816 1.0
6739.022801994729 1.0
4730.234240668956 1.0
6154.877270395184 1.0
8049.036163522667 1.0
6702.544798018738 1.0
5659.262585490768 1.0
10038.448263356775 1.0
7046.378889460975 1.0
5885.666380587546 1.0
5337.961688188814 1.0
4246.076944494289 1.0
4207.8633590557765 1.0
4367.007756877865 1.0
8326.011546868936 1.0
8544.431433041336 1.0
5681.931899564626 1.0
5048.42967413195 1.0
8751.717896193783 1.0
