3 10
0.8723922692113183 172.41657046528445 622 149 168 159 170 154 150 176 177 163 150
0.8623566534514245 147.42065698852224 639 64 74 66 65 68 70 98 99 77 71
0.8475037076768474 159.47014945642675 646 66 85 60 76 72 63 97 69 93 69
1608.8375772042627 1.091111615000584
1337.0559812137265 0.9476146429421374
1724.936733596242 0.9676685287068517
1050.9024492029503 1.1713690343163166
1321.4310779579534 0.9953936554739773
1801.9340885823042 0.890143441282108
1296.3685761898887 0.9599550183539761
1850.4880736886353 0.9963739397322612
915.3462317175812 0.8918356387055956
2202.733099759138 1.0590595406753809
