3 10
0.895721958457239 122.50106737343278 640 170 143 154 146 172 152 147 146 156 171
0.8492760287626459 129.7631705307421 654 76 70 82 99 74 83 72 89 98 72
0.8986408617667457 163.62804779937298 870 82 88 85 80 89 90 73 60 70 78
1540.428351205903 1.1074282725260745
1461.4946322734102 1.1296380115557325
2196.0918575193577 0.9413557698774553
1687.1603090977417 0.8106939160099634
2333.5118798635654 1.1385501871038322
1305.6567631895944 0.9333597938215412
1451.0829556539059 0.8308680858600507
1467.1561994202386 0.9454753332516009
1460.6592837965454 0.9051937533813513
2045.0715563884037 1.1415760471750807
