3 10
0.8457380375669848 161.4805863127782 514 159 162 178 153 162 173 165 179 148 165
0.8585301030928744 141.8803938886869 834 65 78 72 74 84 89 72 85 75 89
0.8445993629234172 142.31753027647508 981 80 98 72 86 93 80 77 75 78 99
893.5318126672057 1.1364584697809232
1391.983683729784 1.0566157840836785
1341.6788764416585 1.1958715374420148
1126.8567159109666 0.8248845969106194
1802.9779300067994 1.1302118444367593
2032.4330356071537 1.194607396693431
1357.3204605725318 0.853019406642572
1441.2984531592294 0.8616390245545547
1575.7595358195288 0.8307459337018718
1621.5541248440343 0.9225267275203962
