3 10
0.8681499219626094 164.70810966389482 564 172 177 158 147 175 148 147 140 178 164
0.8513452421699585 142.88278244347677 705 62 78 85 82 62 84 76 69 77 63
0.8463305510149084 152.89286896161627 864 99 67 71 74 81 71 74 77 94 85
1824.892752299877 1.0710588570774313
1889.274129593016 0.885490988561742
1547.231536517753 0.9435694453959881
1427.729951445501 1.0528370805789111
1438.8163787000021 1.0923389395671983
1553.2552171351565 0.8021281559106485
1519.882420454213 1.164650376879538
1200.0222910651148 0.8158008853038753
1046.3564298147226 1.1777528033088305
1418.4996569823547 0.978704785020635
