3 10
0.8634523218760823 152.367548672937 693 79 77 62 87 76 94 77 83 96 81
0.8654276334359993 176.85367851977563 743 88 86 96 85 62 85 89 72 96 66
0.8878695082973346 121.29240918171728 872 175 173 167 154 173 142 151 157 176 169
1847.7316278559358 1.0661684715523112
1384.4633226961416 0.9727483787094968
1083.3256118190707 1.1520180963613826
1654.451482772884 0.8427561466759911
2023.4191064076408 1.070520109890356
1595.901241203971 1.1941630028295256
1349.5321534632858 1.0704935541242135
1483.3210464260421 0.8301959685063047
1810.345477989701 0.9578116710965403
1171.5120064214511 1.0207490750483668
