3 10
0.879882813122098 120.09132742777993 780 74 68 97 75 91 66 77 97 98 90
0.8024424181754666 139.18062736454803 859 179 144 156 168 140 176 165 157 179 177
0.8811878465484697 177.5902448524045 911 69 89 70 87 92 92 74 91 85 87
2321.0465411196956 0.9205023101232847
832.8242107085722 0.8587312045209456
2072.80307582121 0.8376167801167059
1711.7963027323026 0.9588485014068582
1634.3424224783766 1.1939994318772882
1571.0818368366247 1.1941839514958579
1394.992137191387 1.0864760530209332
1458.9982736799946 1.1424395275046721
1448.5683170499537 0.9798592956764498
1828.2897164456076 0.8208016247213696
