3 10
0.8561979644280086 154.45320658725325 513 151 149 153 169 158 150 140 176 174 153
0.8693320135393081 168.7825060447805 824 69 80 66 95 98 87 80 76 96 93
0.8119908421705092 170.0361919492879 992 69 60 99 73 86 70 81 80 61 62
872.8911024025515 0.9954731777526111
1909.881475176469 1.075456774578356
985.5913232195323 0.979503893706545
1520.6355091961045 0.8136013792183829
1869.746093488094 1.0065890590683007
1431.5080142573127 1.1552185895769014
1481.9195370991547 0.9264273822085238
1110.7469153525487 0.8242539118819274
1930.8012652532043 1.0465902535531255
1741.1242993709127 1.1135801981893887
