3 10
0.8972387690910185 178.77592840985147 628 93 90 67 98 62 66 77 93 97 88
0.8069803626779443 127.30759479281473 950 162 160 165 148 153 142 168 177 153 158
0.8460144584904862 175.37431804866137 992 87 75 69 64 74 70 71 90 81 63
1696.4335473517895 0.923785398065929
1081.5609181937414 1.0641098080119225
1493.5419072064997 1.123348454686078
1415.863761799035 0.8704783534924065
1186.8320673587968 0.9548230670333095
1533.7306109014328 1.0783546395751662
1280.7722152789415 0.8397481988299393
1473.8372763019167 1.0047721526868882
1509.1420159523082 0.8627362671501407
1156.8508479932793 0.9750562865481577
