3 10
0.8088726021305976 176.4495096799854 624 171 178 172 143 162 165 175 164 172 164
0.801022124650473 142.61165481300873 624 69 77 89 99 97 80 96 63 66 95
0.8222958516407957 176.73047228768098 765 87 61 62 72 62 61 60 74 87 81
1632.5300604941094 1.0223885146239162
1348.8788878159294 0.8592070473361119
1336.419979854062 0.9310911417391807
1248.8911298469907 0.9259261789762541
1633.63637737168 0.9641616421141881
1614.5022608877655 1.1650138168083986
1610.2645447492741 1.049785615219263
783.4004414893113 1.144239687093802
2146.5249013810417 0.895248150609053
655.1876169203645 1.1707417759785876
