3 50
0.8572918529495149 141.59953025548316 586 64 82 67 78 81 61 62 98 84 91 78 67 91 66 95 93 87 84 95 61 84 93 62 60 98 88 68 93 80 76 64 76 70 67 85 69 75 60 63 80 89 63 90 65 90 73 62 88 87 87
0.8242072587132557 130.4186040353263 597 62 93 80 80 69 91 65 62 70 86 86 97 92 75 79 80 94 90 82 99 90 83 78 89 80 80 70 63 64 76 83 94 96 60 83 82 64 70 66 87 62 96 92 66 77 78 70 65 97 93
0.8363035076594899 139.70926498288682 667 89 93 66 65 92 79 68 97 84 63 90 92 79 67 69 82 68 62 69 65 76 94 96 62 69 88 99 66 72 92 91 76 79 93 92 93 87 61 79 61 70 74 76 80 80 97 84 94 78 78
3893.6800205809004 1.167101057507808
2846.1784479411717 1.1872542621158435
3079.26818280041 0.9882912521175649
2600.0592570517238 1.1535236395958313
732.4268916579567 1.1064980166301506
2865.7664452870713 0.9991768868898692
4046.726166248897 0.8865036537317369
2571.1096660564895 0.9534495843557846
1248.0036918630901 0.8882953139288693
3208.4641358172057 0.8323819763780381
3936.5664626432135 0.9673751534274706
3497.069304611257 0.9879955966698848
1358.6131407239886 0.8312434985861816
2296.5350001187344 0.9087245594652598
3059.2364781866418 1.1819696642788982
2117.90409071375 1.1750081371214134
2403.998783399326 0.927226281230811
3723.8176586141303 1.0475957370263362
2802.1919370824908 0.9428264303342699
2812.7741276173338 1.1652385326695347
2208.601761082935 0.9595805865937463
2666.95520934705 1.013502015586596
3404.5839750949835 0.855923417573096
3595.211783730909 0.9461109321430912
2695.5035392606883 0.9242182322229368
2174.1356980515566 1.1937199458853751
3630.0314318604733 0.8437073795703762
2356.417829445518 1.0764853688639817
2903.383073760545 0.8381479046367165
2883.960117117879 1.0201733515025893
2363.9125895453617 1.0605077267858143
2633.3745019270145 1.0864855366129256
2353.834503377444 0.971600153263422
2284.011478804177 1.0496475834647812
1883.0435383799813 0.8857153225913605
2539.4930822884526 0.9942319325535275
2023.7182887051881 1.1239325690797868
2284.3162353077773 0.9141643965035221
4045.8616854811903 1.173852417966872
3137.0078794890287 1.1980112706725916
1763.9538632157023 1.1145328390716402
2189.2684557708967 1.1231459301052162
3130.4186532103404 1.1941204227198505
3340.960133014599 0.9859058922414514
2355.2890259686988 1.088623699375138
2644.165986174365 1.0080234951942098
3623.697666829905 0.9952638974505239
2533.304349557466 1.0308604904476808
1827.6452653895146 1.0883276193858513
2865.1338342060167 1.1314610096070683
