3 50
0.8200680538462947 161.6361796219519 540 74 75 74 64 65 74 66 65 86 86 65 68 85 73 90 85 87 98 71 65 87 90 68 69 83 98 99 60 87 76 62 60 86 82 73 82 76 95 74 92 61 66 94 80 94 91 81 70 65 64
0.8982516932366803 169.69606837979427 717 81 66 90 81 93 61 77 78 71 60 71 65 86 79 84 99 93 78 81 66 72 63 84 98 63 91 96 91 66 82 81 91 76 86 92 97 79 66 90 62 82 89 85 90 74 92 63 66 63 69
0.8000919704601539 172.41769283054214 855 90 61 61 64 81 88 97 61 83 63 72 68 78 94 75 93 62 61 66 67 88 65 96 73 60 82 67 64 67 85 92 90 94 64 90 72 71 74 87 76 85 78 60 88 64 83 79 91 89 86
3826.49363131771 0.8812772947672766
2478.91322381048 0.915889473066212
3191.1088915784107 1.0569148641029638
1764.8505868177049 1.1104278009259716
3099.585886581072 1.0618966559324543
3154.0086159113207 0.8173235372249866
2551.7878960794283 0.8117527076819853
1792.0341921164381 0.9827866465569517
1654.9467181522414 1.0055411561532943
3835.778239139513 1.0968692875850476
3278.7128366742363 1.0541907641897657
1824.1932335966862 0.9892657343048892
3084.834289643538 1.1201123444429295
3342.451916003087 0.822070770567101
2960.5987674373887 1.1043356615649247
3087.7760721396958 0.856041546124704
1998.050429386757 0.877633641161257
3383.4324666471257 1.1434311746201553
2616.469997230175 1.0460895857763013
3420.897564237116 1.150063415825281
1595.1566045934028 0.8717753357260114
3409.1644096998416 1.051266077290323
3804.798299948241 0.8848313016575678
1896.0365548603759 0.8593453124366148
3958.544546253196 0.8563981923058528
3082.8680216047096 0.9465764910594077
2214.5852580040223 1.1444441691970713
2958.8173478629833 0.8290146201596231
2215.5198981521658 1.0599624646319945
1873.706247004074 0.9704853984658995
3456.1412578275294 1.0283310816249571
2442.0275240610295 1.025682726693704
2671.5961918224766 1.1495822694350775
2810.4480689077077 1.1232108302321373
2017.3631445635137 0.990309633152041
3825.272562498615 1.187086426979898
2783.6815045318535 0.8566146422562549
3137.2162680761435 1.184817657236561
2889.6041832302935 1.1211384319293038
2533.222015663905 0.9515370772777582
2568.829522348262 1.1000321074347486
3630.1701725633097 1.1312235677765048
2676.895875069126 1.0158307060708636
4134.631051071152 1.0133173500328692
2730.193030330103 1.0452947682586737
3403.1485886962587 1.1388832124119574
2537.3952187695036 0.968457793688841
2785.1468599934765 0.8976165083615355
4068.4387237861674 0.8995871936973554
1625.7826993548833 0.8390312358488932
