3 50
0.8305647355234246 172.4072877273137 772 66 87 74 88 68 79 88 93 89 79 98 79 95 81 60 84 83 99 71 74 77 91 64 65 69 61 78 76 83 79 85 77 90 65 77 87 64 82 70 66 66 89 63 86 81 84 88 76 84 91
0.8060996182795748 147.86563610529183 842 76 85 68 69 71 94 75 96 64 82 63 84 71 90 90 88 75 74 93 98 99 70 86 92 90 87 72 80 94 81 79 75 92 77 63 61 60 64 93 87 63 60 88 76 91 69 61 72 73 86
0.8026994027697645 132.59000523594932 926 77 92 81 67 94 77 65 82 69 92 88 85 77 89 67 90 78 73 64 86 67 64 78 92 82 77 95 94 80 92 75 98 80 74 66 67 65 62 83 85 83 67 60 61 98 72 61 78 93 62
2987.490920497039 1.0763856197094486
4388.752705036721 1.027122561985815
1995.6271127866903 1.1000752372291385
3484.5758148435416 1.0754320543793459
3530.0825145589934 0.8074451149880147
4286.582721764149 1.0521603190214233
3506.0131024142806 1.06418966829838
2523.8417966099487 0.8438557169474654
2150.8703628637186 1.1947461092084448
2496.250877333264 1.143626821595998
2115.717266225044 1.0761178058812946
4406.110127412269 0.8467227746180491
2144.1725552362436 0.9923282027771303
3504.354616770511 1.0481668443761287
2161.3146202633116 0.9813651750910314
2594.0234273968454 0.9974441069121442
3491.0253103886953 1.082598208005636
4395.4481867051945 1.1159028690185
1418.1771080984631 1.0496492849681438
3087.804334781473 0.8563174818248587
2486.5497622337853 0.8102904941991004
2276.1875603388808 1.0699910307891392
3081.568686483989 1.0185328391787167
2546.5451809585575 1.1888518805399424
1647.666521374453 1.061009926332353
2221.725889048389 0.8016236086735564
3543.7664191123968 0.9583027120427873
2465.5540752877814 0.981237385449391
2329.741079287128 1.146052200679054
2670.251204034448 1.1983448753175736
3102.955573261513 1.0906556200270479
1589.3784104125186 0.9586584058695978
2208.251661683795 0.9367982321853028
2840.256905965402 1.0380714828749835
2431.8940187029793 0.8613431947965959
3867.4387477606806 0.940496132612618
3391.261477887102 1.0156844235859315
1682.3151400298873 1.0498782171768886
3029.279217223513 1.0361198967645928
2031.1939831517393 0.9859717735343168
3115.8536278393253 1.060012687469353
2760.3639600509573 1.1697548318109767
3719.6149776791212 0.9065090248055508
2299.9465813978077 0.9290626506847439
3136.473268339326 1.1450944541980643
2972.8282324172133 1.1739490215187536
3518.4646723212645 0.9995028536551669
3218.624595363394 0.9947577744806022
3285.2696080036753 1.1854629110924855
3205.845563286412 1.0189548567702915
