3 50
0.8545083881823994 133.8134299274204 655 72 66 77 98 86 90 82 75 73 99 74 81 76 79 92 66 93 79 72 92 60 87 75 74 67 65 75 88 75 80 67 80 66 73 98 74 88 67 84 71 79 83 70 61 76 94 64 99 65 95
0.8915004484363467 148.91066490466707 666 94 82 84 65 67 68 62 88 63 62 62 84 86 98 98 81 98 68 96 73 76 89 73 85 86 78 86 92 95 82 73 84 93 77 88 86 79 69 76 87 88 66 60 86 73 73 61 72 86 96
0.840854194160824 171.22722480555345 804 81 82 67 63 79 91 81 64 67 96 90 66 88 97 69 90 71 71 90 70 97 93 76 80 73 64 84 80 95 99 75 95 78 77 97 75 79 87 73 62 84 67 89 76 82 96 75 86 65 92
3108.7681399070857 0.9346952716826834
3355.847235459786 1.1557417904124048
2631.9788528192303 0.8885984031977672
3021.1534456248846 1.120646419131668
2481.189058302953 0.9394552173946363
2997.2383131948154 1.1885318992499534
2898.259807369332 0.8370895974795229
2703.930463103404 0.8193493043168005
2187.2926400098595 0.9349229103371984
2843.795632792745 0.9499178478893684
2646.5612779527664 0.9194403908511257
1906.1460140930844 0.8729243161319002
4432.873766612869 0.8377610973566402
2230.9221845469847 0.8431936322652339
3150.009196936729 1.09847141802044
4212.524240624519 0.9917067407734532
2104.5387722751 1.0951355888477339
1303.2702169340068 0.8902556740086819
3816.481073800834 0.8440500365430488
3195.22212370054 0.9229055595692613
2227.5578972310577 1.0167488369755011
2182.52149867256 1.0183977992720232
3609.9863745591697 1.0877108243420033
3357.8505196816322 1.1777239799926416
2702.664967622273 0.8686366388602332
2690.0896005680042 1.1040521620110455
3933.380377571665 0.9185875925843914
2339.338780462638 0.8300577267336099
3119.3544938555315 1.0456029541771754
1897.5405002902448 0.95578701118888
2966.5422158986075 1.149494405390238
2529.47165834144 0.8750361383611118
3514.7087950160308 0.8771922303350237
3078.813513439217 0.842226805769348
2425.146806885378 1.0288206408639433
2360.2300913666704 0.9222855541764615
1733.4309253068122 1.0624404626034853
3126.5845362346163 0.906346539829623
2868.138740144416 1.138722251022417
2596.869214887618 1.0439013251780727
2336.6519160039597 1.0875294543175607
3447.8408674911207 1.100505236844186
1958.816336768788 1.1230347909939968
2710.912721651874 1.12166794491767
3449.864952882146 0.8194844542839402
2464.197077444574 1.1735527567918436
3710.942881695741 0.8300480545740851
3336.5135349071484 1.0853215125769544
2732.596232051775 0.902619194482312
3066.1601535921404 0.8672672244183454
