3 50
0.8477530050787415 120.54806951889755 545 84 91 81 86 87 84 66 76 99 83 72 71 88 62 63 81 63 79 73 88 66 74 63 76 86 97 87 85 74 85 73 83 84 78 63 79 94 74 66 96 77 86 92 92 66 66 86 66 80 67
0.8263827042469102 163.51665627095127 757 70 81 68 99 88 92 66 86 66 90 94 91 78 89 68 88 89 91 80 81 88 85 89 74 77 66 61 68 88 82 86 85 92 69 99 92 65 68 96 88 63 80 80 66 85 73 96 89 76 62
0.8613680454729156 175.15311204138507 981 62 80 90 88 89 82 68 93 95 79 64 84 73 83 98 72 99 79 90 63 86 86 93 78 68 81 71 60 96 75 65 92 61 68 96 64 90 96 97 66 87 78 69 95 93 97 91 72 62 80
2631.9998549662005 0.970137478776473
3925.4310026793532 0.8954969573273606
2048.2622950689893 0.9446875367194288
3857.0033787339853 1.0474023925509774
2355.8865022664127 0.9674852664333616
3537.1971597516545 1.034852925934964
1862.506726916558 0.9259694392778616
3339.3490373134923 1.1338743651737837
3437.4222820748273 0.9982777796787144
3180.099180227529 1.11765529512669
2740.6134861525234 1.010837061146274
4154.315701987505 1.1087066154277874
1913.684865913265 1.054914945757953
3485.8701955855922 1.1505071893298031
1652.0456911384865 0.9582993713039805
2008.1223620030482 0.9885332978751658
3822.058626973541 1.0689661497548055
973.2039609067538 0.9675548970764603
1784.5807766970254 1.0914350411139893
2498.03266541091 0.9258788151589392
3764.495588924642 0.8429496571030441
2612.853737979024 0.8892016965187989
3744.5951661984154 1.0800681214572845
3449.793781724078 0.9985371763114002
2131.725467494181 0.9899972407704408
2616.515217056879 1.1276488922992975
3904.45606231321 0.8090641398298203
2734.6107357401884 0.9701042358112264
2909.8093356201466 0.9828415467112737
2630.339370417914 1.1815362918490577
1788.2891235300367 0.9920763180003078
2631.330710017509 0.8657651834707656
2628.0475133519203 1.022738613495318
2083.0413658229486 1.1774667600559636
3566.870514708576 0.9596319071335865
2717.07638073481 0.8679172517186654
1793.6505568175555 1.168780354377008
3872.0639305796653 1.1279651435438671
4157.046632272519 1.095616597633484
1895.1577685095092 0.8201758528230647
3149.4892986659934 0.8075101418949894
2729.4983640142214 0.925816104531561
3130.453691734042 1.1886939377228853
3167.0780005268057 0.8514608984697588
3091.9148735128165 1.0806993338521689
3665.168942918417 1.0707690494810471
3534.146008583141 1.030254367546316
2753.1468580666196 1.0788246858776327
2563.692749673231 1.1223994712148206
2294.6803464113423 0.9955418146285347
