3 50
0.8172696187323044 135.27401375800056 661 87 97 71 71 92 60 86 66 84 93 89 91 70 83 74 67 84 97 67 61 68 65 99 94 63 91 71 77 83 65 97 77 75 76 65 78 80 96 85 78 86 60 80 68 79 76 86 78 68 60
0.8628100084297213 168.32767685854924 853 98 71 91 89 92 71 95 68 96 68 90 96 90 83 98 98 87 73 65 81 62 66 96 82 73 91 73 77 68 60 74 67 75 66 88 80 89 88 68 88 71 73 60 72 77 60 88 88 95 85
0.8308834475695115 179.97090300736284 996 94 80 70 65 99 85 64 72 70 90 63 66 89 75 62 93 64 68 82 95 73 87 82 68 86 83 65 76 69 97 73 64 67 83 74 97 70 74 74 86 87 83 68 79 71 61 61 95 97 82
2552.5884627565756 0.9122787811720245
2266.980609292513 1.0923159020778344
3516.474198759649 0.9989588394637274
3390.918381422102 1.130192462824354
3042.4600483975237 0.9434703552302824
3630.2238164488667 1.0304014842235194
2250.694998625146 1.119392533104119
2790.1387959991716 0.9705752071523952
3174.3364436796587 0.8372973981108423
3602.6404799759966 1.1213837246799554
3662.003868466065 0.9870021721632334
2275.045184183064 0.8861510096186757
3212.7698422174212 0.9062009927685409
2823.5870885026825 0.8461156756020968
2792.0471996707847 1.0022196313150866
3411.2499269332507 0.9057263721979392
2679.9487785635156 0.8910364273382153
3504.8327177804485 1.1234121782363942
2909.2527477523035 1.1392982888573038
3117.34325708006 1.0723541036908217
2882.1952630692117 0.8231278655888328
2325.641765798331 1.0922390999375922
2999.144755815923 1.0262112277409383
2130.1610984421204 0.8285109124293254
3239.4151770792287 1.1180985578922567
2870.246977859492 1.0346448044005077
2234.775758192066 1.0954480625340237
2001.8586740513124 1.015802202408119
2297.4076157704076 0.8189047505874347
2754.065228915815 0.8336713570184697
3590.05892026937 1.1149847551509195
3298.620423806263 1.0659434534615144
1830.021428593004 0.8348533712675875
1842.828752059304 0.9222397764443411
2259.812440253144 0.8868249663838873
1944.3408341603094 0.9277789042524556
3386.773778518461 1.1429649859575204
1904.956401437259 1.1341469463244416
2518.1395639824414 0.8041060882983739
2574.1023527650173 0.8374366543379237
2267.8165299103457 0.9108894725667983
2199.021350089278 1.024930966530821
1331.2692236609232 1.063087004286177
706.8718628848569 0.9681003565403468
2092.162774366312 1.1595298937364538
1292.1425819627077 0.9627228070262943
2062.5403565826728 0.9341358504675944
3225.9410860473004 0.8643086151852615
3141.8428885109574 1.1015848691225454
3729.613242822964 1.07720119380613
