3 50
0.8685880454035648 129.04069392923176 553 64 61 77 82 95 77 97 75 70 76 91 70 74 92 66 66 84 70 63 74 99 78 86 94 85 93 83 60 69 94 85 66 62 61 83 99 68 73 81 85 62 77 78 93 98 79 84 94 73 80
0.8079925185919334 137.34910267362312 783 66 60 96 64 71 94 84 66 66 83 76 68 85 69 85 92 74 85 99 93 81 80 78 89 66 82 87 75 84 69 88 99 69 73 77 65 85 83 80 63 80 79 80 76 95 85 86 78 79 75
0.8455008478007308 161.86395425790823 886 96 60 97 71 61 84 86 63 75 80 67 85 85 84 77 62 80 73 81 83 82 91 85 79 67 99 88 95 60 95 93 62 92 94 63 62 76 60 79 73 82 74 85 96 87 71 98 67 97 64
2401.2725090373333 0.8563565704099518
3224.706070353873 0.8512451108598418
2804.978742211123 1.04720502808648
3547.1990369688315 1.0814088028261213
2916.083547740723 1.0385545742817848
1922.1097370021237 0.8140557940776362
1753.826028921405 1.0273595387622299
3031.131076873817 0.9461939953048824
2894.4063230218935 0.8828638886664689
2356.831177328289 0.9158189283557182
2688.7857016471853 0.8602575158595298
3457.4837747950905 1.081258050723945
3556.5294762918275 0.8206423764891342
3360.0088073557167 1.1922626999512733
2777.8169405953777 1.1877342232117958
2199.9436530986454 1.1125695254295567
2551.816912385175 1.1533457737540767
2183.078076339614 0.9449334837505106
3071.329575988746 1.0987799095910558
3925.7561330550698 1.1356798094161542
3370.2089941685613 1.1663006410938555
2093.214951096335 0.9139392432432457
3744.6644433254814 1.1840209714124927
3076.4637569829342 0.9540033883384198
3248.0540960762883 0.8403284078638011
2269.139786316603 0.9258843356875905
2449.2092730824043 0.878205276839879
2076.212929134479 1.1903430553620549
2470.4055759539365 1.1750380898986854
2783.4346827898 0.9358900298070594
3615.940694497075 0.8270228833769238
3315.220682132154 1.077331083005078
2541.699632690798 1.0601035737286744
2461.7153223432506 0.9502843059457092
2814.540764362796 0.8420008700802912
1958.6173096038938 0.8838783425756079
2177.9320268321503 0.8673491485027767
2643.789123055294 1.1952683130216215
3238.421495554773 0.9019663031125553
2045.6377690347942 0.9067633152657183
2894.061207364565 0.9418658937392936
3034.3747702926557 0.9050608310236817
4303.549659131804 1.090137929446342
1885.5971322586506 0.8548363388655527
2530.124385629138 1.0046663376415113
2973.5672036673222 0.842890703608895
3193.2764695580804 0.8166030750444195
3028.484043388722 1.0220450160277286
3259.0719671176093 0.936917638605238
1821.9850372585954 1.0510184972763867
