3 50
0.8551208306470888 120.62769814779804 795 95 99 90 76 97 81 70 97 61 83 62 61 85 77 91 81 83 81 92 95 99 62 69 63 97 91 84 71 93 89 70 84 68 62 82 69 68 99 63 96 86 73 75 69 88 85 90 97 73 61
0.8174626006543764 149.44112077957868 798 72 82 60 61 80 77 63 82 70 86 99 80 72 79 88 87 83 61 85 71 72 79 68 87 95 82 68 92 78 76 64 65 84 75 91 88 69 87 76 62 82 61 71 70 97 65 88 99 65 99
0.809480328629088 150.56938880299705 952 65 72 89 73 68 69 88 80 64 66 62 77 84 94 96 74 97 83 77 81 76 68 68 73 89 85 85 93 93 63 77 62 70 65 68 77 86 81 98 90 98 79 81 82 80 94 98 80 72 68
3227.287062579353 1.1219420863515475
3599.7057073329497 0.8864104256958044
2655.062952914277 1.0264266009199565
2893.85050588739 1.1278021162455305
2673.5001943856946 1.040353028985711
2643.7502506731757 1.08651807425622
4004.290874558058 1.049678085259119
2545.8205511792526 1.1937849898102897
3336.6982954789787 1.1370622492407223
3230.216012350422 0.8032992882593185
4044.986231691189 1.1969979779404945
2583.3630400442976 1.055759375946835
3047.515524359266 0.8128240904847808
2711.9144230493225 1.1636966762664842
3285.711954954356 1.173652183127464
2200.9082756196667 1.1701112438105659
3308.3386267201095 0.8200886114035238
2817.5399601801532 0.8137084427130445
2074.899264948755 0.9802433196320632
3002.5004046138956 0.9276349123814578
3563.434365880414 1.0622395112384542
4491.9810570211985 0.8338741672904819
3471.0020892772363 1.1361808814609684
3434.7282588456633 1.1373439431520274
4047.715130076741 0.9109101325254539
2133.2871288791616 0.9849107482442848
2946.6840770939275 0.8856381903126711
3571.5845174902915 1.188298394722752
3490.375594571676 0.8243736277805345
3847.5339085797505 0.859837271122234
1901.0475594469206 1.140215448988823
3783.54935983867 1.1838736428201928
2517.8481827053765 0.811695711320424
2412.518837586126 0.8048035025254245
1741.585146029414 1.029880279661784
2335.8735941283094 0.9809250124573925
4176.992694889499 0.9935665192943758
2579.9281540768575 1.0151586868247777
3748.108115371818 1.1040087926914781
3184.4193718438755 1.0203368374369288
1068.8164261232062 0.9401265993000305
3969.9244065959256 0.8012617517017153
2158.4913918708658 0.9516949223743374
4201.7206854398455 1.0996154972306957
3510.9956628039604 0.9166443207039986
3070.6976270821738 0.9255613071909827
2753.404621375871 0.8911817897346519
1822.53482701755 1.1754307450004997
3695.7532949183524 0.85863012011364
2400.9962402539186 1.1799569080521695
