3 50
0.8123968240653083 131.40504677169412 638 82 60 68 91 80 91 76 76 95 71 94 88 85 64 75 90 87 89 68 77 75 78 92 99 68 64 82 69 92 81 94 60 88 70 67 77 65 69 82 78 87 65 81 67 67 92 85 75 79 77
0.826963198761583 138.4650368184764 713 99 69 61 89 95 84 72 73 71 81 62 64 73 68 91 68 79 77 83 88 78 81 87 71 92 98 78 85 91 66 82 63 90 80 66 60 76 72 63 79 98 61 87 60 92 64 88 72 62 61
0.8136595787933744 138.76713575467264 888 61 66 76 63 85 65 81 76 70 84 74 84 66 92 95 97 77 84 64 96 67 66 98 60 84 85 60 73 68 99 66 98 66 98 67 64 98 95 94 66 86 89 76 74 81 74 93 92 63 88
4036.7711244521006 1.1072957577661282
2438.07438884679 0.9263556656501232
2982.4634088486023 1.0064506879342723
1878.2509127959272 0.8438894054483681
1539.2551507394694 1.0963468579950952
2006.0143548741312 1.1403906822075038
3149.165343011169 0.9539441143235103
2250.345529063601 0.9695508061585585
2168.142945897659 1.0581274154564948
3312.3871566960997 0.843548426128946
3027.3877794600858 1.1877509151057173
3474.6599012233755 0.809799152252635
2629.322564485229 0.8094291487794071
2496.133637663868 1.1753677870993569
3197.711092104859 1.0356145145530518
3663.618961980572 0.9868478329882926
1780.503185166177 0.9873479716609004
3161.0858606873335 1.0015117392877029
2325.940188818147 0.9382379317029756
2791.024478567934 1.0192554128420448
2416.5369748364565 0.9065504832152146
3602.656062951478 1.1470472845108546
3567.7669184872757 1.184076415328439
2322.752458722969 1.0999683941683003
2172.2805444218393 0.8132634736899356
4378.179311073977 0.8069702350974297
4020.049492912798 0.896841271646238
1606.382439814175 1.1267632884209524
2854.6590031408477 0.9780974946399743
2241.5026594834717 1.1188438566956604
2175.097128832923 0.9975963088874722
3154.9187139200826 1.1589381296256864
2134.475234006451 0.9328743775557717
2541.618489662613 0.8001377687419605
3065.8567416815913 1.1228885358935432
2166.395221547497 0.8358698412845055
2612.9782515130187 0.9722561900127692
3184.297061709131 0.9970711724710275
2177.069666850068 1.032940263990277
2989.3610269141773 1.1227740040420233
1727.8592453466358 0.8398219523999203
3255.7349484277856 0.9455047127177875
2265.613615310038 1.1040664927587678
3101.8124702151645 1.0375489675164826
3090.4389042288094 1.1963061541621922
2216.3982350125343 1.0301715274084546
3532.929332308289 1.1715584604617397
2358.8938732809925 0.8622635970842468
4127.452588181178 0.9357020607073093
1645.63742101158 0.8797622976089283
