3 50
0.814494999969148 171.86255873150554 641 78 71 80 63 92 81 84 89 79 79 63 64 67 83 94 87 76 65 86 71 94 62 67 62 75 66 60 75 77 72 90 69 99 86 71 81 97 67 69 67 91 75 88 81 74 98 60 65 61 74
0.8815979237773529 172.936442019705 732 97 66 67 77 74 97 76 88 92 73 95 90 83 61 61 60 87 72 85 62 75 84 98 95 83 67 71 85 63 89 77 75 66 93 84 82 82 69 91 80 68 63 90 98 69 96 99 64 82 87
0.8934298106825281 144.60091934720117 848 62 93 97 66 96 67 87 83 89 79 93 87 65 98 84 72 83 94 67 86 78 74 85 62 73 97 77 64 88 81 96 91 69 83 63 90 80 86 84 92 85 74 71 98 78 99 72 85 90 96
2512.3306872839853 1.184359856168471
4351.129770918351 1.1700938500920652
2085.226822697254 0.8416320139973679
1745.5086964101995 0.8576348413716498
1956.8447591315337 0.9347770559964044
3544.613774030535 0.8641974892742976
2527.02282069754 0.8983048182889458
1908.9162460222462 1.0061503928428555
3648.425696178959 1.1239927151179012
2122.9743248471214 1.1095165809438359
3061.6619389431903 0.9708710130437325
3934.145260606899 0.8010274839723837
2317.0594389965268 0.9513107247479087
3426.3984114237 1.0029345265742466
2124.7832841086233 0.8110894226012361
2195.294095975486 1.1115307144059847
3427.488211317294 0.9215580630478053
2372.0724569134563 0.9369260210159647
2278.2087957189815 1.048172436311819
2083.5067558180126 1.0439785687678182
2803.383921162089 0.8037643507442847
2801.5801415704213 1.0449625436700474
3158.0237102840224 1.105820715389518
1503.4916173716565 0.8106056068870626
3228.966190354436 0.9958230920870967
2291.50792754757 1.1450909910743643
2422.468137850246 0.9505974165209768
3100.329998566456 1.1511396520085821
1744.927419351666 0.8179949388828038
2099.8823541372903 0.8755256258030705
2322.618552558768 0.8323273487646801
3942.588944443697 0.8894669521899763
2610.587823575927 1.1069301649683674
3118.2951374516488 0.8983742133188761
2377.3587509210247 0.9555004811169571
3103.0626022839406 1.1587484483621606
2632.523889536944 0.9401917174739812
2323.1481595801365 1.013195985304777
3118.259830831398 0.9921088818205657
2403.819776254148 0.8877849642212521
2627.042964380793 1.1573175322977045
2263.7366371049084 1.1066759995280928
3456.8792659777846 0.9631311691125417
3374.329634871355 1.1753682578837004
1626.9770933935094 1.0188275235936806
3848.411450361859 0.9806738498789036
1699.135939176643 0.8440505696979065
2995.2717577471058 0.9927858656865056
3592.837640024843 1.0269683271848353
4765.323915292402 0.8319026894138828
