3 50
0.8347378186160422 131.1794704270491 635 99 64 93 88 62 79 64 79 81 68 92 85 62 95 68 92 82 79 97 62 77 95 80 83 88 74 68 69 62 87 99 69 87 98 61 75 82 98 83 94 89 81 95 97 88 79 96 68 95 94
0.8683942598399622 170.3055379116399 750 86 94 61 75 86 96 73 63 99 90 84 92 72 98 60 75 77 68 63 78 92 75 97 69 99 95 70 93 61 93 80 63 73 98 70 98 73 82 68 78 78 86 98 64 65 72 97 67 88 90
0.8371965215095399 167.11076914786366 906 79 95 69 86 81 63 94 87 62 95 88 80 96 89 96 66 73 68 60 68 70 99 91 66 73 75 66 96 96 82 90 70 75 81 89 95 71 78 62 95 73 78 84 60 61 74 74 71 99 91
3185.45546756664 1.0050028828839577
1988.326539628088 0.8817220610774291
2632.9192894105613 1.1843731003033704
1315.7496906191343 1.1819975535365348
1840.1473887645207 1.0725977706852732
3004.459478077993 0.9078993999758946
2808.772709845828 0.9823094191814747
3169.2501446431706 1.1703984481172016
3165.2530786188245 0.8684800440159646
1407.9455665926926 0.9151332531218649
2449.3631379810226 1.1730542574291654
1352.8428300397393 0.8516670020265602
3100.621789161776 0.8583354160399793
2700.0830104230276 0.8339338417679252
1751.1706312968995 0.9208291721244257
3200.074956403017 1.075189015167452
3209.781898561446 1.0754821781828523
2622.5082894918914 0.8287563493330855
4024.447184048644 1.190194832654358
2739.3916196773293 0.970778907098435
3655.982466085485 0.9009260252582708
5111.781276392637 0.9462789189587981
2590.6851994335566 1.085550850770673
3548.602260703732 1.0111561900189305
3689.2204316739953 0.8782017855562325
3200.1799371865995 0.9875773703753928
4009.4845717770468 0.854260440952515
3755.3976122203676 0.9646047505960058
2484.343737009968 0.9226561529601716
2384.6118204441186 1.0460129304022756
1702.8131970189506 0.8251411318946652
2735.538178192189 1.100780580520586
2692.366092031705 1.1091461963830938
3879.513106240658 0.850242206291035
2878.470025224795 0.803855612916176
2372.4151861590462 0.8444102394875836
2064.617265960826 0.9327826926690364
3637.7791403104834 0.9991570479609234
2462.8010550288454 1.0264055768348506
1200.9539919721974 1.1640839105583658
2265.7813213482964 0.9154400276759629
4294.396501129529 1.1067529064125936
3648.6339138392495 0.934124792437845
3865.5097922502714 1.1546892808575713
2866.687154368452 0.8578877507828531
1629.0898781701285 1.1432316004760896
2048.6426799355295 1.0189694850882702
2697.879596918417 1.1728514866473567
1978.0290262963367 0.8368581127887654
2450.726571802983 1.076471963861128
