3 50
0.8427540251602671 127.0834639659378 549 74 83 69 99 81 70 67 66 83 89 65 67 82 86 77 77 65 86 80 80 87 73 61 62 68 92 96 60 82 77 67 66 82 89 74 90 79 72 97 72 60 77 68 71 96 67 84 64 81 94
0.8772247809615765 155.97837832730252 723 95 68 88 63 84 87 72 90 95 62 71 93 82 85 96 92 84 99 85 70 63 65 64 76 80 96 64 74 74 87 99 62 63 94 87 69 79 80 70 68 98 85 96 93 90 82 70 73 73 91
0.8914323943402628 173.19472020216185 955 97 92 94 96 88 74 96 63 90 98 72 99 94 73 67 92 71 68 69 96 70 75 84 89 66 68 71 67 82 79 83 78 74 65 72 94 83 79 62 90 90 97 79 60 76 62 87 76 72 99
2123.50285185456 1.1350026140239882
3726.9307792399263 1.0386307099971646
2128.2534174351445 0.8633595400682662
2423.4194413814153 0.9696762220225492
2995.8418724128883 0.9016316988125016
1903.567322097491 0.982380766698338
3729.1006387188854 1.0122485382062314
3585.485732080707 1.1523734058526036
2769.9389350444694 0.9132824027747328
3256.441940679306 1.082121058779126
662.3140464767794 1.1778060392191247
2941.1093704188766 1.1384743140603637
3790.488666053524 1.1070513062245022
2983.2949714657666 0.8158007791889733
2271.360358093305 1.029474598345247
2191.3402270342026 1.1057103963727077
2567.6236211119763 1.0098840766003425
1691.4711448288924 1.1137077654904879
3051.4255772158385 0.9967012400681708
3672.2095868295864 1.0057103021517497
3436.77432165072 0.8291039732664527
3529.548607495276 0.8769225590909966
1784.455099398892 0.8343279242830103
2720.7799298943482 0.9182114597483142
2838.9092797877274 0.853739089106977
3088.0984446354482 1.01651050847549
2937.601458479706 0.9047944775646035
2459.9542057465987 0.9102717930774596
3052.9704050545765 1.02060199990631
4239.818834363028 0.925122810106526
2410.147880465326 0.9288262458135849
1634.189683108363 0.9547398144017867
2873.1574313700185 0.8254853308289687
3646.336069955588 1.1907891095059395
2616.5313018858833 0.8393532136481869
1942.487161262856 0.8115709866413348
2846.529408874293 1.0203267972485088
2215.6593920707223 1.0865319741414043
3424.485178161198 1.0711724632419994
2979.3510966933045 1.0389342379680553
2297.790654691714 1.0847786337870176
1641.2164777325402 0.8710410223743004
4045.851695799135 0.8173334899179305
3235.7374084375283 0.8114819881993365
2772.13571597939 0.8601162954399677
3380.477255340598 0.8176640183812275
2559.4106014101217 1.1582745816412288
2339.4270418022465 0.8111525287448297
2820.7920598682617 0.953070568413137
4229.810331456487 0.9244872826082078
