6 50
0.8791893222045823 160.5151752765507 543 89 83 64 78 73 79 76 91 67 61 74 93 90 73 74 82 91 99 65 97 61 73 88 90 60 70 84 76 96 64 85 78 78 70 63 78 85 97 83 70 72 90 79 62 87 74 85 90 99 83
0.8287912270451276 175.65975269300299 721 104 116 109 116 118 130 102 118 113 120 126 132 117 102 132 116 113 137 124 134 136 131 106 125 122 115 107 123 108 103 120 104 112 104 108 124 124 112 101 109 118 115 101 128 128 100 102 112 102 122
0.8551043197970691 159.30872588596534 803 112 111 115 124 127 104 102 137 126 128 126 135 119 126 102 125 136 129 106 115 111 113 108 104 101 100 100 137 103 122 111 139 115 107 104 120 103 126 123 115 100 108 106 136 111 138 116 114 126 117
0.8695608439707625 166.47701209428632 874 120 121 103 119 136 109 131 136 100 109 100 135 101 109 122 117 124 115 125 110 122 108 109 107 111 121 112 116 121 110 110 108 137 108 101 123 109 115 120 123 110 108 130 137 106 117 119 125 104 105
0.8877080953267189 174.5296493192605 979 89 84 81 87 84 67 99 92 94 97 68 81 62 99 63 92 75 91 95 82 96 70 96 75 95 73 84 82 87 71 98 80 98 84 80 71 89 92 66 68 60 97 78 66 70 72 70 62 92 66
0.8691817221451744 152.6786501934494 993 83 86 85 84 75 86 88 90 63 78 98 71 68 66 71 95 78 96 70 65 92 82 72 73 86 68 86 94 74 76 72 92 80 84 61 87 63 74 91 62 67 63 75 82 87 94 88 71 71 97
3956.342657026741 1.1834578868541898
6734.720957816893 0.8843299502162533
3452.999933411098 1.054775830452612
2914.437756066862 1.0920332496077398
3315.9567724005346 0.8722445454510916
5702.124753388965 0.8602984320900083
5014.481077841201 1.0000911141767999
5333.682450396672 0.9821977197432084
3414.569041838643 1.1850888979647123
2898.5534808704365 1.0287543710342066
6370.075005506527 1.126650652268641
4446.178370501021 1.0124658217661406
5403.7728644570325 0.9022466302084364
1901.0894898929337 0.9236923420019166
2413.7488400796965 1.075289047137209
6562.727238287409 0.83866170648471
4144.666736224005 1.172246739944138
2471.839579763553 1.0231017294311167
6721.894260622403 1.0284876341620492
3216.829592666572 0.960541327148958
4732.358927653012 0.8976566627587433
4296.49776459315 0.9615412950272253
4479.759889576641 0.954006988420892
3402.5385819724925 0.9631786929750034
4401.92463520314 1.1265986505847359
3988.152629286382 0.9210729422921058
5913.200500994927 0.8390189071629598
6071.118377435763 1.1899065189265987
3427.5360248133015 1.1832488753846497
4768.566111870708 0.9914475310861339
4952.285469829658 1.0684466633800378
4041.5865277093217 0.9823660657947788
3044.564039476879 0.8695737207378436
5872.373171401976 0.8190388794945644
4105.059105297991 1.1406947004937313
2801.9833712877426 1.0241317782344344
4961.061434583209 1.1584427529683845
4054.853968405736 1.1831588188130442
4447.728158155845 0.8019607590206195
6235.005021663097 0.9367291865552313
5836.062742909916 1.198516708520235
3422.5673869338716 0.988901326704159
3862.8863955833576 1.1375970667088726
2434.911512226523 0.9413063973163778
3164.610592448593 0.9346060609478082
4850.522389921203 1.1501687759967043
4070.3899174240987 1.1192951889796
3384.6887566135647 0.9886382302695823
5700.176738220043 0.9883960476677063
5567.572242857612 0.89146961070456
