6 50
0.8899124711303765 152.01891206169597 591 103 117 108 126 107 121 136 103 118 103 107 130 133 104 125 113 106 109 110 139 105 104 132 100 102 107 139 105 126 108 109 122 103 139 131 122 133 108 109 128 108 131 137 134 123 106 104 130 112 121
0.8010144569467703 169.28394739892616 595 106 106 133 120 104 105 119 125 123 126 117 116 100 115 124 109 138 110 115 135 132 119 107 120 133 128 136 100 107 115 121 100 129 110 135 137 119 114 110 116 108 127 125 100 130 128 138 130 114 130
0.8860858812484577 153.42062424026884 628 69 63 84 74 72 81 74 69 65 61 98 72 87 67 60 78 91 84 63 93 60 65 91 95 88 93 92 65 90 84 88 90 91 64 84 86 93 74 70 61 61 68 83 79 89 85 76 83 92 65
0.8762368495025403 142.2359413649797 842 99 87 96 77 79 63 96 79 83 78 90 80 94 86 82 72 84 79 69 70 61 87 71 62 79 62 97 97 89 70 73 70 80 84 85 76 77 85 79 81 93 65 60 68 81 76 85 86 65 81
0.8458075922347157 168.46074500025878 858 103 102 120 116 127 102 137 108 115 116 136 117 129 110 138 121 122 121 114 132 105 100 103 110 132 138 126 115 128 126 100 121 106 110 136 128 138 107 100 107 115 100 102 127 122 115 136 138 106 124
0.8206463323011418 168.0357690693117 904 72 73 66 92 98 60 93 91 90 83 64 80 98 79 61 66 80 91 67 83 76 85 96 82 61 69 83 95 69 90 97 76 63 60 68 97 61 63 62 97 83 94 67 97 77 69 94 83 95 87
2188.9787545095423 1.1060852992409582
5375.5883414482405 1.1737665315512449
4178.885542395853 0.8440745268729644
4245.006159287892 0.8660465402728612
2853.3622941613976 0.9191026767231221
3295.2897606929755 1.0325418685093861
4748.800371787226 1.1632572476961736
2727.6359302040973 1.1124131188342834
5357.130084863051 0.9804002252010765
2476.202880391278 0.9837762695296297
4762.7881566087 1.0002548475239788
5491.732209039139 1.0075985154936604
5835.04654721531 1.1033265284305214
2568.0093646146697 0.8035641331251764
3149.6411618560323 0.9761968875247372
4042.5823079926695 1.0811579897703023
3315.9653679207886 0.9692669801555256
2623.8731196793574 1.0135166945462182
6042.41457322665 1.0491139543388657
4616.740040584863 0.9352404694656087
4623.33053909843 0.82526944407349
6219.7366614412085 0.9141810461659934
5388.312646393209 1.0562948368479197
4689.319027782449 0.8841618779068153
3401.0243367220064 1.0897867313211964
3653.8575648037568 1.0081736976747164
3533.4295989336947 1.0419145484084704
4205.324472506001 1.1628300553023965
2983.914652694617 1.1087094948763112
5844.659190022398 0.8919758429751014
3601.5844913508204 1.0783583215036978
4150.314795587986 1.0607929701766878
5056.60025166575 1.1627009496105876
6142.275549780394 1.166882287955139
3885.2881643568103 0.9068991990498432
4493.970869082386 0.8543348494267109
4447.0817971528195 0.98402507808396
2736.5349050167943 1.0288528725586918
4070.391117814155 1.1774014528086227
5245.1129977788505 0.9213646223989225
2953.585682682993 0.9643748527540108
4204.33176020491 1.0659484249566762
3145.7908503259387 1.1679548622896154
4285.823146015619 0.8192076265263035
2617.3958139297856 0.8540989947317478
6829.151964696224 1.1657556389846586
4259.522313384079 0.8833230794161324
4214.478339892252 1.0341109617142563
3174.2814659933156 1.1471384906150917
6165.140787764433 1.0678827284904817
