6 50
0.8786241818676606 141.45426845574198 501 79 68 64 77 65 60 62 75 63 98 69 86 89 66 84 64 90 64 69 72 77 74 99 72 91 79 77 77 93 87 79 85 77 83 83 83 60 93 99 96 61 68 74 98 89 85 76 71 84 78
0.8397293945164963 130.72594031374942 514 91 83 92 75 61 94 97 68 75 80 93 73 69 80 90 82 88 69 85 88 65 75 65 92 96 91 89 79 61 90 70 63 99 99 98 79 71 74 77 65 78 98 86 75 77 81 61 96 88 89
0.8874029602665937 147.6490627906041 593 134 134 127 102 132 131 138 101 127 115 120 119 103 119 122 129 123 113 114 123 118 113 135 106 130 107 116 117 113 139 134 105 108 100 114 133 100 116 113 120 136 135 106 103 132 118 111 137 107 109
0.8983198072657466 158.35849762673504 686 117 126 117 127 110 137 104 119 121 111 127 106 135 115 111 126 125 123 101 130 102 120 104 117 131 123 134 137 115 134 105 101 111 132 126 101 112 126 109 103 137 133 104 119 130 100 100 107 138 137
0.8470194675984157 125.79235125895832 813 107 132 101 110 129 120 120 135 104 134 119 121 101 134 135 129 100 102 104 102 129 137 126 123 127 139 107 116 127 124 102 132 115 118 124 103 100 102 108 124 137 113 114 102 112 138 119 110 129 113
0.811978808107655 169.30621244122725 859 92 91 75 93 67 91 82 77 95 95 68 93 84 84 75 91 81 64 94 84 73 62 81 64 99 75 62 79 71 83 96 65 91 66 96 63 97 82 63 74 82 96 99 84 94 77 64 90 89 89
3697.4447493073367 0.8855204079113418
3882.418605019321 0.8682093135354104
4682.387945124344 0.8548577789204077
2937.266244342077 1.0210442131687991
4072.727815656133 0.9057868222661991
4877.260420977628 0.9732777226398994
4825.239823890751 0.8342962425158713
2917.9753032483477 1.0599562348991884
3826.8396636947073 0.927119112749063
3975.6817513747674 1.126111091346052
4612.38819473195 1.1420926743457112
3216.8825583417893 0.8039925371616594
2741.2988395519933 1.0988818261850528
3679.19599874839 0.8488647102813512
3496.6978442535847 1.0967791070788433
4592.991699871307 0.9237136539190468
2009.0964756865424 1.088434992282698
3111.003907342337 0.8447677337541055
2518.0211609380376 0.8910786326290452
4022.412120339237 0.9884815115156462
4436.377706032945 0.8922767150289633
5778.148304857896 0.991257684510992
4905.490442868644 0.8956511938283787
3235.853870247003 1.0718427863140645
5221.865637629592 0.8184921796247201
4765.8792615987495 1.0494086905420286
4367.225234580645 0.9135149780820843
3310.212451705891 0.906952220550382
4675.515437975886 0.8675973484081461
4279.876498351691 1.134564309791955
5149.5330217307755 0.8804881153208792
2622.2457351562384 1.170156257218088
3328.3713866754692 0.8707190321244322
3666.5636054609613 1.1572490309408412
3120.6622117740626 1.0107204866753872
4560.459642709994 1.0912364567547985
2005.908242112669 1.0073104447042633
5179.84502911337 0.8872736473131597
3811.386312595536 0.9198391707738733
3632.542740999863 0.8402249394767068
3681.8347565015156 1.0836830360345924
5086.541726086696 0.9198163796664194
4875.309195793419 1.066252921961659
3927.2371675084114 0.8330967758012858
6022.595182994938 0.8548231063061228
3841.3082762272884 0.8404066324332364
3481.5572021554426 0.904190978455535
3974.763402789611 1.1091227386051083
3702.510365869749 0.8458792534791029
4233.912924522573 0.9327625826503698
