6 50
0.8078027632733805 155.40545615452197 600 128 129 128 110 101 127 138 116 118 118 106 110 110 110 106 106 105 102 135 124 111 133 123 119 102 107 106 128 134 122 122 137 131 134 102 112 129 103 108 103 126 106 107 106 107 111 111 121 135 129
0.8016846316655146 137.33371054542232 636 132 113 100 116 116 135 118 108 135 131 119 127 112 130 116 138 122 120 125 129 112 100 104 105 137 110 104 124 113 105 138 105 123 120 126 104 100 119 133 134 100 109 110 120 109 138 100 103 120 114
0.8209092303775116 152.52757082512773 650 83 69 96 91 77 63 91 80 79 71 85 86 66 81 90 63 84 87 62 99 60 74 85 93 60 97 68 69 92 64 78 87 78 65 71 99 67 99 78 87 73 60 99 63 99 97 71 71 79 80
0.8382682267325223 139.44313968258146 659 139 139 129 113 124 108 126 131 105 100 128 124 138 127 134 136 112 113 134 102 120 134 133 135 113 108 132 110 134 105 101 137 112 121 116 135 104 126 121 130 134 108 105 125 126 126 128 103 118 100
0.8604994419615989 147.425896372866 714 80 67 70 90 87 71 60 86 65 62 95 67 69 96 90 97 94 89 99 77 65 75 77 82 96 69 92 98 92 72 97 80 73 64 68 72 81 90 99 66 93 70 75 84 71 71 74 87 64 98
0.8195637808974957 126.51036494421653 952 81 80 77 70 60 83 68 78 85 86 75 74 86 82 70 84 75 73 97 96 81 90 78 90 80 69 72 98 82 76 70 71 77 87 84 97 61 62 85 77 67 93 70 75 96 97 87 75 75 64
3607.6849301280395 0.8842420754742264
4306.304591990826 1.0010091115713662
2656.9125910295224 0.9085295378500238
4641.426468476917 0.8397818413559714
4969.822427510047 0.9107462063512105
5584.483617802787 1.0983346130371288
4825.028436837075 1.0124446738812296
4321.761035181397 0.8490918218379595
3814.59881175363 1.018903184805686
4340.892665475811 0.9978830636197418
4001.655591956931 1.1144079136276583
3555.216221433152 0.9803923828264379
5979.118738170758 1.0295810942403854
3410.5364143494003 1.1430789698900994
3470.6436544587873 0.8044471682699531
4373.474943723646 1.1210081289947713
3685.662228953491 1.1423965255647186
4915.079988252122 1.081468327370766
4911.985552897566 1.1452643065785768
4205.270262701737 1.1383773084489872
2770.389358917484 1.0519778462835772
3382.7734738530485 1.0607378843772415
4425.728685655319 0.9692973596671758
4441.67474597719 1.16737725256872
6362.366851639132 0.882301383506313
3420.1926595892055 0.9741766604684086
2923.9431095706677 1.091197999639429
2759.666808628742 0.9256772715817314
3812.0471261206694 0.9737165392934675
6324.500071430742 1.0741169747229597
3375.18944409037 0.8126877292622906
5423.211955191225 1.048745091588486
3808.0397737451412 1.1136594452743105
4278.549987297228 1.095624590423243
6498.842901269495 0.8993031460187738
5878.329153393497 0.9914832140676741
4715.109937515402 0.9972842789532445
2348.9849711019847 1.0081024909170568
4529.675984662008 1.0021997025953515
4223.307881833125 1.1413120061593058
6874.475959022853 0.9997466565284633
4231.158200460917 1.0491974723536162
4224.62315830813 1.1313682599137205
4826.242014514294 0.8149672563764736
4676.324806779404 0.849769836993846
5228.726609951449 0.9029437365316366
3566.994428698021 0.868499208339764
5259.827303905548 1.1809993870535116
6100.801646814637 1.1084216132991291
4099.415334082594 0.9088682421990674
