6 50
0.8441392197518731 124.75151877016873 543 134 124 129 131 134 125 126 125 109 109 110 122 124 106 120 130 133 125 131 106 106 102 138 117 103 138 106 129 123 135 124 110 125 122 134 109 138 114 138 139 125 138 137 130 136 100 108 131 136 101
0.8031709431998987 156.40050743851418 623 138 119 108 100 118 114 110 107 114 131 110 107 111 109 125 100 123 101 121 111 100 127 130 129 110 136 114 110 108 134 110 115 103 124 104 106 139 128 131 121 139 136 123 125 101 131 104 113 113 139
0.8726100620215568 137.8698717000947 653 136 119 139 131 120 125 127 102 114 129 139 110 113 109 100 123 124 135 129 127 130 134 111 108 106 103 109 139 128 100 124 105 132 121 114 131 114 137 122 120 139 129 125 104 113 133 116 135 120 126
0.8636236889764511 178.1258047372852 745 82 99 84 77 94 85 73 94 63 60 86 95 74 73 72 70 61 95 87 65 70 72 88 89 82 93 95 76 99 60 66 63 68 90 78 74 82 96 63 65 72 69 65 91 80 64 90 62 60 99
0.864171904511082 158.70823394730854 749 68 71 69 73 66 82 86 91 77 65 62 61 90 63 63 93 74 92 74 73 86 94 98 90 65 88 72 60 74 64 64 76 73 96 74 71 81 80 91 84 69 74 66 69 62 86 73 72 94 82
0.8550865231236845 152.3733565783927 918 95 67 90 98 61 86 77 98 80 84 63 82 60 75 79 90 94 70 61 89 89 94 96 94 70 80 82 67 67 75 86 99 95 78 95 86 66 72 79 67 72 85 72 93 82 98 87 63 94 97
5771.021388216786 1.157392443297018
3820.5083199029923 1.1691064807090887
5386.901394715528 0.832249237833596
4882.817607736808 0.8536214822680445
6104.377945206872 1.1735988497136414
3418.924598544444 1.1043542381497051
3382.6243713264726 1.1700663187677294
5000.681929914689 0.8446566199252177
4545.741500879508 1.077108453243538
4907.2529110556725 0.9836189494054608
6952.844997640502 1.0781211900796859
5261.264136982399 0.8655151966603144
5731.8629742986905 1.0216520204100334
3758.793593598549 0.8546826863594332
5891.658599183539 1.1178747234803192
6500.416697443558 0.8752150137727472
5136.912691856098 0.958734955141772
4921.989861879272 1.1460267436584912
3262.031711223166 1.1728898146569091
4293.2915194357665 0.8435536940324244
3137.108114437122 1.105260968836621
3475.47148183667 1.0417506418776719
3992.6054431834295 1.0655173047782993
4049.944292726827 1.0570915584362548
3383.7725680732547 0.9353356898930336
4131.23687358386 1.0893814270949767
4477.7373307704065 1.1889378083347937
5761.7598110951185 1.1765214121338907
4949.519595822247 1.1123247822093385
3128.737805294824 0.8268488928612657
4682.8639442708045 1.1165122127708753
4449.545107532286 1.075252349474165
5833.486015252836 1.0380216200799437
5076.94878615579 1.073557408883081
3876.5905249721145 1.1882742314685715
5552.430382480932 0.8396572251222316
3487.667310038004 0.9749445341548009
4721.79080447943 1.020362677125744
5461.96182083388 0.89656573356609
3543.851620855594 1.1501530947820149
4405.322192484953 0.8817820090127704
5687.936353666209 1.0675633021281568
3997.2948121861286 1.0828076473355814
5129.230950218136 1.1543728929163393
4566.0279251092825 1.1194471815100773
2832.9397633142717 0.9724093394407365
5111.145378712967 1.1224896017030987
5972.589470178992 0.8852050370038177
5350.981298603921 0.9996067526575002
5972.217017600395 1.0791731688986792
