6 50
0.8701717818466896 145.11992876102877 639 97 98 99 78 97 67 60 63 99 84 64 99 85 91 73 86 86 62 85 68 89 61 93 90 85 74 74 61 89 94 94 63 84 63 77 74 73 70 65 82 95 67 79 86 99 77 99 86 80 66
0.8964181351586336 152.84973108072424 648 68 69 71 66 87 99 79 77 91 83 71 81 92 88 89 85 71 62 62 65 65 92 88 89 71 68 89 95 92 96 80 84 65 70 85 81 65 91 65 77 78 68 62 96 61 62 65 84 97 81
0.8654256356935642 123.5390251155383 659 63 90 93 91 83 84 94 68 79 78 94 79 61 88 85 83 82 76 62 71 94 68 91 92 72 89 68 90 95 81 80 61 70 83 88 87 86 69 71 72 93 71 81 97 80 82 96 83 73 70
0.8087687273712623 172.2707536029383 752 128 116 135 124 138 100 131 106 106 105 103 114 128 125 107 114 121 130 133 118 111 110 114 124 128 100 125 108 103 137 108 117 117 114 125 123 108 116 133 121 130 119 104 130 103 125 115 137 126 138
0.8741263522495942 170.3061833308818 847 135 102 114 125 128 135 128 107 138 109 123 122 125 106 132 127 136 106 130 121 132 136 100 105 116 116 115 109 123 117 133 115 132 113 126 114 118 128 137 108 135 110 100 114 126 121 104 122 130 104
0.8875992034943616 173.99851149998534 880 133 131 119 119 107 104 135 130 123 114 121 116 113 110 125 114 128 128 128 104 125 126 138 120 132 106 118 130 126 127 132 103 131 119 139 131 101 108 109 109 126 116 126 134 138 123 105 130 110 116
2289.2420236409857 1.1023981114867367
4749.799934867014 1.167567904782224
3250.694267681331 0.9560239006124587
5498.613350038172 1.0568488000272938
3204.5207715808697 1.1084040446489585
3671.5340567434523 1.0185533740739243
5324.008058977153 1.0235136763639014
4794.250014993719 1.030608099553951
3657.791514808051 1.0842980308646222
4030.190995073703 1.1698438023356958
1368.2999331180745 1.0954675741718634
3110.411013228037 0.8627374630389878
4570.029561150264 1.0052244922030167
3330.261208910349 0.8610637911375288
4987.392593986642 0.936185877466836
3101.7854513185644 0.8178917765963442
1985.6948123019058 0.818579964336071
3253.604274335403 1.0338965470945605
5112.9713900892475 1.0809351281625554
3491.357799402111 0.9252737079578849
4973.310562479804 0.883731868864775
3618.132568835991 0.8524152453951741
3072.675691164262 1.0820032178796029
4205.212099638779 1.0724397351261454
3851.968747864268 1.1551368769669188
3222.8391551431137 1.1755135104462122
4631.825684712881 0.8989250535475227
3270.053265855552 0.9089676448173379
3212.40802651644 1.1061602916213986
4026.255862346313 1.161104653163124
4182.404614134443 0.9362990202700127
2938.1116627620013 1.1431228746905746
2553.3435512671904 1.106937193556745
4195.228409001741 1.121209426620086
4064.4585161508153 0.95364621491491
2947.2563085784905 1.1009668210615369
5457.501488051129 1.1769453482651002
4419.02581463039 0.9250173878225376
4451.346615494437 1.1639326556411298
3427.809664899826 1.1584251957477834
3138.358208493823 0.8069316770112651
4366.273500521687 0.8289988552192196
3125.113209953619 0.8835336614012707
2950.488162712921 0.8511232391137434
3212.6245235631372 1.0131917250648907
4329.729641460603 0.8234099852697143
2497.5739507451385 0.8552275855280016
4038.60579885936 0.8409466384296503
3941.962554625193 1.1500552799960704
3472.754344227451 1.1687023782156774
