6 50
0.8167261016606352 124.86591547536544 508 129 132 136 127 128 129 108 105 116 112 128 120 128 103 126 130 108 101 132 123 114 138 113 127 120 102 125 106 113 106 132 127 120 116 104 128 111 105 127 133 101 137 135 121 101 126 111 102 108 109
0.8221154549130939 120.79386610364877 572 69 86 93 85 97 92 90 90 75 77 80 64 97 75 77 82 81 63 69 80 89 82 69 99 69 94 77 94 68 89 80 89 99 67 62 62 83 92 67 77 62 63 95 83 90 92 98 72 86 76
0.8588513390844721 174.73124078257703 699 101 101 137 109 122 116 101 136 122 126 136 134 131 111 102 131 123 114 120 122 129 122 112 112 104 107 131 132 109 102 112 113 124 119 119 103 124 124 113 101 132 104 103 101 129 131 133 138 139 135
0.8847739939176128 142.26634774356302 731 98 72 61 61 86 61 96 99 64 99 78 60 65 70 60 80 72 97 96 66 81 61 86 99 83 64 71 67 90 91 98 66 78 60 92 85 87 81 82 60 80 95 97 70 72 68 64 84 89 71
0.8772175902196598 122.66346256446843 774 61 76 92 60 90 64 66 71 61 74 76 93 64 73 71 74 84 93 81 60 93 71 80 73 87 97 65 61 75 69 60 60 93 85 90 73 99 94 93 67 79 84 78 78 83 70 66 84 78 71
0.8057899584055023 135.4900936634557 862 102 106 117 106 113 137 135 102 117 137 119 126 120 124 132 135 137 110 107 138 104 102 137 107 135 112 137 106 112 121 101 138 100 118 135 117 138 121 102 133 130 100 132 127 130 108 105 108 118 130
5188.4345779413325 0.883063873848749
5631.507046803654 0.8995142303189603
5314.554477842255 1.1583651228315703
3602.1131369629056 0.8319334608951771
6281.93887538763 1.0346306851964218
4090.8027567734944 1.1257337056426389
4828.480839886245 0.9257404734463432
3251.704577430097 0.8877556769732352
3532.329477987811 0.9217181361728359
4105.604926301463 0.9794380328695835
4360.242504612544 0.9133324989873336
5237.604529904461 0.9176181589338194
2976.7148304422835 1.1847857361517962
4617.042778789313 0.9852941489386879
5042.071172288685 1.1059704143369817
4596.860815406238 1.1458250328362618
7503.001477927069 0.8439062356117567
4783.089656270497 1.0803358663126057
4510.393574458202 0.9621910957493955
3672.0016802408704 1.1743854636945494
5422.199375069666 0.9717071888076905
4467.835405405551 0.8407982473120447
4921.918261390938 1.1327400128431873
3685.1023862397565 0.8467071504808136
5459.569913624591 1.1185420203564016
2287.843882079125 0.862115682409336
3039.3145100237107 0.9565752048878843
3527.582328730936 0.9880174682865035
3648.1789675031077 1.0208101999314874
5503.676579422704 1.0922503255309497
3750.1870826959985 1.187751235422115
5988.1450400343365 1.0119156494461732
4809.662319528281 0.8204070602830489
3961.1203330839116 1.1235052947974005
6373.282167701412 0.9475790792301001
4696.998217906174 1.173043949904742
5136.033041498106 0.9938639015684547
4784.892491422357 1.1679874876909937
5422.835182389788 1.011773103887576
5946.052618869717 0.9011388847794445
3381.3311513980316 1.1693320181847107
5327.169133179266 1.0177196513465967
4905.588668938879 1.1704715474458822
3944.0683566232697 1.1748164649380182
5209.588913644173 1.0731461529259911
6538.671631391111 1.0102665845905865
5060.707219785883 1.1790669764931927
5669.005644489825 1.1446113480427496
2759.99950554151 0.8884160883052606
4513.3125648221485 0.9022191292263565
