6 50
0.8181578903358082 158.132203327378 532 107 106 137 119 124 128 127 136 118 118 123 123 136 134 107 130 138 102 121 106 116 110 115 128 132 117 131 130 115 133 125 121 110 103 134 101 101 109 111 131 119 100 103 133 134 128 117 106 110 139
0.8500594288126552 132.33570395065843 621 130 109 119 102 124 122 114 136 129 123 105 123 135 126 138 111 103 129 102 108 127 108 129 112 131 108 124 103 107 123 117 124 136 112 102 136 137 114 111 115 135 103 117 135 122 135 119 135 124 109
0.8834254670561517 132.32959295196417 633 61 62 86 64 80 88 90 88 90 77 60 90 87 98 98 90 70 81 81 65 72 79 83 90 81 83 79 71 89 82 96 95 69 80 83 76 93 78 94 86 76 63 79 66 71 89 64 85 91 89
0.8172458248395673 131.11608746591236 821 66 71 69 69 99 66 95 89 79 92 90 79 97 85 60 60 71 76 97 84 81 70 67 78 98 62 74 80 72 79 98 60 72 67 99 73 93 91 98 90 94 85 73 73 98 89 73 98 79 90
0.8650295218582581 140.90951308925267 930 83 66 67 79 80 96 97 85 63 73 97 75 98 66 66 86 73 74 65 77 98 72 66 69 74 85 99 62 98 93 66 77 90 70 93 62 98 61 94 91 69 92 71 71 72 93 61 82 97 84
0.8037326548687187 142.53630860432025 959 136 102 132 125 129 127 125 112 104 109 129 138 131 103 103 133 136 101 111 126 112 133 138 135 139 110 120 121 100 110 135 132 105 133 123 132 121 106 121 107 139 105 114 109 111 107 131 116 115 126
4481.6869221113675 0.8251283198753556
4879.348860004797 0.8626222633032559
4095.0810456788045 0.8418467069056329
3360.3224409381437 0.933796321284981
2592.0744586427177 0.8882565607677932
4497.690128557839 0.9645007263630583
3966.5083084067373 0.8346609494259726
4698.209876483445 1.0505721969296293
4793.676843419881 0.99592864865093
4527.329507587737 1.044201584749353
4398.199395643603 1.0817230486268874
4390.769381756474 1.1883062109311386
4758.480623346311 0.8576716697922493
4382.0131397866435 0.9853346436477868
4822.078424133799 1.0290817831467485
6291.247771089411 0.8244147418129779
3320.5660928351117 1.091970546587473
2413.714271858654 0.8726003579792039
6231.476405168813 0.9953713824765601
4485.0909311956 0.9588615336539176
4149.775273271625 1.1129743742562725
4286.289791476635 0.9851417265808682
3012.8650568489693 1.0146551104431856
5397.068821796427 1.1929291274766292
4860.202257877387 1.0425332404632677
4865.4129872338945 1.0485865528348493
5644.364133758211 1.0405460173191654
3981.20166278848 1.0596885838444057
4907.205780720404 0.9167922970980886
3696.3173965686037 1.0171847759177752
4855.86013332668 0.9756604116619302
5402.602386499401 0.9686077247099452
5405.440387390384 1.058060699107667
4595.091226306185 1.1023777645181585
2773.178933467386 1.1739240719163178
4923.302488989162 1.091942876005781
5085.575724231621 0.9629914662560927
4822.980462174415 1.0405640254010704
4533.623632702116 1.1682200524603612
4307.13499786796 1.116082276008265
6605.603411549314 1.0942589195609234
4359.63317271887 0.9177907699002902
4749.393557589753 1.0321217216747436
2307.082901361489 0.8666673049144862
4124.9984488448445 1.1449614056911424
3863.2805484194328 1.0512231023082923
5980.717721043591 0.8012892237775271
5694.657237168303 0.8659160406579607
4333.462441601867 1.0065609825795176
4556.186868964487 1.0065837176900851
