6 50
0.8204283493592525 158.83757443710468 554 61 83 79 61 97 83 99 93 68 68 63 97 71 71 87 63 94 79 71 76 84 81 70 88 92 71 91 83 93 92 64 63 79 72 87 80 74 70 73 81 99 70 63 62 87 87 92 90 73 77
0.8427467498915509 136.49243119020218 681 118 103 128 133 113 101 104 105 136 100 126 138 136 107 110 138 139 109 100 104 125 103 134 131 113 118 124 103 105 109 100 100 133 119 101 136 129 119 104 116 118 117 131 128 126 111 132 134 103 137
0.8179081804555172 165.28672766871864 771 74 61 82 73 85 76 96 90 66 76 61 90 85 92 89 95 61 71 63 70 82 86 69 81 86 92 96 95 82 76 80 91 97 78 84 84 75 88 85 88 62 87 80 89 90 65 96 87 91 74
0.8327956934724664 178.93438246337553 802 105 136 126 116 105 119 129 113 123 118 131 103 132 102 118 119 101 118 137 126 104 102 122 130 115 111 126 120 124 116 105 114 124 130 116 122 104 109 125 109 115 130 122 136 119 100 132 130 119 137
0.8254206563819028 134.99244495899535 826 130 126 121 109 110 109 117 139 111 124 116 120 137 122 131 113 105 104 136 117 132 135 123 122 116 121 104 136 125 136 130 115 121 104 108 119 111 133 111 103 102 106 129 125 111 132 104 138 136 114
0.8857731133759394 135.8968697062978 856 89 63 64 87 67 92 93 79 96 65 81 91 96 61 66 93 82 76 74 96 86 82 83 77 69 77 60 71 85 83 96 76 92 77 73 78 77 70 73 97 64 64 80 75 84 65 83 88 77 92
5144.974973761745 0.9164015216472425
2244.984217819583 1.077509317063497
3000.2822804579446 1.0049645410694064
3416.042086734722 1.153517237390751
6100.9077271118185 0.8679932250810581
5182.143580148266 0.8347229908322238
4510.41040363812 1.1197034654063027
5735.132667756536 1.1276011099372907
4381.921315400244 0.8835705394070851
3207.932030400005 1.1636503424017528
5600.98483897416 0.9833887066936171
4764.014859256509 0.9159153905510701
2402.0134063262185 0.8799726253742943
3366.316437418229 1.1706126396852092
4503.755877157175 1.0649721547500723
3566.3475558053733 0.8783731950337043
2942.7800065513243 1.157916058423745
3883.896161354204 1.1008963264217022
4073.1358879921354 1.089358293913723
2585.0961475110944 1.056940740309083
3904.997049073951 1.0105344843963173
3933.3822089694186 0.9934014959361807
5070.5836128709625 0.8647882564904863
4599.850138127369 1.016142670812084
6148.423619002845 1.0805539840531073
2056.8828377099176 1.1789313059867577
3678.6749309465986 1.0278394330260847
5974.51264194805 1.0279962284988646
5366.931976396013 1.153519457747513
5548.474862806595 0.9868801436686828
2046.0188243742778 0.9668033158909182
2879.6391879241164 0.9887424054705571
1632.982816379566 1.1929466854843866
5306.910045433988 0.9290303716184789
3701.1129723877643 1.1369273814831846
3373.359815204106 1.0240180554720726
5244.426319686067 1.1621612402078783
1175.0171163176478 0.8744992679585267
2491.5242475238265 0.9394553411674924
4710.897918998355 0.9149774499550771
4271.719099446665 0.9767307122179352
3985.007137324554 1.1094512639008691
4246.480071341849 0.9319585488829241
2360.846128798649 1.1593719261813904
4573.416744375996 1.0009199117187775
4814.9599607002465 1.1717362040055397
5578.754269513025 1.189907986368267
4639.719731584826 0.9636242575608663
4621.127948423617 0.9450635057347668
3477.237076269827 0.8267360241183733
