6 50
0.8899718757048645 157.00601345690362 539 114 100 122 103 128 137 123 130 120 119 124 100 122 116 137 109 111 131 124 124 119 128 131 128 106 139 115 136 106 118 131 124 112 113 105 129 113 119 133 139 110 136 106 132 122 135 120 129 105 101
0.8099632780580565 130.27016454510937 556 122 116 113 136 137 119 131 117 112 118 115 103 133 125 118 118 125 105 132 109 129 119 120 120 127 108 121 104 103 127 128 109 117 105 117 114 135 111 128 100 119 100 100 131 131 125 118 102 131 124
0.8875501512125321 122.09435189602748 694 75 87 65 92 95 96 96 73 64 60 74 77 74 97 91 85 68 89 70 97 87 91 62 89 84 75 91 88 99 65 90 82 77 84 70 95 96 88 64 92 70 75 60 76 99 77 85 97 83 72
0.8985599427933778 123.78877465849757 746 105 117 113 113 115 119 105 103 112 118 137 102 129 108 123 108 105 109 115 101 123 131 113 137 111 106 108 109 108 112 100 114 130 113 108 118 131 120 114 126 117 132 103 117 124 133 124 135 132 120
0.8503319209346486 162.60592398301645 779 62 71 77 81 64 68 81 71 72 82 85 73 62 67 71 76 78 64 64 96 98 64 62 83 74 68 79 87 97 65 76 72 74 86 89 80 60 82 94 64 78 94 99 71 70 99 60 98 77 61
0.8663738086006018 144.58870661312636 782 71 88 64 92 63 97 95 61 90 75 78 88 91 78 96 67 88 98 60 74 91 84 86 82 64 85 83 96 60 95 85 77 86 68 91 70 72 95 93 90 85 91 97 88 80 77 96 60 66 89
3470.0756637924037 1.1293146846359199
3304.923348856242 1.0775108017011028
2187.0623769623867 0.9655079119983019
4559.963744036484 0.9232196220532533
4238.647738976253 0.8385170916765197
4459.423707392077 1.1516431980485133
4148.948746182376 0.9561030020891877
4372.543907559399 0.9131220703407096
6404.680809755589 1.176299665729158
2909.247688068913 1.023956674521342
6226.004604757906 1.075009973905309
3262.5803557066583 0.8189306108340001
5559.653632658751 0.8980969231730418
4432.0676548851625 1.0793614283185133
5751.972521022076 1.0093512136962923
5369.736237152013 0.879436385258368
3528.498182768749 1.14437056502421
5315.218002363068 0.8262561376987854
5635.393661393116 0.9095166097513515
4821.118726885877 0.8051411503628167
4437.541620372588 1.123883315858396
4220.266350603876 1.1910540095759274
4852.1818516961885 0.8140185374948339
4035.372022037435 0.8274819295522765
5965.046678348319 1.0939415051568948
3945.334954162036 1.0277635961821439
4273.5621674475515 1.1988663571002038
4652.229243980889 1.075808184309517
5401.7875839442095 1.0057166421471924
6023.4021964028125 0.817871582789857
2614.062973058058 1.005212408158982
5494.631884152416 0.890837213190419
6350.434661029382 1.1958513619119264
4892.443869160634 1.001334693448286
2197.471340290423 1.0155102845262296
5033.547432789974 1.062693413476129
5635.552334562841 1.1972504141996418
5014.0142853321 1.12414600074764
4952.588820643649 1.1260406088559516
3091.303501614594 0.80219258496229
5128.799191086183 0.9850098383025349
5051.931121589454 0.9881972668235413
5296.011168161257 1.040160815099988
2469.6223019646886 0.9622309169463208
4583.464914026032 1.0388355125179873
2911.174867608732 1.134415413201837
7022.984344426408 0.9367966457226469
4851.221159416748 1.0713037627936002
5691.020145356461 1.0804659288880818
3448.292900132922 1.0907085653435546
