6 50
0.8783047930739334 156.29921216338062 552 108 115 121 101 114 110 114 114 102 115 132 138 101 133 125 124 130 116 125 125 103 110 123 123 103 132 124 123 129 105 129 129 134 106 111 120 119 114 118 115 115 129 115 109 108 116 108 126 128 111
0.8342947721023899 124.22715834325777 644 97 68 83 88 63 68 82 80 65 81 96 85 78 87 65 73 90 87 73 64 83 83 93 76 70 61 93 92 98 97 98 72 77 76 96 91 93 99 76 68 94 61 96 92 94 95 74 69 86 73
0.8843573850847744 167.1152021623283 696 78 68 99 72 81 62 70 94 96 62 83 98 94 70 67 87 88 90 69 96 62 87 67 82 78 61 80 75 69 73 89 62 60 95 70 71 99 67 99 96 92 80 83 62 88 77 85 84 85 72
0.8767013329772875 161.29476329218 877 102 122 100 130 120 123 129 126 135 127 133 113 105 107 112 122 136 103 105 131 121 120 110 127 125 102 134 123 137 102 127 114 106 139 112 125 101 106 114 126 112 103 123 109 125 127 135 103 111 133
0.8181975204417726 140.23286253169792 913 112 114 135 137 134 105 109 135 126 134 120 128 137 102 133 112 132 136 118 128 128 106 138 114 131 112 104 120 131 105 101 110 126 135 116 121 106 127 135 101 104 111 100 126 116 105 134 109 119 128
0.8631240918213248 128.72723597992163 940 90 65 82 74 63 79 94 73 86 77 70 64 96 97 97 81 75 61 77 79 61 60 89 81 94 70 91 78 69 90 95 62 93 76 62 61 88 74 67 86 62 76 75 65 82 95 75 75 88 74
4894.692418468444 1.1119583781010622
5675.588419474306 0.8217039708063111
4430.72244353724 0.8022056656565664
4654.361938715737 1.1593177586670977
3531.847247520998 0.9012244319665196
3154.485669750041 1.0169697745083284
5578.376971997068 0.8706619384579166
5773.952321004083 1.1821870216999768
4900.980868464964 0.9707559800450442
3007.008427631973 1.134004101763311
5857.511890075888 1.105763258863527
5862.260365577433 0.98808359406499
3538.063361424938 0.810611369440493
3638.0075354045794 1.1873798018788104
3578.6976862957254 0.8865859350273374
2735.3479006459424 0.8576242394986826
4863.757534157876 0.8143888249805004
3339.6456152514866 1.0192575735179137
6503.558419594048 0.8314404759172459
4197.79173997959 1.1628401864586237
4747.259078270676 1.1284193136380702
5053.364203876757 0.8344223535702568
4109.730413573607 0.8421356812607057
3694.7757840052827 0.843691015293849
5919.075487656278 0.8024047437827715
4037.8696575943136 0.8571635532653895
3685.478811013073 1.1176054011747811
7562.144466983409 1.0462697659790086
4102.663780459114 1.052512623695326
4028.176361764335 0.8625678136978827
6645.132691451696 0.8270276461015672
3647.340541547339 0.900583581906283
3985.417376781574 0.9438007977245718
5516.555729033054 0.9293786678682759
4510.874328082836 0.8564966202690416
5431.372694059415 1.1489551272301313
4829.090642410649 1.0137110361048862
4290.882768923615 0.8472624143471456
4943.731811789742 0.95363281689194
5873.071316689057 0.8492799054978655
4798.025977594564 0.9095960863774916
5628.581035404216 0.9238754949704917
5114.937487364111 1.1599201418199618
4277.837107496888 0.8411681501614171
4769.713896439364 0.8833595363173238
3674.973182894392 1.01356481706492
4801.784709968208 1.1397670941435927
3950.8039620727573 0.8717308852939134
3899.69568279256 1.108641358396515
5950.685532319515 0.977120415915327
