3 50
0.7949943292656363 133.33278682514336 541 124 121 123 109 133 126 136 123 139 120 127 128 131 118 101 137 131 122 129 105 113 133 100 126 127 131 123 136 127 104 125 112 117 102 136 136 120 108 117 126 112 134 118 128 119 137 136 132 116 111
0.7748642850352458 170.8540883681753 852 81 75 85 74 85 68 65 67 68 91 94 66 81 93 64 67 60 81 73 87 66 62 73 90 82 90 94 87 73 76 60 97 70 74 64 83 90 63 75 61 64 82 95 63 82 61 99 71 83 70
0.8264121677957295 151.5938579115679 922 66 65 88 62 96 73 88 99 86 79 67 60 60 84 83 61 96 74 61 69 91 85 72 62 98 69 73 60 62 61 61 69 78 91 65 64 67 97 93 87 95 74 82 69 95 68 95 91 63 60
5309.192076841401 1.0664215110864337
3481.9041657929215 0.8499452522726001
6617.847507582318 1.1287655498811198
3696.8468268186816 0.9672358458553365
4421.2604843006075 1.143887813365627
6099.540558312408 1.001290012884782
3933.0926119235014 1.0341269378495572
5756.988463965292 1.0789195053394733
3393.852238909011 1.013906254149013
3146.099635307254 0.8187777587178071
3868.735404954152 1.189211454262546
3008.095875090232 1.150571263667191
4711.980348750682 0.9803924393186376
2705.0392526481482 1.0215582412527948
3068.6767052279147 1.1040656086605307
2702.4144858841696 1.0503822452899858
3748.973657675188 0.9111619526008661
4836.638193025244 0.930366365125429
3280.291916573424 1.17570145653981
4377.819393305317 0.9737725919986618
3157.1307527378476 0.8413130605618009
2362.400623115077 1.0503371955120033
1952.2225413409035 0.9149270345011327
3546.9736767174613 1.1420212618476941
5209.164132970842 0.92158210953671
4560.546515346745 1.1162708605120053
4018.865214450292 0.9490962244652664
5228.737133905533 1.0174001339083114
4065.74583159137 0.9470647527343234
3518.3823659086343 0.838976824819406
3854.50987326391 1.1946585633344977
3234.592395079737 0.9793678234139351
2496.5595826172066 1.0657520080946024
3167.460222841781 1.0789982899596589
4704.427647675783 0.8644516901506933
4023.0279402141823 1.132811543290153
3672.892098213623 1.0948270689833468
2936.0236887984797 1.0241574012288925
5173.464235472002 1.0331141437540043
5607.821222332691 1.0195447432642601
4407.528153906995 0.8137829531660474
4731.795720542401 1.0669361985959538
4390.505452352381 0.874722657440001
4971.377549995971 0.9966250983208406
2606.134805406665 0.9411542510684384
3044.7805467655053 0.8437214991434692
5488.227518858156 0.8864729338796513
2134.8163484497413 0.9128386158882588
2711.1583563171775 0.8397702939212942
4128.353244315965 1.162580230953259
