3 50
0.891637925340454 150.6477656200961 853 72 99 72 79 91 80 83 99 99 94 81 82 88 66 68 67 99 69 61 87 98 94 85 72 98 79 72 73 61 93 86 90 82 92 89 82 64 73 77 95 99 82 80 76 86 86 77 63 69 71
0.7835083560200258 176.24335054962353 884 65 97 86 88 85 65 90 89 66 87 91 85 91 78 98 74 83 77 88 84 97 90 98 81 71 89 77 88 60 88 78 67 82 66 61 98 69 62 99 84 66 96 84 79 91 77 74 95 81 66
0.9164174300808732 145.30002661880263 998 133 113 132 125 126 117 104 133 136 110 139 126 128 134 126 124 123 124 121 105 139 101 121 109 136 124 114 130 126 123 124 120 139 104 127 106 101 104 139 136 125 137 104 133 129 103 106 133 112 102
4357.149404761815 1.166776454438121
3587.947073747934 1.1124053925424997
2694.041702467034 0.8419802313730778
5360.157605797308 0.9122106826772707
4280.984567461295 0.8218414923390036
1293.1822466675303 1.0260795855922515
2380.9757717249618 0.8175777410928058
2622.6884818736544 1.0318908954298576
3265.3371402596445 0.8748064625004183
4870.185363776825 1.0508035661857686
3768.908611570607 1.1449481963295947
3802.6098967935886 0.9033707448833442
2584.22522350247 1.0633399234305456
2453.5229043563554 0.842746409513537
3766.0836654189807 0.8593507617633499
2502.1041287229305 1.0543267619194372
3014.5108598827483 0.9895211063963755
4172.682003802023 0.9806056983313307
3900.510786464731 1.1557476292256408
2532.2641701953294 0.8617570742739113
1980.7052145614787 0.856911351978079
2312.8183773266774 0.9996216860178355
2892.202628661219 0.8398229132545136
3753.9173549743314 1.1052975615261256
3784.91565925437 1.1606610731299254
2245.3306562318185 1.0670597204981291
2005.3046441213828 0.9232939574668192
3863.9418140423168 0.9791747555929238
3087.2911257274654 1.1440049607314051
3026.498145455935 1.0477247970301422
2586.2485407060035 1.0459788706096111
3802.4772330832157 1.0745657787428868
2688.737083369689 1.1816793025571646
2978.000586919441 0.8374305981627113
3507.503749911328 0.8681234940426116
4141.723949814976 0.8952148572397962
3469.140605354942 0.8271970060138898
3593.0593424874055 1.1899538844756847
4629.685482104816 1.0536916839935513
3616.3601039602295 1.059997032024695
3247.9002170471385 0.8641402163018758
3944.871444876775 1.1523863028406094
4545.006033175672 1.0985637581481047
3041.201022179283 0.9260196364549514
3280.6165243214864 0.8274378446100263
4170.2772892226085 0.857379088096001
3929.8021797193023 0.8990720189086732
4560.324060043628 1.169956772070704
2323.0940917779326 1.1592348038848983
3675.512388467297 0.8698243266155352
