3 50
0.7736646496797067 166.09322822301078 891 112 136 104 128 128 100 138 131 107 119 122 113 116 100 124 134 120 134 135 138 120 138 104 136 127 132 127 119 129 129 109 100 123 117 105 101 122 106 112 107 134 102 138 131 130 108 116 102 118 100
0.8581119182558449 179.059180575497 893 85 96 89 95 77 96 94 99 84 68 68 79 89 80 63 78 84 70 79 65 72 86 62 68 79 99 99 75 97 68 77 82 74 67 81 86 62 92 86 99 65 73 66 80 73 90 73 85 99 73
0.8306853694752789 127.71996180009249 979 92 63 70 91 79 72 87 62 89 60 78 67 77 81 90 95 68 94 84 64 82 89 95 72 91 65 64 97 77 71 84 88 65 62 94 80 90 78 78 60 98 91 80 91 83 97 75 82 64 96
4897.397051939262 1.1559115452922062
5805.431025603849 1.0029760511084016
5137.409227073982 0.9616820300380983
2362.494648537491 1.1761543141903839
2656.6410659018516 0.932017314433728
3949.7537826974485 1.1661434136153923
4542.9909696101 1.0864183661446907
3667.857673404639 1.0869877877290353
4879.999392598854 0.9248938522745395
4572.524542387651 1.0499982511783719
2170.0469485675067 1.1205344917667117
1811.803648823944 1.1873645513711253
3409.4880017710066 0.94447797738207
2800.929310457179 1.1030164404310778
4702.516246291283 1.1916244768982445
3345.619309643809 1.1251383560854495
2734.5905886534665 0.8341805047216568
4412.898087559753 0.8581154676120151
3775.531055541407 0.9339749600350086
3304.994294229936 0.8903076535946788
5588.935338286763 1.0387668794273006
2455.965133724797 1.0481577930376524
4753.934738397267 1.0751503275848935
6224.940260183545 0.9884549334798599
4383.650561912818 1.1336268284361282
3529.3931524830377 0.9873732863634038
3659.642755936782 0.9141235019442627
5538.692797256269 0.844470755496866
4914.741598088534 0.8848643202138335
4688.572958128484 1.1347925763450406
4283.080540911135 1.0642282620142332
4677.5990318973 0.9560712798029838
5173.996309647767 1.0756192997088578
3853.6938855442572 0.8907399875298804
6499.784009680026 1.1926430944351059
3452.713111172796 1.056518043042336
3366.790664621951 1.0613253773414537
4390.638931067934 0.8355723893884536
5401.556031685083 0.9627739110789078
3300.539919904597 0.8717162590490833
3593.762881545999 0.9339178140815596
3762.4226522194367 1.0705149218575918
3924.009272198852 0.8127569511647185
3377.3827257657763 0.9167379476066094
3727.0849861437305 1.1610859450522693
2742.4281692213176 0.9569232671796135
4824.958795441513 0.8540432829194854
2617.1794798731926 1.195797303902253
2077.542598338575 1.1271048500351903
2549.423116138481 1.1491606908270011
