3 50
0.9415703704251388 167.69599727061336 589 61 62 61 90 66 71 93 97 67 76 73 61 93 81 94 60 70 60 71 96 72 71 67 79 94 93 90 81 98 73 98 74 73 78 63 62 80 76 75 97 67 62 87 92 61 88 66 71 71 69
0.9446259373522393 149.72231086097602 749 85 83 66 94 97 97 61 96 71 73 93 61 71 94 72 86 75 90 84 83 79 96 70 67 77 82 96 83 80 79 63 64 60 83 82 90 94 96 66 96 70 67 93 71 83 98 85 73 93 79
0.8954890562139327 129.62402868608254 913 118 137 100 139 119 116 104 132 122 130 100 107 128 120 133 138 136 134 136 128 114 129 126 126 116 132 104 134 138 123 119 120 111 102 107 101 102 139 121 113 105 103 139 103 139 126 113 126 129 115
2837.0894086808366 1.0338225066571496
3634.838181349082 0.8542506949655129
4026.410068974757 0.82562576536342
2237.934284943406 0.8595003668023847
2840.3562272113904 1.160315551234389
3777.5270213776585 1.0536835125980404
3485.8535420331145 0.9987970515762352
3564.8194819906334 0.9000326748060802
2488.0983842054943 1.0704275357995519
3752.678054938949 1.069415742880063
3128.2798886644614 1.137747914330269
2627.8989992890083 0.9451167637129663
3178.9493374130498 1.055096999555614
3955.7660185376626 1.0727932666813544
3935.3707814090485 0.9286152377114906
3216.1201969862896 0.849333735675861
1730.7315618101152 0.9125801752250339
4521.133418829686 0.9887232413365944
1522.4058190831659 1.1240008118059561
2368.2196972827614 0.9224397961215255
2991.9625022618307 1.1783082126066518
2508.8678471539083 0.8414938089442856
3612.5616778126973 0.8814886101671943
1371.5116398161854 0.8581358254156355
3713.7066855667786 0.9991262271021542
3346.8796170572973 0.8301984496068271
2571.817630020936 1.0991837439068204
3051.138938937054 1.0214351216915398
3425.7222202395355 1.1061893247422658
3311.116192266907 1.1672086351267899
2609.2886398435653 1.1950902261974001
2220.824002788486 1.0280415256164985
2162.2610407394304 1.007152261681568
3391.4795405761647 1.1811211105162256
4019.534915225724 1.1394702177712057
4347.490519629456 0.9291658178660885
2235.5182919819918 0.8195653800340431
4199.205685157087 1.1123450580204335
2773.1206917857457 0.9693604868986976
4474.555095235365 0.948959308977735
3535.6650691413747 0.9633699780512522
3440.774959225897 0.8187250860731218
2860.352036328246 0.9551940964736064
1682.5759555626778 1.0692060189887151
1645.105803502266 0.9600299663743979
2118.518463679824 1.1283402365929234
2750.2771550549323 1.1963918354080876
2613.4845346386014 0.9322786281279485
2046.6875663301378 0.9669529791609419
2363.9725141658973 1.036201480077476
