3 50
0.7592464319626361 161.52434273821416 644 108 109 131 115 130 105 134 112 130 119 125 117 105 101 104 108 114 121 121 103 118 114 112 113 116 132 102 110 107 105 114 135 105 101 100 137 137 132 123 106 130 115 122 130 104 114 139 112 135 138
0.8966197153067466 161.95809788541493 671 73 72 98 80 64 73 61 84 86 82 86 74 85 63 68 99 99 91 82 64 91 79 74 80 74 91 72 65 84 96 80 60 67 66 80 89 86 74 96 84 70 82 71 94 83 95 85 60 97 62
0.8124655125736802 168.48308104531148 802 75 85 96 74 83 94 94 75 63 90 90 91 65 78 78 97 99 73 75 85 75 82 87 67 64 82 69 71 99 65 90 60 77 63 63 82 66 81 79 60 61 79 85 70 91 98 81 73 85 63
1568.1259324704288 0.822290872911673
4061.8741428075573 0.8481534457136025
4733.514856066004 0.8617980140853007
3848.405374545553 0.8963390902941283
3000.6568434308383 1.1250302099250074
2112.0071113499516 1.127364369487641
5014.1868716193785 0.9450981013458789
4311.88138625691 1.129630262028123
4569.672544171521 0.929236941698695
3049.4433720144525 0.916512738174619
2918.4536360480324 0.860930259801777
3090.3251225974964 1.1790025089780916
4590.414544610888 1.1959057682599248
3868.2590500660185 0.8888265311729587
4370.041700972979 1.0337379234194668
2266.715874025045 1.0738524051805822
3573.8689398358188 1.177701873616662
2713.9293177511436 0.8646701318852954
3073.7781204878065 0.8620176276989738
5034.609301637383 1.1712742142315422
2767.5429050747325 1.1972139924150418
2628.2775546086277 1.0886003641981699
2663.7694596536476 1.1401766043883894
3960.764944804913 0.9513197021583624
2477.4863847931783 0.8148535503733478
5237.043127921677 0.8406060743921417
3730.7683697698258 1.1943498098660106
2901.414315418557 0.9165175442622889
3365.7643504446996 0.9549761372305369
4262.531428359376 1.1662868130641093
3141.446816089855 0.9754241138173788
1564.4864366232073 0.9086334412599694
4922.372877250717 1.1053468915147608
4658.896121074113 0.8628223777633768
2944.727288385026 1.1344149424535857
4107.853031122408 1.0370986286831931
3971.8825338275806 0.8752898024504012
5426.189863398764 1.0342078408808402
4408.573571430653 0.9956665274331208
3296.0071751357445 0.9541782711443433
2976.723302862166 1.127762761416781
4061.1260017953173 1.1951111847617295
3708.8638923401454 1.0414149067864187
3847.275601396448 1.1087935270945823
2990.8053218885043 0.9988203714225073
3757.679155601303 1.0317229740932703
5112.0745917366985 0.9437639648567938
3078.789149382111 0.8937097733085652
4642.317005569557 0.920819336471278
2111.7712038887867 1.1028787436269305
