3 50
0.8848960350893619 164.46463749261784 679 64 61 86 80 86 76 86 94 68 85 94 96 93 80 97 65 66 76 69 86 74 63 72 92 61 90 86 60 68 93 63 98 96 78 68 93 90 72 83 66 64 63 85 80 90 62 85 95 61 72
0.8699649895752816 157.65402899492383 789 133 127 126 115 106 100 137 112 131 107 116 137 133 118 115 124 106 131 106 101 121 130 137 126 106 109 115 114 128 113 100 126 137 130 124 130 130 116 125 113 109 130 105 110 125 116 136 126 100 135
0.9310923743443242 134.5238145759514 937 74 82 71 78 97 60 95 85 94 76 82 72 95 80 84 88 83 82 64 64 64 88 71 91 60 74 97 88 62 61 73 91 73 92 62 76 95 84 85 67 93 78 96 70 77 98 61 88 97 74
5247.869411320271 0.8467665345214052
3173.157137977317 0.9080657661061878
3918.416013424928 0.966359666512097
1916.462088108671 1.0111899569833844
2965.714605943065 1.1565594697430612
4153.089555969973 1.1551668117074942
3883.782029308665 1.0522489047346177
2892.748774226035 0.8063612805071751
5206.622186834151 0.8842693914275791
4068.383639043206 0.9357250355333591
3875.3606293539806 0.8667614455510795
3365.396899652729 1.1738343612539983
3230.522914992602 0.8361824174003363
3523.2315794077117 0.8327777578614378
4476.454670701884 0.8936009541636528
3298.388921689904 1.1770103562793834
2119.446217684011 1.1921001530009727
4387.1741320757255 0.8353650504967634
4547.236697414754 0.9644637874207596
2658.1430641753814 1.1529501002898945
4749.8677611150415 1.1624242805396026
4779.850891894266 1.1228803405962116
5393.6983762914415 0.9875611096206952
3255.103377410434 1.1253279794159807
2478.9591210790454 1.1341988731444494
4119.92639180371 1.0019432454273307
3149.3185229313817 1.089236523402271
3353.7111876441077 0.9266899806135268
2943.034655146094 0.8031233980377382
3646.2522594908946 1.0186746095234918
2871.3689630901304 0.8136528360034074
3209.582997866621 1.00403625494584
4072.371204203957 1.025659377151882
3244.7231793060737 0.8298981807998934
4801.288290658639 0.9482797190100578
4050.7100727793722 1.0509556508610696
3218.5003005193767 1.0410858053210768
3887.1493845513255 0.8084445525560207
3309.808860800246 0.8790221031886898
3352.4007035520535 0.9559910902884081
2869.14871775746 1.1923963962701025
3603.109142533253 1.1537081093248824
4053.890797993881 1.1426234308284933
4524.803754376217 1.1226221105848446
1697.5331444256049 0.9516736592874088
3424.198557185415 0.8018371772679647
2931.9774387836615 1.148118387479692
2961.1237969961353 1.0531758661089772
3786.8383952315025 1.0535347516195601
4013.793074255479 0.9799179171749464
