3 50
0.8878257403215452 153.33748599185932 513 94 69 68 74 95 66 63 68 61 95 74 80 65 72 61 90 92 78 78 94 83 84 84 70 67 66 69 76 65 77 69 81 90 73 92 79 93 80 89 86 67 81 61 81 64 96 86 92 97 62
0.932844209992747 149.8331904544804 720 116 124 136 128 109 112 113 139 137 104 123 124 137 101 134 109 138 111 134 116 132 119 103 106 138 107 106 134 120 103 105 121 114 124 109 128 123 137 134 102 118 102 118 125 113 131 105 123 107 113
0.7535811367191112 175.51304423667082 891 92 72 96 84 79 78 86 76 90 81 97 96 82 81 61 79 63 90 75 84 82 97 71 89 62 94 87 89 67 64 72 89 87 67 95 95 92 78 76 76 72 89 61 87 94 85 66 77 77 94
2937.7903973611833 1.1379665029152033
3320.2340282763366 1.0377923463832432
3435.1927315416183 0.805255016264766
3822.3693745625897 1.010765793284509
3152.8005977909856 1.0843414510395508
3748.6421642815912 1.0695430340278345
3293.167658900142 0.9484979090140355
2248.8035722602417 1.1681625894191003
3035.62148099075 1.1471243744697035
2442.1712701766564 1.0034850581526082
3707.818738064825 0.9032138828172468
3129.5134202003737 1.1598187267464517
3321.7629842640918 0.8762409477814777
2657.3235479782925 1.133234875608309
4396.010246688441 1.0008891699784563
3925.053791612139 0.8899063605592598
2949.1554540376055 0.8773242991715002
2572.7134877283065 0.8895351098255168
4644.93910990636 1.0461317162481083
2489.246623831328 0.949230048042667
2509.311198916016 1.0963433988202063
4812.876923208456 0.8240501347686164
3549.3005420799022 1.0431492792391661
3574.258316565959 1.0552332886572613
3121.374533435732 0.9678272348633318
4233.6422149744985 0.9828006291746567
914.4363963638548 0.922442527443507
4158.309324333901 0.9903848257528267
3566.343849349341 0.8062679518045764
3589.7395322613647 0.8980051640614249
3571.0894233137133 0.8599594560307429
2447.6683712778986 0.8487544078340227
3718.9080638161613 0.9648118304315301
2386.6720208482457 1.0735404227206722
3526.7099410573555 1.1768174256565398
3669.290093682797 1.0533516901371962
3364.978525021001 0.8457708632983696
3586.546603120612 1.1764112207150055
2832.4786181156483 0.8592812923599136
3474.553194270763 1.0552233025949662
2910.016033755622 1.0217471353799672
3854.3494077608875 1.125176230973648
3564.672776021192 1.1702735631381418
2897.241080439681 1.0588948661208626
4415.839312598735 0.8413534078675985
3675.2434507313483 0.9582301616676429
3752.6101096116354 1.0237290542071424
3016.9403441227814 0.9990440200948876
4278.767053413162 1.0902707748949014
4537.47914361607 1.1974050003599672
