3 50
0.8089646609651879 135.942533087863 592 71 74 97 89 65 99 75 85 94 80 97 75 76 71 69 74 96 79 64 91 69 92 87 75 70 80 71 99 95 94 71 77 99 65 87 83 93 64 85 90 76 78 94 66 83 92 75 81 70 72
0.7861044845578125 150.18583200859274 875 119 135 107 129 137 113 101 107 103 119 102 109 126 134 137 113 121 120 138 127 136 110 108 119 119 100 107 136 124 107 108 104 114 114 116 133 133 110 125 104 114 103 129 102 132 121 129 115 125 113
0.8851082053798114 130.61048786214258 898 60 75 66 89 66 86 82 67 98 81 66 89 62 98 96 71 93 71 80 75 77 89 97 93 90 61 76 61 94 81 73 90 69 90 63 75 97 71 99 98 92 81 70 75 98 62 88 79 99 79
3316.915841438059 1.0230629880771178
2673.672145155021 0.829041343444335
2037.1208446304468 0.8057478447867782
2732.8764364177705 1.069725233542983
2666.14240068843 0.8180549639750986
3355.5353659221805 0.9175551775342156
2097.534209695196 0.8464635572275865
2820.1088923278858 0.8503191386330893
3409.8908419958366 0.9546426564827102
4220.872109535403 0.8044482077066754
3177.0445937651193 0.887365946353694
4468.918809778961 0.9652345934584045
2125.531872481005 1.1673805891886961
4904.38307986865 0.9458859549032925
3795.1809747564353 1.1558986094528525
3142.7865840054183 1.1535378867001096
2368.8023644648497 1.0954139588542242
5410.062722803523 0.9317679409828206
3204.0318942199688 0.8152614036525063
2967.6511121789026 1.1320267804784137
3670.6897822903243 0.8973255731390624
3037.7538675268893 1.1015473813042587
3580.0645084377256 1.0647130392665638
3866.4212088828112 0.9753909221512687
2727.03952220806 1.1105993698670724
4133.038997645894 0.9256011040953869
4383.212791145603 1.0850398024415264
2437.0098926245237 0.8164956550619072
3262.7434616369255 0.8935830955633502
2867.9226548448796 1.1663554591780947
2880.917514897955 0.9149615513330664
3610.731406095922 1.0677914670729145
3159.5097087053787 1.1203158300215168
3165.773926790191 0.9714749158476549
4543.130154774794 0.8780007044466502
3688.0286131225425 0.8595513127139182
3708.03580003087 1.0919238629916843
4323.270025345755 1.0608019053500115
3874.4659185922583 1.0204383027753974
4350.549564955969 1.1589096484445256
3148.5902165159405 1.043763126996387
2330.6508740746713 0.8339586969683075
3433.5446766794626 1.0047009121158301
3047.6079305119138 0.9482178606377641
3360.92272934732 1.087642749063899
2687.5102513449515 1.1075935638871344
3847.4334544423828 1.0159888014363823
3206.0876337646537 1.1646187170652131
2305.1816848797494 1.0650860755802338
2212.046429129983 1.1155161616345588
