3 15
0.85 127.5071348988747 613 79 77 67 94 89 83 68 87 63 83 79 64 87 72 74
0.85 164.2841609277757 688 136 137 119 133 100 124 135 105 139 135 118 126 116 128 111
0.85 133.57101097436595 899 98 82 95 75 74 81 90 80 92 65 69 94 72 90 66
1502.5876503867123 1.0515879136008444
1437.8766717037079 0.8626225527514484
1494.3732958138326 1.0092139864162357
1627.1345534605325 1.0546930193488664
1900.2207654708718 1.0027867816536604
1312.3823625347745 1.198777964461347
850.9648194437518 0.9396656016303945
2508.2197089888214 1.1566125963372622
1066.2323064081077 1.0333937117986052
2301.061641839455 0.9681723148597656
1834.6523465383966 1.1797191831278
1089.6223709491735 0.9468004824278748
1149.4874484503318 0.9064427246849429
952.6320444145267 0.9302253192777978
1597.5021773052088 0.8058424861112301
