3 15
0.85 174.55206289757672 610 88 66 74 72 80 93 77 99 72 68 68 72 62 87 91
0.85 175.69047258969516 639 138 134 129 110 118 106 110 117 138 104 123 119 114 105 102
0.85 167.24319680041395 677 70 74 92 93 76 76 64 60 71 84 90 86 73 99 83
1012.9202969223002 1.143559560739401
2109.6539284573105 1.1353830351088077
2843.6494740990333 0.9905769367373125
1722.048908412456 0.9482101602076975
1141.95658065644 0.9134002206769961
2123.569413343771 0.9247279789020028
1716.759431227063 0.9942993822032818
1289.5053687782406 1.1818649207328351
2609.4602868095176 0.8847992713930616
1570.4761020973897 1.0871905169866345
1704.3972057137046 0.9507678780512855
1725.1970943374342 0.9816083971966838
788.4124968703994 0.8357051115610356
812.3321905568836 0.9216339478942308
1857.9422368281696 1.162492483437619
