3 15
0.85 130.6149921169509 560 74 65 95 73 65 67 84 89 78 87 98 67 97 81 98
0.85 178.39038998156005 587 128 113 122 135 105 125 110 128 122 130 103 135 116 104 127
0.85 141.9850273888175 656 82 86 77 64 70 80 78 71 69 82 95 96 64 85 62
2422.4599108067487 1.0327559480492194
1026.6925758756113 0.9541606180256603
2217.2812200091917 0.9614802897985726
1412.4824462099268 0.8800987182538246
2292.88344529227 1.0920838075530115
747.2290465124233 0.9429978678558009
1431.699035227736 1.1400500608978539
1393.5900512257379 0.9077369807039213
1580.542155566371 0.9485195419897967
1068.8912186923649 1.0582297626730661
1214.1649652514689 0.8835954871716262
1715.0914401488112 1.0477036714299346
1453.683667214917 1.0891524071403558
1416.24457077625 0.8727337173242252
1548.2493062255403 0.9784846796638261
