3 15
0.85 154.28475142142412 578 67 81 82 75 75 68 80 95 89 63 85 80 94 86 71
0.85 126.33286874088658 821 91 78 83 69 60 92 64 99 63 71 85 74 64 95 70
0.85 122.54090800528131 962 122 101 123 128 137 135 104 107 114 130 120 112 136 133 116
1952.481797191963 0.8525787126198332
1736.9576810794679 0.802421798023389
947.589507152274 0.9718528167380959
2208.4990199293925 1.0152290176972487
1526.9816506878049 1.0089574533574999
2006.6138566246361 1.0166171963665274
734.4005713609184 1.0977230220168992
1209.8539551177716 0.8045295048443155
1660.5580635007736 1.09575247759166
1703.6101278935907 1.1974361171496126
1605.633953719259 0.9866119948317535
2295.984887644248 0.8575828515219808
1774.9445577845459 0.9199452782605493
1974.6615534667394 1.0319269868040253
1869.9357026351497 0.852328769027131
