3 15
0.85 157.78995688949914 760 67 77 72 80 73 66 88 64 92 83 85 99 88 88 75
0.85 178.80599883087604 795 94 93 66 98 94 71 82 82 67 85 87 79 75 97 61
0.85 143.2096614890467 882 114 105 134 136 136 123 134 110 110 105 119 134 136 107 133
2296.5057243860597 1.0260114512840837
2323.2322142437215 0.8062218633914036
1905.8499500872874 0.8818478002708509
1285.7110589859572 0.9602920263234214
1382.5486384034111 1.1908066227111165
1939.7586129044473 1.0150933918876235
2190.820448082081 0.9504448095455583
1813.4229871785624 1.1413954485348263
2287.1023304719133 0.8522643527850523
1951.5962960265474 0.9215462798544439
1652.776229663926 0.9870105646544642
1870.8343771357531 0.8267137955183919
1592.0244170915544 0.9708087385326769
1798.0868663222416 0.9541382459857004
1579.875012565619 1.0342446918807917
