3 15
0.85 175.62587959306325 830 114 108 133 125 115 136 123 119 131 116 133 111 135 100 103
0.85 123.1041669074316 846 79 94 95 60 86 74 68 76 64 88 61 61 60 90 93
0.85 149.17473435874035 869 67 93 95 65 64 86 66 62 90 82 95 77 60 84 74
2621.951333640141 0.8371159494824224
724.3774719741057 1.0412889141095534
2195.8205470057715 1.0936667528537605
1342.5144348452054 1.0065442176711934
2014.8616150213848 1.1308776159499383
2447.6946327479295 0.9022317757720525
2334.9288831508948 0.9694044062580999
1801.7513497064335 1.0221499057212866
2084.9775618663293 0.9295758311333864
1978.589660200684 1.1267654080105274
1955.6337867123107 0.8708771093208377
2348.5350322929166 0.8656152325914627
1701.437385794779 1.0065123868115158
2184.4034253743976 1.0974672550901217
1612.0069724139812 1.048740635700661
