3 15
0.85 135.66413923751387 580 60 89 97 69 81 69 69 73 60 97 69 79 82 64 77
0.85 121.24696465969915 679 136 120 133 111 109 129 109 130 121 103 127 137 111 101 136
0.85 135.80228047857716 686 66 81 66 83 93 81 72 70 87 94 80 80 88 81 82
1325.129483867983 0.9574255412864239
2330.960717678253 0.9212509908970601
1599.812055232588 1.0671055010498935
1957.0765517168882 0.9079893573909588
2201.0935248092296 1.106055261116005
1177.1365057256735 0.8381272108597809
2158.091276974792 1.1657866001598907
1829.1022579892565 0.8722126575611514
1398.4710521340387 0.9652898685398017
1346.3820929045291 0.9343729292217808
1579.2529532480057 0.8626760227422832
2047.31897243753 1.1525229250987026
1695.6073754783724 1.031835824470556
2628.5480647568147 1.1994071566611986
1668.1375622102591 0.8435567548714139
