3 15
0.85 121.20724082131225 843 70 87 83 85 80 95 88 72 87 95 96 64 70 99 74
0.85 127.2839414113599 848 82 95 73 90 70 74 70 90 74 84 88 75 68 80 99
0.85 133.45369607552803 867 130 127 104 102 100 109 115 135 114 137 129 119 116 100 125
1725.9921547129711 1.1795187006809331
1690.528422488198 0.9704373589991995
2420.535424485309 1.0716191718507226
2077.8972016160374 0.8617651989192533
1646.7564769262085 1.0146740137016261
1730.5785041725803 0.8087441297206368
1515.9007155650243 0.8580836629614319
2032.4303210623073 0.8230512475927557
2238.466117381876 1.0495214352487952
1518.1382472346172 0.9857288152216259
2411.546650179497 0.8276942697659271
2078.0827229676756 0.9470963715147493
1700.9528297749016 1.1290621032668418
1609.660836764219 0.9151535844994404
1997.0375072281736 1.013273024427918
