5 20
0.8583411032000795 137.6546035575542 705 71 74 70 76 86 95 61 85 74 76 90 88 73 60 99 67 94 97 67 89
0.8307194342422297 143.02380286846594 837 60 97 75 70 69 86 91 67 62 79 83 60 79 78 74 80 90 62 67 75
0.8582711727228178 168.1618780956217 848 61 88 89 82 70 84 68 84 96 64 60 82 89 88 78 96 83 82 69 90
0.8378175242571038 172.71984562664653 898 83 93 62 76 82 90 91 84 79 91 89 63 95 68 71 81 63 92 94 80
0.8068233682096831 142.85468483003154 964 90 71 79 90 72 70 96 93 79 91 85 78 76 82 60 99 98 63 82 71
1163.8074159698608 0.8929911699997489
1750.2422565335476 1.012646407415541
2271.454655792595 0.8107173758594198
2359.5679776650195 0.8995707117901875
3033.9946346644347 1.1184428811969682
1437.9588413957833 0.8101882572934159
1854.3894122326471 1.1657890693434845
2250.5756116627067 0.9097406339337362
2564.379299446703 1.1531872382593278
2336.6954322646134 0.9409561608786712
1718.4038341275664 1.1764290381092062
2177.466353059055 1.0044921596424656
1921.07797569743 0.8157189111199586
2060.902560500711 1.1876425396602617
1912.6946469132797 1.1771512185278508
1897.609711697746 0.9969406775769001
1740.844202838138 1.1616486256102507
1916.9521026592315 1.1608984107885991
2670.024810192672 0.8672089017196287
2088.674959028778 0.9466520007789669
