5 20
0.8848923432290758 156.48183150047018 627 77 71 83 64 68 66 76 86 70 91 98 89 77 92 83 69 86 64 72 87
0.8312378936074531 176.1091742787607 636 97 68 69 61 67 83 74 68 69 70 95 96 60 71 93 98 99 83 89 66
0.8459474313787219 141.7895341885844 809 60 73 73 87 60 93 64 70 81 68 97 83 80 75 97 79 65 64 97 79
0.82329247730256 132.87066370743676 850 69 68 94 85 75 72 63 85 85 78 63 61 98 88 62 71 82 93 60 60
0.8509196078239805 128.6942791877332 963 62 98 89 85 69 89 89 71 98 85 62 79 64 74 87 73 86 99 76 60
1876.7025504894207 0.8885631827909729
2851.764853409787 0.8418523757887961
1543.5322801380526 1.084574345767348
1901.8005281553455 0.9794105366002912
1348.2710517406779 0.8818782293062046
1532.970254410767 0.982531739982265
1438.1125463260103 0.9683967765115221
2207.260051589788 1.106757295319231
1064.3806732074536 0.9799620712839793
1622.9947582842433 0.8920571627450314
2263.9990810115733 1.0280339677795411
2054.2430286453323 0.8695455672323462
895.5332340014055 1.0530712323410967
1501.2695788077663 1.1089627328416465
833.0191647872981 1.1898469780840433
2311.132229782794 0.8975099332279943
1784.1174836231546 1.0105859742453318
1302.5242429526493 0.8717843959870216
2078.9068040212346 1.1679772037546106
2022.029040961138 0.96234103066685
