5 20
0.8218142043948561 177.92739520476565 753 85 92 72 97 84 97 76 76 97 83 89 63 91 85 79 63 97 91 89 60
0.8556950979132668 142.13285009036701 771 85 95 72 64 65 67 73 86 80 80 76 76 83 80 70 91 96 98 84 75
0.8604066997922609 171.546900385757 830 66 72 77 90 84 85 61 66 90 79 78 70 89 82 72 84 71 74 89 90
0.8899090601009315 146.44002163099722 878 65 98 60 88 75 86 80 67 72 95 96 81 67 94 84 81 61 82 78 73
0.8611386173344255 160.9430470229122 954 99 93 87 65 94 88 85 77 87 83 80 90 73 94 70 81 74 83 74 74
1880.8014401608675 0.9308990153313
1845.3129072158977 0.9833764297533348
1922.787335048775 0.8588043555211725
1720.077373790919 0.9378160887974746
2781.2585547245335 1.064173253966547
1412.47547547681 0.9851550504213169
2203.6648432375655 0.8364134130706725
2164.222387765382 1.1004746177630385
707.0205675870347 1.0853435853009001
1264.0048982948801 0.9609759791301861
1972.0355992469767 0.9454977004831845
2336.870326356667 0.8756345217579427
2613.2778154624666 1.140795784231836
1656.2295508252569 0.8507539308327746
1884.685542894955 1.1255003113262751
1736.7732027883872 0.82489669621326
2052.601038037301 0.9502048401755486
1263.0052374849815 0.8783841250804317
1798.8084601783717 1.182439494961769
999.7670292292714 0.8057615628078576
