5 20
0.8840247722298342 148.27934034373757 679 77 70 73 80 72 99 61 98 70 77 72 76 98 79 80 96 84 63 97 86
0.8659831094178314 150.9337806677239 689 97 63 79 69 61 67 87 65 81 72 82 85 85 63 99 86 62 99 85 95
0.8737252199575428 140.23988503044802 959 64 89 95 81 92 82 97 82 93 98 87 97 72 77 66 65 96 64 67 71
0.8935414437126576 128.23113553188963 964 84 88 74 96 76 79 75 83 74 63 94 82 97 76 98 90 71 77 77 68
0.8115129279502952 169.5964099058703 977 93 83 93 87 68 93 85 86 95 99 88 83 72 68 93 96 73 93 60 84
1597.9043757769484 0.9785968151516906
2281.223396966949 0.838006568348178
1280.597284261544 1.0277477901349676
913.1727962625798 0.9026245408878577
1453.1643427377403 0.9769896847710813
1822.7021267397179 1.0663217972972263
1319.2582377093036 1.0304646461102331
2507.1918481310086 1.0652020705817018
2028.868246649159 1.0580513823796769
2336.781159949276 0.8904229094544958
2527.8536832846094 0.8179685620309921
1872.7029417502115 0.8977991343336382
2411.3044787473937 0.9869302971348521
2060.2656942554268 1.0858414560952339
1530.8179940429202 1.0934023078367852
1352.2730617508435 1.1491864794861462
2185.299414255979 1.1874597196508447
742.8764014556666 1.0292714947003236
1865.1540728791776 1.1733117902176446
3065.5341374404884 1.19072738826528
