5 20
0.8288680569040167 143.23464828004052 588 77 77 77 81 93 95 88 87 92 90 68 61 66 87 84 98 60 66 73 66
0.8315605885434242 124.72236656207579 713 63 89 85 86 62 74 71 66 96 93 63 96 84 79 82 62 70 98 67 81
0.881421406199185 173.18705675403396 767 70 68 64 71 63 90 81 80 60 79 86 83 66 75 70 63 92 93 68 73
0.8426398383607958 142.57323413268642 771 73 70 99 77 78 61 69 61 64 78 69 77 84 68 93 70 99 72 76 75
0.8767370321954926 164.38537910376925 814 88 92 89 88 72 77 75 74 87 83 94 97 67 96 71 60 69 90 79 68
1621.496185967716 1.0981126529264629
2022.979450062206 0.9207208122179159
1139.1526420553614 1.100870316140505
2589.4078988310234 0.8445845381715007
1941.0740906547544 0.8840021975364823
1425.8027180775025 1.0544429969612734
1751.0070774749731 0.8399548445609838
2123.8089295359778 0.8463184007714878
2391.4616744955906 1.0334745288499623
2395.2371409324955 0.9572521987247609
1962.4976663417667 1.1789460706840849
2343.1721803407727 1.0308154685148319
2152.468859560511 0.8401990621579136
1331.8792281372612 0.8508484623095285
2219.566595443423 0.9675195725336789
2196.4109961442387 0.8507997456292675
1735.2982083378 0.815627330499554
2112.7278404404674 1.1329932191293142
1510.4637778573947 1.0075510133493295
2168.9864650858035 1.1426958279709645
