5 20
0.8822862978242523 168.9450056834104 609 74 62 62 91 93 87 99 81 93 87 69 92 61 60 76 62 78 66 77 88
0.8046888801169743 160.91535861249068 613 60 80 81 81 92 94 91 70 81 95 68 81 81 77 99 91 83 85 85 78
0.8626316192426126 175.75064451471425 635 96 84 62 91 62 94 84 86 69 63 81 69 95 63 64 89 86 71 62 86
0.8119628623612979 170.2318033767513 714 78 77 99 89 60 89 97 77 94 65 86 72 96 92 90 97 67 67 65 79
0.8262614033544481 177.83476418141055 752 84 99 63 86 77 83 69 85 81 73 85 77 89 96 67 77 76 69 94 90
1422.8365292688068 1.0233708692645818
2004.3699836090298 0.9355737041415276
2457.652090393782 1.1785583373441804
1262.6273844124707 0.9189871842769363
2252.0399537666735 1.0532917478931028
1869.921672182992 1.019004131718125
1505.4159796198696 0.9355278319294744
1339.780995052258 0.9931116206390572
1876.3451907691422 0.8378980340912147
1428.0031194895396 1.1630086316809318
2026.8025186618595 1.0721394646836282
1727.2443642784524 0.9741373588611928
1457.9639778092119 0.9675337067732024
1289.9804871914166 1.0960832457652923
1271.1055743858687 1.1104177081577093
1640.686488680897 1.1671542776784523
915.4054913160376 1.1250422354821328
1547.996938260783 0.8560717875224044
1246.1757442374003 1.1868779070738669
921.4895548868069 0.8669223987355931
