5 20
0.834080885882159 170.92348364505773 684 76 66 66 93 70 60 97 71 72 65 79 82 91 79 68 91 75 62 98 80
0.8292674446311495 141.67285367666483 735 95 85 98 78 81 91 93 60 90 84 79 69 83 99 72 75 85 93 98 68
0.8761724384531016 175.56261032229654 804 80 99 90 95 91 80 81 61 62 80 78 75 88 83 85 83 97 64 79 71
0.8688670340905873 145.05687558691207 898 66 82 77 97 90 84 78 60 63 98 65 75 86 63 62 72 81 76 72 66
0.8804042983511281 155.20849291412833 902 69 65 78 75 83 98 98 66 60 79 99 97 87 94 65 76 91 67 69 65
1951.809442051311 1.1669198780198706
2405.691678131471 0.8182549669338298
2576.979774141775 1.176425877854275
1451.2598012016922 1.004691367985939
1759.849472956253 1.1872131806416677
1132.2895700211652 0.9273963463147449
2995.294921296263 1.004334578529272
2122.5732997829296 0.8894272472749468
1985.3199035731343 0.8229276007460589
2352.070766557459 1.1062793554410755
2152.9657388782907 1.0288598087914613
2322.7300694710393 0.8572505994844026
2392.3504435855475 1.1280549693400883
1546.1036450024378 0.905163729362274
1771.5442591956512 0.8834426911703349
2746.248412958166 0.8660486106027392
2785.4795800109887 0.8252968158831061
1569.5656939239332 0.9458822319919059
2242.5881048950437 1.0860652518529472
2324.9865095640926 1.000414437909887
