5 20
0.8265044261815514 134.45614552936794 516 98 68 68 72 96 88 63 63 96 68 94 83 67 76 62 74 72 70 99 70
0.881115270387971 178.0972659141961 575 88 82 91 75 85 75 71 66 83 93 86 64 78 85 66 98 73 96 85 77
0.8447264466954115 175.9023746643203 575 61 83 79 78 93 84 87 83 72 95 69 87 85 66 68 85 72 75 75 76
0.817047797806081 125.03786483212559 692 79 61 96 80 96 65 70 65 79 70 90 94 85 65 68 61 78 81 70 94
0.8174327219860523 121.47138163483913 979 98 78 95 98 67 61 83 79 96 61 86 87 86 77 78 94 83 86 73 60
1366.3358974710954 0.8601323591484159
983.4056371898599 0.8555447497337544
1944.4199435479418 1.0313155332765809
1987.5192407144173 1.196488491075101
1689.1050627566099 1.1878741449894108
2017.4795289786598 0.8884059612731362
2720.0180422850017 1.1031082330961426
1637.346156189407 0.995338643574355
2122.6166862574114 0.974577506474793
1428.4542313691372 1.1543273801349054
1074.7647235640343 1.0415195357257199
2352.1111399869437 1.1127482321498015
2393.7878430536844 1.1129130076136995
1341.2645286483746 1.0187658399117547
1797.7701339543057 0.9679783180906375
1351.5445303403512 0.8746940800636185
2383.4723129991044 1.0081207828998398
1442.677165160078 0.975809015309878
1035.9980008334926 1.136382985371573
1980.0431090107982 0.9014872061314241
