5 20
0.8707335344501927 133.10623885665575 571 76 89 86 92 98 94 87 62 97 92 93 73 60 62 67 91 61 61 99 97
0.8147830853232044 177.95130486420948 605 80 60 65 61 91 88 75 72 80 69 73 92 71 63 86 73 88 73 84 60
0.8950898731098246 150.02254039004498 698 61 66 72 79 60 63 78 81 65 87 60 64 71 91 70 83 66 70 97 77
0.8261771224440251 121.87141475457946 831 68 63 83 97 85 99 60 60 87 84 98 99 98 78 97 91 65 86 89 78
0.8689636005169655 128.48393339566417 991 98 97 72 75 81 61 99 99 84 79 76 75 78 60 80 69 81 61 67 92
1430.3218736844342 0.8963354835105528
3033.0917816504652 0.8907193448434447
1601.9611554382102 0.808824975720041
2438.1224529445035 1.05099963125193
758.5629085420173 1.1804744471729491
2614.9933640722993 0.8627192534947425
1220.166924593882 0.867793575884091
1585.2350214695289 1.1003960499998957
2101.167346833121 0.9184851057771294
1967.1528265900938 1.1787133152790743
1359.9314592263104 1.0370911588408436
1530.7493357186636 1.0900235051895493
1735.8044521145282 0.8351348025284894
1925.5050374760367 0.8324498011449433
1100.449004117041 1.0558940933653922
1884.8608495180658 0.8117478508695174
2164.81326364358 0.9853318304320771
2205.1084888668643 0.9638771255906324
2199.0844087859573 1.1332476435450758
1991.4635295025616 0.9464853559622577
