3 15
0.8352818687253741 167.96386295058326 737 123 116 118 138 126 105 128 105 125 106 116 121 136 131 111
0.8137393270689227 151.03934288056672 760 88 80 63 69 80 92 86 90 99 70 65 98 73 69 64
0.8330445900277569 123.86242701401879 765 75 70 85 83 66 65 99 79 97 96 99 98 76 61 65
2015.8928415868677 1.0
1901.1332476316816 1.0
1609.2345136117756 1.0
1330.4087373274097 1.0
1204.4802796129457 1.0
2634.839405362046 1.0
2224.4724602098004 1.0
3084.5063202015544 1.0
2768.1008760319246 1.0
2162.6763176285153 1.0
1717.5867395383093 1.0
1608.5091664718939 1.0
2289.1012697167507 1.0
2078.507096744456 1.0
3122.5293678771786 1.0
