3 15
0.8221106995249599 171.75199032210745 647 93 73 89 62 67 63 61 86 65 87 76 79 96 61 99
0.8450200237025179 176.78399673130718 890 113 133 105 139 124 107 123 135 122 128 118 101 120 114 129
0.8138370755017957 153.3266148806276 980 87 77 82 85 85 75 67 80 87 68 84 82 83 70 89
1503.3344096231929 1.0
1892.6484462336587 1.0
1554.3550172790956 1.0
1814.6976863270638 1.0
1813.7891324249033 1.0
2403.285932568994 1.0
1118.1440370284954 1.0
1762.4764762304173 1.0
1473.7214943950946 1.0
1870.9544761967077 1.0
2459.4598697947786 1.0
2530.9639830115098 1.0
1239.2902502726438 1.0
1832.3935400813768 1.0
1547.831750681688 1.0
