3 15
0.8204329502861911 179.0755237075077 714 103 101 126 124 131 108 109 134 138 111 109 134 136 113 108
0.8385741172027886 136.59584150394303 833 89 79 61 70 90 81 61 62 70 69 72 92 87 65 89
0.8409312487174773 148.73094863961856 890 77 89 94 90 66 68 74 81 91 89 91 74 63 92 86
2480.542677980996 1.0
1774.9057905633013 1.0
1923.7783384805728 1.0
1855.3860138547984 1.0
1125.3923324537554 1.0
2443.836311262399 1.0
1876.0440548201016 1.0
2348.037518178979 1.0
1668.6344162943542 1.0
940.3126239387536 1.0
1380.9033767088235 1.0
1048.9205330684056 1.0
2448.6899736670207 1.0
2065.856816211715 1.0
1705.002440306793 1.0
