3 15
0.8786398545279553 157.66962647106652 509 64 65 79 75 72 96 83 70 92 96 75 99 90 95 84
0.8092623200325781 157.25439404307488 578 83 96 64 90 95 64 79 62 67 80 92 62 90 83 89
0.8067933137160257 178.5484781456646 751 113 103 102 128 103 136 113 138 108 125 104 136 118 119 134
1454.0674119688972 1.0
2131.7265021067215 1.0
1829.2827144797036 1.0
2162.1165594798767 1.0
1186.0669982629295 1.0
2120.237507251245 1.0
986.5047024429883 1.0
1457.1642038072018 1.0
1979.7198738961033 1.0
1568.074767032142 1.0
1507.5100849634453 1.0
1927.5615305387794 1.0
1368.99243285061 1.0
1460.7810629893675 1.0
1720.3079567289794 1.0
