3 15
0.8125622920663692 136.41318982695694 670 67 80 61 70 94 82 90 67 96 95 75 69 65 70 63
0.8675191110636594 166.01401641199823 879 60 90 99 88 91 63 83 98 64 88 91 66 78 62 73
0.8698630649302116 151.34270503570897 885 113 136 120 139 132 110 128 118 133 118 131 127 107 132 114
1436.0326406495917 1.0
910.8213763159625 1.0
2310.9057855586157 1.0
2013.3315131472636 1.0
1867.8797116572646 1.0
2086.10771253219 1.0
1913.371364485443 1.0
1197.7646659833752 1.0
2927.244787877925 1.0
2556.7150426469743 1.0
1065.23975067446 1.0
1919.6162800059865 1.0
2110.567420703822 1.0
1658.538907914676 1.0
1116.8116138996595 1.0
