3 15
0.8966955142212273 170.44642036556814 574 86 60 81 72 73 60 98 69 82 85 90 95 83 79 60
0.8831368677490642 165.8939498563396 755 130 113 121 124 102 139 100 133 122 105 116 116 125 136 119
0.8548435072455808 143.58195540022942 763 71 85 66 83 95 91 81 63 97 71 99 99 74 96 69
1634.5432278036567 1.0
1726.397143372332 1.0
2059.809781340608 1.0
1121.9005417890935 1.0
1274.1664186352098 1.0
1812.784112821881 1.0
1491.8352038803455 1.0
1758.7854927286376 1.0
1646.4946390119217 1.0
1479.7461763996623 1.0
1224.8012370081697 1.0
1090.9130090402437 1.0
991.3604246335252 1.0
1962.9778746134664 1.0
2299.532584235183 1.0
