3 15
0.8438778979695238 142.1696999919758 555 97 76 69 99 85 70 86 71 87 84 72 80 85 64 82
0.8834561082337503 147.4782297094261 735 121 139 133 115 115 116 112 107 112 133 122 113 127 132 135
0.861385861888054 156.24286222344833 771 99 70 89 79 81 92 65 74 92 94 82 90 74 76 92
2029.0570089826824 1.0
2049.3125348903486 1.0
1522.0093657652858 1.0
1767.6779692737373 1.0
1712.1391463589193 1.0
1583.5157312762963 1.0
975.7990653884949 1.0
1318.7129926734435 1.0
2122.1572247650515 1.0
1160.0247300913775 1.0
1325.056964257651 1.0
1104.3954813853356 1.0
1363.6017281582676 1.0
1514.4671046547198 1.0
1258.9759495384196 1.0
