3 15
0.8772854969406046 139.31975331568836 669 99 99 66 68 73 88 85 84 96 84 92 92 71 74 86
0.8769042418717636 127.97434127027937 873 70 93 62 80 92 86 75 93 92 62 91 74 77 63 84
0.8028752768155482 145.2938973568871 929 111 134 111 123 118 116 117 100 102 101 118 124 108 131 116
990.781205645975 1.0
1992.1745717566318 1.0
1663.1921456182722 1.0
2055.978570296115 1.0
1750.9254526257323 1.0
2526.944352342981 1.0
1297.7269340702023 1.0
1967.0630473924052 1.0
1919.890420508886 1.0
954.5269756108622 1.0
1836.8239149396386 1.0
1935.8061456862283 1.0
1903.4114838025523 1.0
1577.78667826859 1.0
1760.255829521281 1.0
