3 15
0.8268531698978879 150.0 811 71 72 71 73 98 63 64 99 80 66 86 67 85 73 91
0.892912265515847 150.0 823 61 69 61 87 78 61 91 74 64 74 96 80 84 83 92
0.8248190085746713 150.0 858 128 115 101 113 134 139 139 119 119 108 127 128 117 101 115
1424.9341980718332 1.0403498490725727
2016.44830353211 0.8102740535363662
1772.8737587478822 0.9868943347763366
1359.8463501702663 1.1653740496081486
1674.4323880962538 0.9269726925900288
1675.596765276747 0.9407511462223406
1724.2838268443218 0.858747805069881
1547.7041411459904 0.8541346739931139
1017.7752242074984 0.9329256653869984
2306.6219484670883 0.8722149429585431
2107.762679656397 1.1422684893889188
2659.053274769669 0.853502588974707
2049.247347949843 0.9348224464899695
2021.5587734698145 1.1762178836970723
1239.367019886471 0.8768675044184431
