3 15
0.8065072842906353 150.0 650 80 62 99 87 95 62 66 74 76 78 92 77 68 87 74
0.810387298641729 150.0 767 60 66 83 84 99 66 90 91 79 81 82 79 76 94 93
0.8197363968787711 150.0 826 109 108 107 133 139 121 110 128 117 118 124 138 116 124 121
1515.664248943592 0.9472616948218546
1843.0411065014516 1.1892890273399404
1638.8184346883027 1.063387764234161
2109.295328841208 0.9358423982286592
1432.2514411644806 1.1337789488622705
1760.5465808993065 0.9415000727832533
1630.2722524315286 1.0700101852875545
1857.1103278288865 1.1532188609420775
1474.1526791441863 1.1739620363254517
1241.678349260321 0.9170073101075437
1902.7986113204768 0.8829997167944899
1423.7364333008177 1.194850181587575
2081.7274607119716 1.1197596352500792
1428.5020961091336 0.8362802176950903
665.3010242740206 1.1249048812401048
