3 15
0.8516648494015868 150.0 830 112 132 115 125 106 106 111 119 106 134 122 124 104 130 119
0.8775809411281761 150.0 905 84 97 64 97 73 96 67 91 61 67 80 72 91 88 60
0.8283254537280391 150.0 950 78 68 92 61 83 93 85 76 95 99 65 96 91 86 84
1686.6874788760165 1.0984694176742036
2502.974611080697 1.01934422229588
1821.8827086316994 0.9506792791645524
1631.706107801091 0.8759558814465003
2270.496919526483 0.8758211113745487
1539.6628027289998 0.8423072588177188
1736.879337668995 0.9518123780201777
2415.606274721491 0.8920317387884099
3137.927903913206 1.0988377099037092
2478.2238865171885 1.057513286956881
1996.62107979973 0.8717292488426878
1965.1524044203259 1.0662815030155803
1965.6754126265912 0.8374645682845999
2694.7537898449473 0.8349531894582093
1410.0685110804234 0.948207862883652
