3 15
0.8618578867697999 150.0 650 91 98 92 97 95 85 74 80 71 75 67 70 82 93 66
0.8144981193440975 150.0 797 89 71 98 62 75 90 67 80 95 99 84 63 68 88 77
0.8417615792282671 150.0 942 110 100 136 111 106 100 116 137 110 115 108 123 138 134 107
1512.4675279335497 0.9049307580345896
1888.5928585673162 0.9423730888575819
1345.5556432465687 1.0184471244253277
1060.1749363974218 1.0424522680218573
1672.5387920087644 1.1836508014886982
1367.7839350301892 1.0088432504925389
1507.2724011662315 1.0262916848623698
1792.6180873578878 1.0386979746461706
1074.6187570432567 0.8368598691027573
1210.2564022245922 1.0538730104299259
1750.1883512288289 0.8536503503474153
1519.016207567703 0.9020904196937957
882.1769729563828 0.8624184490027644
1828.043264097157 1.1547905500449813
1639.4714338173317 0.8123046598744147
