3 15
0.8495978240748491 150.0 534 137 123 112 106 134 137 133 112 118 106 132 103 134 117 127
0.8288295244706516 150.0 669 94 72 71 69 77 89 69 75 68 94 67 90 92 96 89
0.8449739806485475 150.0 847 83 95 89 61 91 92 94 69 76 96 94 66 85 64 95
914.4177874701264 0.8438579733157002
1398.931382724496 0.8922340174399175
2175.7575321470435 0.8752974648062634
2106.5868066317857 0.8889475058871336
1515.519719884596 0.8335722517762483
2311.530758169434 0.8680408182898455
2399.548961047706 1.186694544302352
2090.2725544805817 0.8024095138492815
1669.9971728988621 1.0870620454808135
1824.2971319041706 1.0387178266662151
2010.0670287035837 1.0030818942530166
1898.7082931125676 1.0867538485635622
1125.5234621892478 0.9285602686077911
2184.3016365918647 0.9571847224529935
2035.8453951610713 1.0296713921301193
