3 15
0.8635833070705772 150.0 754 71 62 88 88 71 89 62 96 91 85 89 93 99 77 90
0.8715347529030382 150.0 916 76 68 65 74 70 69 91 64 61 62 96 86 71 72 96
0.8653611011518454 150.0 999 106 132 125 126 108 106 117 127 139 110 113 118 135 122 112
1583.0024412028954 1.004168613348774
1618.097641258633 0.8413129830005202
1574.1549896406425 1.013363868219658
1552.501629980526 1.0415939070551208
2189.489245600691 0.9312442225067334
1820.2763634696519 0.9385603467005346
1905.9755016576987 1.0444764568316671
2337.1672758334767 1.0053301548503817
2389.008581873856 0.9650774193398665
2005.7303417621665 0.8973666890202959
2173.3126823817042 1.0664751088236177
2163.0304168302378 1.025684615875639
2771.1578346064503 0.8980348576168514
1635.8066846412116 1.0534631971890134
1739.0151942789544 0.952867256334171
