3 15
0.856491841394873 150.0 553 78 81 70 71 68 79 94 93 91 67 77 65 87 64 62
0.8438040566289003 150.0 676 71 63 93 74 66 63 76 97 89 85 73 98 66 99 80
0.8411823130717324 150.0 848 136 129 125 132 135 131 107 139 125 124 111 112 121 139 137
1673.08147653856 0.814329408072746
1489.1420281583794 1.0165795285858792
1391.6283853460125 1.0902873004887395
1537.6644080808057 1.0568605411547485
1871.274308876192 0.9982658094702768
1201.3022324482397 1.1413165002730787
1400.4043570353897 1.138712733784012
1259.502979686325 0.8655407827009676
2018.533660691828 1.1425249459088294
2005.005114763977 1.1855948417928612
1547.5909196861176 0.8969818542586984
1924.6082532695432 0.9551885580456925
1717.8412163501046 0.9027434549495399
1151.653521150289 1.06549580557821
1441.0293801138216 1.087918231359608
