3 15
0.8827510709770316 150.0 664 97 72 64 84 60 74 86 67 63 97 98 75 70 72 81
0.8082294458029925 150.0 810 119 132 117 126 103 128 108 100 120 107 125 120 107 103 115
0.8325625400261807 150.0 963 86 67 89 63 78 94 93 79 79 79 94 71 66 87 97
2132.546928646142 0.9931969903165511
2339.2786844179113 1.161844786870272
663.8169627004131 0.9395548487292328
1924.3512688995213 0.9757890718997216
1701.9604860621653 1.1140165011967542
1636.6402260512725 1.0867834693045932
1774.50564270291 0.9963557111042416
2054.9707717623396 0.9984872364914628
1284.9730709249457 1.1960185279292803
2406.2816406627544 0.9168409568760872
2809.4834623993556 0.804600089863414
1129.67279918178 1.0934522334987817
2077.291896505287 1.1434815256711386
2777.520898238848 1.1631978494312576
1701.1336240046626 1.1154233475253994
