3 10
0.8781259399978748 138.6442532745301 611 107 112 126 103 120 113 139 126 115 113
0.8243116509055303 153.33308103000877 656 77 95 67 71 65 68 61 92 64 72
0.8691067835360549 126.54837002668408 906 85 77 69 60 77 76 64 82 91 94
2194.6851788276795 1.1325497215367064
1108.091199634499 0.9436116229792559
1537.3413214542954 0.98275138729414
1496.2420962542803 0.980720078974888
1770.4534898752968 1.0915941137290035
1481.0288136087938 0.9693455524620591
1310.559270605048 0.9136301016531504
1697.1237040127091 0.9833475739218258
868.338868887229 1.1135331551280492
966.9614534966029 0.8557273867985798
