3 10
0.8467739977524367 143.10881181452731 822 94 89 97 65 87 87 72 93 93 87
0.8244535081212355 161.92538646026964 831 62 86 99 85 91 85 99 98 64 88
0.8108338171592495 177.41521427608927 911 139 128 100 137 131 124 115 114 111 131
1529.7540861214784 0.8185451101753347
1272.3706730538838 0.8749661784659715
1434.764893721111 0.9395471201975455
2205.132640832153 0.8581551134664472
1553.497456986703 0.8496396050532278
1664.1739595239758 0.990767562052374
853.7574459420183 0.9442465560843459
663.2394406596217 1.1206957599776861
1183.766535689715 1.0946026212812294
1728.7847846405741 0.8561405194948284
