3 10
0.8143932487735446 156.0154937899158 589 100 123 107 135 120 104 136 115 119 113
0.876375216483259 164.29443216904426 759 60 87 95 69 90 95 88 77 84 85
0.8000338368840447 123.86506007292965 957 92 63 73 82 98 83 75 60 92 90
1356.3299998103307 1.0667707342981116
1686.5337223622348 1.0267243900838208
1662.6004881276665 0.9988216221976963
1109.3833901552725 1.1686126686316238
1396.0615604495342 0.878209443028787
1259.01463407409 0.8321105227244451
1955.9258497471058 1.017961445102099
1734.3603706635802 1.1549643021391198
1578.8810766321994 1.03566983953043
1844.1029688584783 0.9355469771311498
