3 10
0.8103177938053867 122.78973109294438 774 135 125 117 130 136 130 106 125 121 128
0.8645777434977011 145.0169282279411 827 89 68 87 60 70 96 90 63 82 60
0.8434956086991198 131.75380892922652 837 93 71 69 80 72 69 60 95 97 69
761.2515560336466 1.0713138154027135
1610.918440868369 1.0366575760516026
656.6225276807437 0.909251900045953
1272.3337890811908 1.0368993105267963
822.4457228516842 1.0196761316650345
849.9573601905258 1.0690044862820458
2428.7577170450177 0.8342889674654344
1063.5338550439183 1.1885799411043894
1446.413839069294 0.8771995939882434
931.0083491302402 1.1103548796617888
