3 10
0.8593728954184592 158.42147665256238 587 68 69 62 96 81 90 71 99 97 94
0.8329132430630644 135.71251792078831 651 138 109 134 119 110 132 101 109 102 102
0.8619780788584156 138.35445996191186 748 70 66 87 78 71 91 85 73 72 63
1327.2781988411687 1.1268260753485437
1690.6093125902034 1.109902612685258
1263.2436043702587 0.9887773087326477
158.66262610682224 1.130032793655975
1326.0543087395208 1.164272267037275
1339.1472370628035 0.9434683011573342
1218.917298085892 0.8680752931394339
953.5856188699967 1.1289508097456764
1032.5402678600753 0.9072893420649523
1656.509919378101 0.8106783771435679
