3 10
0.8119771453554713 121.7167853502925 553 74 88 69 62 70 64 92 87 68 87
0.8638440944538455 130.8613991879169 621 135 100 123 136 106 134 102 124 133 120
0.8929774109894705 150.33753015250613 647 90 84 78 74 91 72 86 63 68 80
1178.839551939032 1.1055339863452596
1291.548889878632 1.1474380351632065
1141.860228213528 0.8323290086429417
1120.4502569332187 0.8031127836112495
1183.9851196429136 0.8191203351816464
512.166750864127 1.1365868970340722
1818.2948679879878 0.8905395690158763
1359.519315568593 1.0546352452236962
1314.5376175739107 0.8222568249665891
969.1134499212383 0.9094769812151614
