3 10
0.8650756786559812 175.58160801863087 670 91 96 85 79 92 78 98 74 91 77
0.8461881276686661 154.85190844307886 787 86 75 78 83 79 73 60 80 63 64
0.829055001382651 159.12411861200792 881 139 129 137 112 108 101 102 128 122 111
1861.4675720832436 1.0622472946321635
1601.8820231172301 1.123563623929372
1336.4601811049615 0.8896689572701881
1391.6994519838222 0.8480243451364611
1150.0286764046598 0.8255436713221265
1292.2837386237672 1.0313169179628938
1385.4358851896618 1.0134523536386335
1152.7824131723978 0.8508169161841945
1372.7961271116278 1.0167588032192054
1332.1626389531878 0.8810141129716695
