3 10
0.898489474521752 161.46313445627993 694 92 63 72 75 64 75 79 92 71 85
0.8963895672191984 143.1432980067885 775 99 63 83 63 70 99 60 69 84 89
0.871860062789773 121.52584451985906 809 129 116 121 107 105 139 114 131 119 118
1414.501400992669 0.8626370644828454
969.5965421472579 0.8513864721122626
824.8750573730498 0.9782038574475248
1803.5370391662636 0.9895253798850113
1761.60449012468 0.8079873997590515
1742.0089939834295 0.9463531174585569
1231.2381132258365 1.0653496065974544
1939.9092607327912 0.9200117828197405
922.0178523712013 0.8078125877009388
962.9603304885804 0.9871580229272119
