3 10
0.8318748688300283 167.63536761551097 511 123 106 107 137 119 121 120 128 108 101
0.8948828295722524 179.90614760768943 668 94 60 85 64 87 98 79 90 66 78
0.8324475762133428 177.39458922843093 757 84 95 69 90 92 83 71 71 77 63
948.880056684158 0.8861394993756907
1765.398666410375 0.8385461424641613
1332.7256839919623 0.9827374980496328
947.1024964813578 0.8616519177483631
1631.6161620132573 1.071567980812046
1466.1663079682155 0.9494947258998137
1124.7246429840357 0.8773327175987988
1432.555107166113 1.0208169136957226
2265.4562208363095 0.9328181110427494
712.2529008562547 1.0507554510988268
