3 10
0.8932196112331118 139.22463167258974 539 129 126 127 106 103 108 126 129 100 132
0.8358743888716722 170.3279823029616 787 67 90 63 68 88 61 67 80 99 98
0.8715075367141589 148.87793302355428 837 97 84 61 66 66 74 64 71 64 78
1580.1731354836456 0.9956659601333062
1564.1358055678247 0.8715422409621675
1005.0345713585032 1.1269073638140346
2073.1313170082326 0.9401174511289305
1047.422650342401 1.085485165298078
1404.9439075412606 1.0090910393631305
2333.5580815468275 1.0709846619551837
1631.6852955386062 0.9554477291008976
1316.1953814177843 0.8701701206676193
1770.1750543505418 1.1034869431271817
