3 10
0.8760284681418731 130.09469928042876 543 69 65 80 75 81 88 80 95 90 80
0.848967947745626 134.14577383752606 579 109 110 119 136 106 109 109 125 129 106
0.8871204525166981 122.59753060825187 784 80 89 68 86 69 65 88 74 92 78
1332.705332791758 0.8771623821063375
1467.01510302706 1.1584933894816067
1665.0717629763055 0.863722154199428
1085.9312651820692 1.0485310274808612
1047.8732514424603 0.8839421117881067
1697.7302690086894 0.9025699672767796
923.3625937788759 1.1080601130036902
1149.0502688014953 1.0164321214599599
1288.4057430471903 1.0881717244919609
986.3657719878704 1.0630709483892256
