6 50
0.8416749972210636 129.09784718115208 507 126 113 118 136 106 101 134 123 122 120 120 119 115 108 136 116 118 105 114 125 117 108 110 129 122 118 133 117 133 115 110 120 123 113 110 106 132 127 139 129 132 135 106 130 136 106 132 134 116 100
0.7747230854302022 156.13222379167968 538 96 70 85 71 67 70 98 85 75 75 70 93 81 78 62 64 93 98 81 84 83 77 74 62 66 81 72 89 85 75 78 63 82 84 78 89 61 96 66 97 75 60 85 81 68 64 82 62 63 75
0.8933696247066863 148.56554388912213 691 139 104 127 110 112 114 115 139 130 132 139 134 108 101 112 116 101 127 132 126 126 125 131 116 104 113 112 100 120 123 121 117 130 139 102 117 124 138 118 127 105 122 129 117 115 105 106 102 117 115
0.7704976456707022 164.7435081002703 709 61 92 63 77 79 91 93 71 79 75 99 79 88 76 73 75 85 77 73 64 72 87 77 72 67 75 90 97 98 95 86 62 77 74 66 98 63 69 97 99 85 65 79 81 78 88 61 97 70 84
0.7592823263374667 141.1180237995005 751 108 116 138 101 102 111 107 135 123 116 112 132 101 123 104 102 128 114 104 119 114 116 132 137 110 104 123 131 119 126 118 107 127 133 122 115 123 105 137 136 136 135 108 105 128 124 101 100 126 132
0.7925829115669868 132.10069075024134 785 79 93 89 65 91 72 94 71 66 93 70 93 86 67 71 68 67 81 71 82 62 65 61 89 84 97 92 97 72 61 93 66 77 68 94 64 71 89 65 93 75 63 65 90 86 84 86 65 88 92
3760.4179262276243 0.9019855428862024
2796.5889855773858 0.9930263141888431
3984.993698663643 0.9914694254750466
3086.9233690380747 1.0121724553439952
4970.84457690918 0.8016819033721788
4712.7874498422625 0.9337664139601828
5386.62080820461 1.1559730497488578
3485.9333408801363 0.9182564409156003
3261.0091647114664 0.820066533333246
4513.804849307707 0.8720964678443899
2286.2201447718244 1.0149467272523087
4056.2466686321186 0.9770939029193464
3612.2810627206377 1.0537760652243413
3650.3257099684406 1.0690152788341996
3515.620845630895 1.1156305258931327
3336.6379072021255 1.048811784759999
5784.47759212159 1.19198019277925
4423.966860584193 1.1414443848325724
4399.159161901768 1.1590904535197923
4066.163517537886 0.9296705083573653
4835.3620900368605 0.849750126794129
5258.37092915686 1.1862884400594282
2695.086832518423 0.9947470780375793
3676.7197814618107 0.8761591823505421
2564.4323600582657 0.9469321440603808
4043.156859832038 0.9128976895505285
4533.491427682536 0.984391906339984
4509.263306053062 1.1428484276249733
2775.5764304398863 0.94788269510337
4259.123135098028 0.880615769951481
4871.102583774187 0.8572512058576444
3870.3417966115076 0.9076292838772648
4223.63285591381 0.9157477329461537
5079.406962871337 1.0752635211308337
3077.8528690006283 1.0317444447171458
4490.798456734531 0.8300145447066536
3763.9887146366495 0.8451784950198744
5299.711678268327 1.0950562568881854
3119.4237430283333 0.9136848027452849
4320.354606302121 0.8708009357785831
3406.845693393161 1.0936285186404426
3495.791563903281 0.9088757142783404
2140.9011045437583 1.1775537037466406
2535.452413650729 1.018670923452853
4770.085130790958 1.0464338026883642
3730.198133985513 1.072019656829978
4327.938465641592 1.0848209725115134
3906.5252018622114 0.870417923169784
5087.265186063683 1.1757090310442393
3283.285486034838 1.0252168072736874
