6 50
0.8870974996369126 158.90335204804182 564 87 71 76 60 89 60 81 86 70 63 92 97 71 60 81 89 89 83 61 95 80 80 79 77 74 61 72 83 74 95 66 99 65 72 75 91 82 74 99 75 69 86 97 64 72 62 61 83 74 76
0.8214428742103848 149.7398888470523 603 109 119 100 137 128 106 122 126 105 114 107 102 110 127 103 115 117 108 139 110 133 129 104 104 132 132 100 126 113 136 136 138 135 100 128 113 128 132 110 128 105 103 119 136 104 114 117 121 110 136
0.760186045078555 145.52835106107406 738 93 72 84 85 89 71 88 62 84 79 93 97 91 76 69 87 93 63 81 73 66 78 90 87 95 88 91 97 80 77 96 72 90 70 89 79 91 72 62 96 84 85 87 80 96 91 98 63 81 64
0.8810993443408701 132.63629656728315 817 134 109 111 130 112 128 134 135 103 135 123 128 113 125 108 135 120 133 138 123 126 129 118 129 138 126 116 116 139 104 126 108 119 127 107 121 125 114 113 109 102 118 114 105 106 139 132 134 129 106
0.8708188019389329 163.67905508201335 847 117 106 111 109 131 136 127 116 132 130 119 127 126 113 105 107 101 108 108 133 118 136 108 113 130 121 121 103 105 124 103 102 133 103 101 115 138 100 103 123 101 123 132 135 135 139 110 108 120 117
0.8277215733269383 121.52840702980613 986 83 87 77 64 73 69 80 96 83 86 71 62 65 88 98 86 70 95 66 65 99 63 64 69 80 72 85 89 75 79 60 61 99 91 66 80 80 91 77 72 64 63 67 66 74 63 62 90 98 88
4457.275057011525 1.0048900707474016
3891.3947139196193 0.8576989099842881
1628.2687782734197 1.1480725413393065
4372.17736065228 0.920913323150105
3508.4132734474874 1.1712304090495733
4781.839489977145 1.1684328272387305
4335.9554556901985 0.8597557111657199
3520.786343826735 1.1335936052470699
5172.473460082576 1.0091278285308427
3079.566205116043 0.8221086542574721
3624.3801675915033 1.1567781530112566
4223.608609254461 1.093708350773322
5085.402185365257 1.1104965633549355
5689.223642847993 1.0620391801419105
2950.028049630232 0.9849665952439097
3760.08911176427 1.0344359638102572
5535.037494687874 0.9064987375656957
2961.375079418249 1.1979495127429631
2142.868190480661 1.0671529078135178
4122.696491599058 0.8564112612936575
2922.89022502235 0.8084549533859025
3861.9535278192798 0.9504463285096711
3420.185419038607 0.8926538748899286
3010.1774018171654 1.0536854659003743
2682.4483877614985 0.8412498699720273
3661.34800010383 0.9394522673174013
2848.6420734093667 0.8767252548725021
3427.84953677269 0.829058063605755
2523.7419430996943 0.8085165816631481
4552.0868235773505 0.8938230256351848
2824.380154764996 0.9729681596961111
4156.372711447539 1.0531425766491243
4092.698382428764 1.0597164369924381
1754.4214046083848 1.0775817884484526
3275.695136748266 1.1235243586295338
3433.8699366362976 0.8446697841580384
3475.468096839413 0.9264340594668421
2718.923663101622 0.8880276966426104
3516.9304944682717 1.0795326642896412
2368.0247563738067 1.0169403502276093
3446.573841601712 1.0920127134060111
4317.966035440431 0.8290043741848231
3318.0520264663214 0.9409112474851573
3755.288284765256 1.0766729460009417
3684.7863719335514 0.8164859270854584
4586.003601809813 0.841220985665657
3436.4300276107942 1.084236059171997
3383.2449465377827 1.0894758747673075
4080.4849751128418 0.9951554626613028
1924.62519323071 0.8826918247192012
