6 50
0.8423686686040512 173.6814944247323 503 68 60 80 94 68 63 76 63 97 94 68 91 94 71 83 99 62 71 73 69 94 82 81 99 96 71 86 63 85 79 82 75 62 93 95 66 87 99 98 78 83 76 90 78 70 74 63 70 69 88
0.9188666247374185 139.08911727628052 575 96 74 69 84 88 64 75 73 72 88 69 67 86 75 93 78 82 86 64 84 71 92 68 60 99 79 98 68 92 88 98 79 98 63 82 81 69 81 87 81 74 82 90 72 62 92 85 92 69 76
0.7510593155768049 179.74723071288912 629 122 111 139 137 134 105 101 113 134 126 120 138 103 126 121 131 124 108 120 111 112 120 119 100 126 136 118 116 102 113 134 110 118 120 128 134 139 137 134 131 138 125 122 125 119 118 122 130 102 104
0.9383482142120346 150.37250604591074 800 132 110 110 135 128 132 104 123 129 136 105 117 130 119 116 114 101 127 110 136 115 138 120 135 136 111 121 109 136 126 122 139 105 102 116 137 109 135 109 120 100 100 126 125 138 135 118 139 139 118
0.9456596826391357 121.64254406310832 863 70 98 65 78 82 83 72 68 77 68 87 99 70 62 93 82 72 93 68 82 91 65 92 86 93 91 70 89 75 81 77 75 69 85 89 79 92 72 71 97 74 92 86 89 84 71 61 71 86 89
0.800384524127906 170.96238539487294 938 131 109 139 107 101 128 103 102 106 121 137 131 101 123 116 101 105 129 104 125 120 102 134 118 113 128 121 136 126 126 113 131 130 132 117 120 129 139 138 130 107 137 102 136 113 108 104 118 128 134
2909.021616522956 0.9507067324981889
4295.34639448317 1.1416424973476529
4722.282580057816 1.1864728713236394
4237.8992463629 0.9698590259402362
2353.435959239836 0.8627539513014114
2608.8558773514283 1.1113576632517894
3522.7567098608183 0.9171764083325841
4242.526588151165 1.0880423417414962
3425.575710954263 0.8272362882384128
3248.013795677911 1.1502025057846985
4017.104010377422 1.157915057172079
3716.9824002911196 0.8628277936063257
3271.77427907724 1.0634974761542484
4443.700351484871 1.1639625530334559
4039.7353001973006 0.873764933452121
3016.7515955390977 1.018992671490729
2005.5144417392653 1.0683812806388346
2617.629453355903 1.157648878843471
3796.3802017935927 1.189859632248949
2972.757193930022 1.0952493940696946
3361.898461848348 0.808312837122498
3374.4630229218587 1.1786197984979878
3791.8969340052104 1.0700744868697605
3481.787994280517 1.0765474423082826
5334.498162261156 1.181320762486422
1004.614165325409 1.0452872491150502
3725.4209083179207 1.0689010824344876
2487.230766764377 1.088102637609724
3488.0381742978325 0.8874807778750751
2662.0505525529397 1.0007876237967837
1429.565586320155 1.0589044350375518
2274.1213535522947 1.0397400956999139
2671.416364905671 1.1789985842139212
1255.1799586091179 1.0339829527491995
2410.488597137798 1.0526445371716064
3426.856044457591 0.8538594182438213
4925.122280123061 0.9505783179431292
3329.66927108744 0.8731148107900555
4525.420637211139 1.0724367364600234
3611.718879636392 1.0241434620671797
3851.830703421451 1.1405578953916096
4488.998892517517 1.1943379500799416
1940.9883323340098 0.9663706497746324
1898.772259206191 1.1580219936039433
3994.733666196072 1.0385926068535851
4364.860036768431 0.935505133981653
2542.844887822039 0.971428165783075
2985.2128204340916 0.8521465568800207
2031.3654542672978 0.9547892724356972
4745.911848438155 1.0490428661346851
