6 50
0.8000278391648773 143.01611775642806 669 107 139 128 104 132 107 133 130 114 101 132 100 138 129 116 105 128 109 121 130 107 110 114 121 123 122 104 112 122 109 109 100 111 137 129 136 100 131 111 125 131 125 127 113 129 101 136 116 131 117
0.8003271573300393 136.3416122980502 807 71 81 97 76 99 69 90 68 82 82 82 87 87 88 78 60 85 91 83 65 90 99 86 78 68 60 81 65 70 95 84 66 89 79 75 77 80 72 97 92 69 93 72 73 87 67 63 95 61 79
0.8535230601522673 175.20269355489566 817 62 88 71 93 70 78 96 85 86 99 99 65 68 98 63 88 77 72 68 78 78 66 67 84 72 63 73 79 81 66 68 69 97 70 97 82 65 75 99 94 62 79 94 78 68 99 92 71 79 60
0.863031979010473 142.24303359923695 887 99 95 76 85 79 97 83 85 99 78 74 73 75 81 86 74 99 87 98 97 98 78 64 67 66 95 65 70 64 68 79 92 61 65 71 73 98 70 70 74 68 81 93 83 73 89 96 65 90 72
0.8123009779117305 128.66852698456097 919 117 131 109 110 103 130 122 132 121 127 117 108 113 114 105 129 119 104 124 125 130 130 135 105 139 128 112 119 109 116 107 113 121 109 116 105 139 129 107 120 136 109 136 128 127 135 114 114 103 100
0.785387182027911 155.3892474502505 958 112 118 114 124 136 122 139 102 125 112 131 109 104 111 117 120 130 131 103 115 136 116 137 106 101 135 135 138 112 133 116 105 113 131 106 124 131 100 107 125 128 134 137 110 121 136 105 103 120 104
3174.6555488542826 0.8343375199770086
3173.2801907294297 0.8927650367197209
3633.529578024036 1.006237249675803
3633.577096473021 1.018189050024586
5028.470806528086 0.9980310321317509
2796.686901046407 1.068788656046438
1541.4911414644957 1.0348727763168641
2309.0495192832336 1.1398789943375793
2725.8656005623525 1.0647547199919036
3663.533752694141 0.820422388406651
6801.019229260386 0.9574157192176388
2766.5734405561825 1.1090606559013625
5225.702104281421 1.056770670710025
3998.29533342995 0.8954179557251315
1893.8829326140972 1.155654197129489
4346.522012619805 0.8567360051569987
3547.8131986969697 0.9369379676754037
3696.12976702308 0.881217815310567
3746.4091919601588 1.1423176705865143
4145.610211744391 0.9414976561154695
6009.968957190653 1.1672099079209395
2224.6072105316334 0.925383165117509
3774.6885774047764 0.8263415666106183
2387.7143734649394 0.9707117791835089
1633.7153653110745 0.93910710888306
5867.616789049584 1.0586426854557405
3061.4032831773457 1.0926842636238951
4815.521139120156 1.1029960822146205
4323.919699406533 0.8253707379527331
3478.838553135478 0.9381768540513221
5327.56977424817 1.137698896271138
3404.637715289189 1.129975279748714
2887.260708535006 0.8003043800379848
3554.5388740023473 1.1845497363872184
4618.953712689336 1.01218060077451
1636.5540468718414 0.8600686930109512
4933.61444132596 1.1044538839760247
5326.8285736491625 1.1732659592349508
3439.2031194659457 0.9742193573214217
4252.893633233912 0.852703948874047
3834.240419622164 1.1115097125659874
4348.04879876729 0.9752149299226648
4065.152960568863 0.9475893176980922
1630.7821329501503 0.8323534023511598
2610.128521125933 1.182154909155119
3205.165634253892 1.0706971637087797
3361.076681880785 0.9805740840011674
3938.332893535751 1.1043260777519337
3181.1127821589976 0.8077370170396917
5079.996311042178 0.8468692781850649
