6 50
0.7779400403919474 157.19983776158452 579 95 86 81 98 61 74 81 69 84 98 93 87 68 98 79 92 73 73 65 81 84 60 77 76 72 61 96 97 93 66 76 88 96 71 96 94 91 95 70 64 65 96 75 73 94 78 95 61 84 64
0.8054326351796468 177.8458343647085 712 126 137 114 106 131 128 134 118 100 132 133 122 134 128 132 130 138 128 120 102 132 121 131 114 116 129 133 133 103 133 113 139 112 121 122 113 133 139 120 132 101 114 134 108 126 119 127 113 110 107
0.8254963925078657 175.22768083898683 732 80 83 87 92 70 68 60 91 66 68 64 80 94 95 65 80 93 77 93 96 73 75 90 76 86 96 82 64 60 70 64 88 65 87 87 87 73 89 81 97 78 74 68 64 73 84 76 87 95 64
0.9369237228144772 140.99047995328368 803 63 67 85 70 66 74 95 85 91 87 70 74 65 67 66 66 61 65 68 99 74 84 88 83 95 66 60 69 60 90 77 67 80 77 98 72 70 79 78 60 92 97 76 88 97 80 95 67 95 81
0.8007133871120011 143.5608655932789 831 120 124 139 127 119 107 106 104 111 129 121 117 134 106 138 112 104 117 100 137 108 137 133 119 109 134 120 100 125 107 102 122 101 131 117 133 116 117 119 121 117 109 134 105 123 127 107 106 115 110
0.8723249744705811 158.87858289549973 859 119 102 111 101 137 129 107 101 124 133 116 120 135 117 105 136 122 126 103 104 138 118 132 118 101 103 127 126 108 115 108 125 122 133 120 134 121 113 131 109 106 107 113 131 131 109 107 107 109 127
3325.197140519738 1.0709127850223528
3352.252812852579 0.9620006589490684
4290.827448265161 1.186134159227197
2861.5528686761577 0.9539668379544999
3372.3337259562654 0.8471504456587439
3928.512863337358 1.1222853039570233
3774.3377552369666 1.0259078773206116
3775.049787488504 1.0867689066266903
3419.5501616462207 0.9174120945448484
3803.958450232101 0.8474219941641515
3172.559412029842 0.8358121891520914
2568.2479939026553 1.089504071005374
3714.1996968158955 0.946214749497128
4552.982331901362 0.8803019537414681
3782.329800839975 1.1292557059194612
4247.680099601584 0.9289452334307613
2714.1510086034314 0.9388226326540298
2835.883575429217 1.1261728682371075
4559.9136847386035 0.9776021207807765
4032.3809692901514 0.8178375104498309
5361.53892434766 0.9960915090919276
4363.9040327978555 0.9834119075310979
4263.847685739076 0.8313272639877974
3716.4790791214027 1.0400713748840862
3687.0538856799976 0.8519371853358237
4417.363396849609 1.1968646461229207
3949.001879519094 1.1456670987146762
3800.636383027855 1.061318890401143
4335.696185170163 0.9338613406266327
3207.685957047043 0.8238210064800378
4482.7065611853395 1.1816617738228166
3491.4762805835994 1.1543591062195733
3505.094156516302 0.9132714793321316
3839.6675845861146 1.106280583504736
2748.9632199252364 0.9502217893321604
4154.926355087467 0.8819093163834686
2523.3986552050173 1.171345935815147
4248.071439846568 0.8881036240991784
3549.516143438645 1.0757094555307425
3149.5609335060035 0.8078269001502072
2891.3720324411847 1.1492970413475527
3425.980032061378 1.1436987103726892
4536.447556411216 1.006637940199382
4014.4467052671857 1.028270892653749
2336.695307322054 1.028179860358205
4575.866024353407 1.1510199551351468
4765.461659588405 0.9041728508036884
2507.3584831786166 1.0918389517552072
2740.9395058575774 1.066345100358792
4221.7849950658865 0.9577200455916381
