6 50
0.7740268418604601 150.74527692284482 521 84 62 79 83 81 78 61 96 82 99 92 92 98 82 64 67 96 73 90 95 80 87 79 69 67 82 79 80 78 69 75 86 93 66 99 63 85 91 73 93 92 97 83 88 95 81 66 95 95 96
0.8831549127922542 162.95196043747436 576 82 66 63 66 68 73 81 65 74 66 63 63 69 66 91 78 79 87 77 96 73 75 72 91 65 77 86 95 80 95 67 68 97 92 91 64 97 98 80 89 94 89 65 74 67 71 93 88 91 95
0.7596326778941711 170.35693664778628 588 132 133 107 136 131 120 134 122 114 125 101 106 132 118 118 112 101 113 110 135 108 107 129 129 114 101 133 125 111 108 102 109 108 110 123 127 131 112 133 127 100 118 128 114 123 102 119 130 103 109
0.7962252319699739 144.7213667546447 895 99 99 93 90 79 93 87 85 62 86 74 87 81 94 63 93 81 94 75 66 69 81 99 85 73 73 88 63 90 85 92 79 96 78 68 83 62 89 71 74 95 69 96 84 85 62 68 88 77 75
0.8841336776789493 140.89190953498792 914 119 107 101 129 108 113 124 118 130 139 108 138 112 126 103 123 119 114 111 117 102 135 139 107 137 103 132 106 103 107 120 122 106 105 106 136 114 101 121 115 132 125 114 117 100 101 112 110 109 101
0.8766688696398897 131.19883267573553 986 138 109 111 129 111 110 132 100 107 137 136 130 131 115 131 114 138 116 120 125 121 132 129 101 130 115 133 123 131 127 105 138 138 139 110 121 132 107 104 111 134 118 132 117 136 115 133 134 113 112
2994.880009671626 1.189841183885587
2104.216876462172 1.1283855328782577
2743.2289590655746 0.9128452238290206
2964.779351603847 0.8306045115358213
3001.521590529191 1.1576386178832008
2933.203210047834 0.9588032473703882
4399.600935680749 1.0925885947478862
2887.4402121894295 0.8897186056231683
3099.4940000012566 1.0773349114553994
2121.32543236841 1.1864707853811667
2794.1752070697266 0.9079290110185675
3762.8821959282545 1.1736108068987594
3622.385653874327 0.9086402326450839
3472.066915306276 1.0626091130147364
4106.067471578586 0.9685390189403271
3841.1633945193835 1.111546223549086
2579.7336652655763 1.1817064576907526
5549.69204405392 0.9310890993056535
3564.418404558614 1.120383521031372
2868.8038918268294 1.131722025124981
3676.8835005219266 1.1681903833222949
3787.8798398837457 1.0371304136094663
3427.8995700126356 1.1941134062271823
3358.906871038394 1.1254395042142349
2585.353728028459 0.8467216660021094
4137.180711229109 1.1918956498084035
3680.9715832904994 0.808033313518532
4826.302983199337 0.9782766351832659
6114.985056551284 1.17568243037278
3122.253307720439 0.8586813522247086
4500.23350055559 0.8020208912717526
2432.616634234182 1.1906604376708567
3825.0742137156794 0.86175957567842
1367.5763336329046 1.191564985508959
3804.5721454089444 0.9087701978578223
2792.854308659961 0.8042621119106781
2741.648202560672 1.1736984173054301
3712.792703958659 0.9756281776931948
4900.845090363643 1.0295119466044111
2802.2987716524294 1.090054742928909
3249.606436021324 1.0487890035005454
2850.9523780169975 1.1347951793327455
3566.223207354157 1.0585817461874523
4701.072842944411 0.998966944764015
3943.7661960869445 0.8320712531661596
2963.516803896001 0.8689861799022217
2346.6599344076203 1.1701199307426742
4011.9184163565105 1.0892700569272369
5622.749448162202 1.0009276883314968
4728.123045852273 1.1290080062687862
