6 50
0.7858508316236641 121.30873307792497 638 135 123 102 103 120 115 138 116 119 120 126 123 123 112 101 139 122 125 104 111 110 134 108 135 115 109 132 130 116 102 125 101 117 112 126 136 116 122 124 116 131 129 133 133 114 102 108 127 133 130
0.7555370890732861 141.87572491414005 686 119 126 106 116 110 131 128 120 106 126 137 131 118 101 137 131 138 122 103 122 105 119 111 118 104 109 121 135 134 107 107 120 128 109 131 101 119 113 121 138 103 106 114 117 130 100 122 131 111 133
0.7777436972356494 161.9913987218996 740 96 73 83 71 78 89 62 72 96 75 95 83 69 71 82 83 82 61 97 80 83 62 99 60 96 80 79 83 76 96 99 69 62 85 81 60 67 98 80 61 93 60 79 72 94 69 75 64 87 90
0.9049504182640037 166.56408254357626 811 66 74 84 78 87 93 85 68 78 92 96 88 82 64 66 63 67 82 71 88 97 99 68 80 71 92 78 92 85 96 61 95 71 95 89 81 66 60 66 69 87 79 79 86 82 85 81 80 80 73
0.7576708768346102 139.74075350950244 843 78 88 72 80 72 75 96 85 99 71 63 93 95 66 87 89 79 96 93 67 62 75 91 79 60 80 67 93 90 66 80 66 85 95 83 98 65 71 65 76 79 95 74 77 88 99 70 93 60 66
0.8247405280752351 124.63348877490954 999 105 139 133 114 109 109 102 101 120 124 102 114 110 100 125 139 106 106 116 107 139 109 108 128 116 103 111 111 116 105 116 116 122 106 130 131 100 129 109 105 137 102 107 105 115 134 132 102 115 102
2759.8010618305943 1.0972592053997927
3006.787936670582 0.8976871995264133
4188.7773676601455 1.1902630511091439
3881.2598591420333 1.0745325617546262
3195.7249291608837 0.8892981184043037
4909.362651760353 0.817529501997319
4821.993958381967 0.9615679993737858
5548.539108633144 0.8202306343851964
4127.456609182763 0.8846908094008765
2771.894258093914 0.8665395396623355
4857.539245163763 1.1282715853591974
3418.855256671849 0.9899333600317605
3534.599565398551 0.8674141337504249
3995.4797387342956 0.9814704205616783
3284.62242898346 0.8554412778690474
4262.06344595029 1.1818804412481656
4016.7516840123453 1.13371683530778
3039.1265532419566 1.030008730532104
3528.8460260831193 0.9361072333545458
4261.7994311330585 0.999927388873646
3712.0246951210106 0.9020283563904847
3400.131720850629 0.8668622747807091
2684.5367042105463 1.1761925836750762
5217.53150157887 0.9688919112990282
4095.953423978213 0.8006010608233388
5292.179956815557 1.0273585801209069
2491.153800908002 0.9307781980628845
2236.2085716838665 1.005941670356613
3911.4706077144015 1.1256934498902136
5086.531773409297 1.178403021784006
4787.929756327299 1.0178507709727735
4819.006527916067 0.9820513372239431
4018.015303386687 1.1983345698586045
3588.1619162291113 0.9328146303917367
4431.139580036854 0.8435904473102876
4019.552848122341 0.9044716999707679
4379.023095939061 1.041656204851807
3867.9555265067247 1.191685208687271
2748.3939160849177 0.9392020779183822
2681.34677479282 1.0817231233431768
5016.881230307315 0.9854952572132825
6237.725153445146 0.9226160201059138
3870.7354274172594 1.1288786517065237
4894.72062723447 0.8622685774249101
2046.490770830151 1.09103762877273
5248.472503079206 0.9687739788161058
2160.5653019673364 0.8387270960529013
5096.639518480903 0.8352923493633885
1609.2784159024823 1.0900143591829485
3538.0944126753757 1.0887464799769329
