6 50
0.8689588582174963 176.97373182468425 546 68 94 91 87 84 84 60 72 99 97 63 93 84 93 95 76 72 98 96 76 98 94 89 86 72 77 65 97 60 66 76 84 89 94 90 91 84 61 68 79 71 93 90 62 80 74 71 82 70 75
0.8397437351808538 165.99900988413773 601 72 75 89 96 79 78 88 85 82 93 61 95 73 80 93 89 78 73 89 81 78 92 60 64 98 63 77 68 70 67 91 99 86 78 81 63 96 70 95 69 78 98 65 78 85 87 72 65 75 85
0.9095133429892749 142.81211099395557 744 122 100 119 107 126 127 122 121 123 138 129 100 114 116 123 101 109 118 124 124 139 133 100 132 123 120 103 115 103 115 129 100 112 106 115 102 117 124 129 126 136 125 110 115 111 119 103 116 126 139
0.7530176977010536 152.4765317316584 815 137 120 100 111 103 103 134 105 102 113 117 126 102 138 106 118 109 132 107 104 109 108 104 103 112 129 117 139 127 133 130 101 112 108 127 131 113 108 112 133 110 135 115 115 101 118 100 120 130 135
0.7627777835314432 134.93084506331036 884 123 101 130 105 105 122 136 117 109 119 112 116 137 128 132 133 112 119 109 134 136 123 103 121 136 124 105 109 110 114 110 133 117 124 134 109 127 120 118 127 127 125 117 102 103 120 127 131 139 113
0.7768255209075852 154.65144720193175 895 81 91 98 67 65 93 69 66 70 89 87 82 92 97 72 79 72 73 80 83 83 91 72 63 87 94 65 85 98 60 66 86 74 62 81 68 85 77 73 69 65 87 97 79 79 91 89 86 73 67
4874.019494531841 1.0417265806101697
3230.461542352483 1.1246240202342066
3879.3685717190638 0.9329843820300165
3569.1943955048637 1.1797562688052312
3588.543789784751 1.0799625663671175
4177.17732735053 0.9036141641782489
4789.353649087321 1.1531358081686265
2165.00124449847 0.954398494485118
3663.8531559925004 1.0003753128470512
3107.1622601035156 1.0097517929756814
3301.6383251779025 0.9303813455147648
2793.252818348479 0.838907879913131
2750.0906456378625 1.0356977771397669
3206.097707314004 1.0816141100426129
2717.8382436571687 0.8763614703676803
2842.609096749737 1.1392432199192066
2852.2564847578938 1.1405577014951023
3566.8077144748145 1.0184274822002388
4243.9693918611465 1.1606936547799471
3010.5620724998053 0.8356578937916763
2674.9894709749497 0.8786896570553273
3247.704979862042 0.9929281377140639
3397.4575272961238 0.9211893360274304
4530.553149488176 0.9075285706976024
2746.9540829215543 0.935724339515645
3569.5731897001756 1.0491920954461067
2334.1266525972505 0.8603305961452333
2359.2042891208202 0.9500795382617739
2782.4719722289174 0.9172897973789106
3324.7879710324505 0.9926262747267734
4029.767267593819 1.0725603508898467
3260.0174449143933 0.8701004323032961
3359.329714396772 1.1368874178445718
5151.358388834021 0.8155620020527228
4310.338782729386 0.9269826236280233
4838.025137020021 1.036803510336727
3571.7779448181327 1.0946212433764861
2665.2071696998664 1.0274714565832954
3370.4860981731686 1.1928139694353337
2086.6306227072128 1.0758260011069818
3889.644702855565 1.0816045423946272
3313.4761505765573 0.8111266186366659
4688.080954673029 0.9114179181279409
4589.848584328108 1.1853234908628139
2804.222459404365 1.0020316833071887
2794.1887184275156 1.089227141299581
4490.525960667399 1.005800058063787
3027.073786136611 0.9403433684936591
2870.574196416028 0.8452029825424107
4189.348193214802 0.8284607555514489
