6 100
0.8475541656707425 159.63532333199933 706 132 100 137 114 108 105 115 118 107 100 112 114 112 117 137 101 139 118 139 138 122 127 138 118 138 107 103 122 108 129 122 131 118 111 133 112 132 133 109 108 100 124 128 103 105 134 130 135 121 127 108 136 112 116 101 100 111 102 106 118 103 113 100 129 125 105 100 130 139 122 112 135 125 138 127 112 117 124 139 102 129 111 124 121 122 111 108 109 106 112 136 100 138 133 107 138 123 125 124 128
0.8046519951670105 170.8842507662903 708 78 93 77 62 83 92 86 86 62 78 75 94 84 80 88 68 71 92 80 65 77 86 76 98 74 60 90 69 85 84 67 98 78 85 89 95 76 91 81 62 86 75 85 85 81 67 96 62 76 75 64 71 67 80 60 61 81 73 60 91 74 88 96 60 68 87 73 60 70 73 88 67 64 70 78 78 99 62 80 79 80 79 87 88 74 66 61 93 87 92 84 98 97 72 73 84 79 99 76 78
0.7870725329423827 126.09972662026331 754 131 138 111 130 103 105 138 120 139 134 122 105 137 112 138 110 120 100 101 135 104 107 124 120 107 112 134 137 103 117 119 108 110 112 137 137 103 125 121 131 130 130 123 112 117 115 108 113 126 127 103 107 122 107 138 127 117 121 111 137 136 127 100 112 110 126 132 114 112 107 129 108 113 134 132 130 139 106 118 125 139 121 135 115 126 115 115 128 130 132 114 128 100 124 132 114 104 131 122 109
0.7812004230366384 175.2358936992954 839 135 134 121 129 132 129 114 131 115 102 135 137 134 134 100 114 103 102 116 136 105 112 108 131 121 100 110 104 111 115 117 115 136 121 104 121 109 122 131 119 136 137 133 135 122 134 112 123 117 131 112 106 118 120 132 134 125 131 115 114 111 111 133 120 133 126 100 132 118 113 115 104 124 139 100 101 134 133 126 129 132 115 112 138 125 123 126 127 106 139 136 118 116 133 121 136 128 110 108 131
0.8903830234106239 120.85221249148043 867 75 85 82 83 87 66 85 69 78 88 63 77 94 72 67 77 69 96 92 94 65 82 69 96 81 96 77 73 92 60 98 62 67 77 77 68 95 67 87 98 79 95 64 77 75 63 77 89 81 94 94 76 60 74 68 70 85 67 63 95 97 73 97 89 63 88 84 78 90 88 73 76 60 93 95 69 70 78 92 87 98 90 68 94 91 95 72 71 86 95 60 75 96 78 94 80 93 82 64 81
0.7820638139365775 155.80190422391098 882 61 64 80 86 93 60 68 99 77 96 74 93 63 86 80 87 79 79 74 96 61 61 70 76 75 74 64 83 98 79 96 77 82 73 61 68 69 71 85 60 98 95 65 88 76 93 87 73 65 86 81 82 95 67 93 97 70 61 82 84 89 81 99 99 74 64 81 72 69 96 66 66 61 63 60 87 92 73 91 87 81 99 82 64 72 77 84 67 76 74 88 98 60 66 90 72 82 64 96 78
7009.735738348895 0.8962445994840912
4973.230960343266 1.1804415309725935
6874.983025120614 1.1124187688483598
6265.059450338616 1.1176131531925764
4743.776806029871 0.8102912041053743
6868.053798030348 0.9224675306194668
7266.602682334993 0.9419831353132955
8304.77467660632 1.0045323772101957
6842.8198856890285 1.0631996260855745
5232.2946133567075 1.1032230384938104
8232.665401429087 1.1064521635181717
6576.102926692469 0.8298742380812795
5921.480025037691 0.9682342788117059
6723.26223529181 0.8466417075773406
3690.6382974087433 1.0349094515849175
4503.1874732183005 1.1866221084492026
4345.659146707279 0.8001071997946019
7638.854614967459 0.921107657832269
7385.747920252392 1.1731366028942933
9898.18680806209 1.093489996077005
6958.871988043068 1.0153951764749145
8643.501691296546 0.9992500306764008
8625.473647137316 0.9183016174565876
5932.278978115183 1.1783918388514472
5855.763697335957 1.061604793242188
6096.908832876998 0.8775711237555691
6263.179150822463 1.0236693608781824
4014.5113362370644 0.8332589920118176
6118.191794272549 0.9001180400949854
9095.394579780574 0.9593025322501739
11035.607818944267 0.8632140839069742
9583.640575417434 1.020293275302259
6845.373741776371 1.0301842499711622
5435.688176556972 0.9186358248284814
4884.71153689033 1.1861633462470353
7575.8745465781985 0.8745085195702923
8604.207063526846 1.0787173478929393
9330.855790893464 0.898013734423312
8884.783326505494 1.0099298069250995
13537.68144626574 0.9390002457104655
4809.423744476491 0.8610619317109822
8297.988882695552 0.8332857847853938
11657.997678367607 1.1391284243725126
7684.707557769843 1.0977409324981124
5747.923109494068 0.9608642266620109
6807.775486824155 0.8472424855648788
6274.230504582125 1.0762101691343198
5426.193136888456 1.182438444130895
6669.2681099933 0.8304185593974767
5728.290183765366 0.989829817204102
8432.17902712347 0.9918101955568952
4268.732147295585 1.1091191279551487
10582.265140589232 0.8062380587341977
7137.151134127749 0.8584263659891223
6710.4041743471 1.1762668453776923
8491.398067190206 0.9022717218709068
5402.809578607441 1.1747878031414536
8260.08870182656 1.0638882113222523
6327.317947038434 1.1803373211731656
7653.811441760982 1.0660309066247908
6013.087303146499 1.033813614406251
10737.375830286284 1.0320449097392697
5939.973774472048 0.858797839839373
5010.398621754635 1.1055491008920642
7387.527856753817 0.8505732843688054
6277.737204138209 0.9890519351522952
9083.476594512731 0.8103973892710084
7150.949991371277 1.10997277905929
7349.471053614417 1.0183764657540428
6753.3335661752135 1.1458240935712642
6739.1612015256205 0.8250278097654444
7193.491287752533 1.1516250983718497
7489.695005834379 0.8491164715483733
7108.258006390859 0.9377718837656865
7052.870082194007 1.1003599845481356
8562.95215161834 1.1674767935572021
5880.141035943161 1.0102932084143197
6829.3281212735665 0.8752546180456307
6038.285433167955 1.1765993730636186
9519.95761093299 1.0327034716649872
8586.263347995582 1.168165020648917
6682.4090805933365 0.8624021018735125
7812.264654256021 1.0541406034935183
2894.829654066351 0.8478087343459957
6519.2686367410315 0.9876129225223004
5002.484530115829 1.0047921287128128
6484.084722610558 1.0153163741179736
6105.522006516071 0.9852248914343992
5460.184261010298 0.8010592680103309
6001.416333698394 1.0231839445260695
8809.132392496342 0.9218367452948496
5651.337171043816 1.1213075301609208
6452.827940376654 1.1070914189137357
6248.492705287136 0.8963255476487072
7290.591265283038 0.963636692893352
7983.809900990207 1.0652704799492445
7611.443398996703 1.1482896038525052
6340.045546706725 0.9084300576146375
8444.67502770418 0.8655203735926003
5980.710870401872 0.8095783769158236
