6 100
0.7968393399566348 125.19061473441212 507 121 115 117 120 138 139 138 121 131 100 114 105 106 127 127 112 102 103 121 139 124 132 132 105 123 103 109 129 134 139 112 120 133 134 108 102 126 133 123 107 117 110 116 107 136 131 121 103 133 137 120 110 107 114 114 132 131 124 111 114 134 109 116 106 138 104 127 107 135 138 136 125 136 111 125 105 106 123 109 122 126 124 127 129 132 101 131 101 130 109 110 113 128 109 103 108 126 138 133 109
0.9172914453481632 163.4868793413665 513 100 132 110 136 103 126 111 112 115 124 129 102 129 123 101 101 115 114 113 138 117 137 136 102 120 126 112 107 114 120 134 102 109 134 115 116 104 119 105 111 130 120 137 138 101 129 129 110 117 103 113 133 113 112 102 121 119 121 116 100 110 135 107 102 102 109 136 100 119 104 132 126 135 124 139 108 102 117 138 116 104 127 125 103 138 100 126 106 102 139 137 103 129 129 117 130 106 105 111 134
0.7513801229337209 167.766578872566 590 74 84 82 86 80 69 87 79 65 92 94 80 79 89 85 82 61 69 79 72 92 73 68 73 77 96 87 65 81 99 90 80 65 81 67 70 94 88 82 93 78 98 95 85 77 94 94 87 66 78 60 67 74 61 76 85 66 92 77 61 82 65 99 88 82 61 60 80 78 73 76 79 96 63 97 79 96 62 93 93 73 65 76 88 72 90 67 72 88 60 71 69 68 62 65 66 85 89 95 75
0.7512733949282916 167.5763065255174 594 86 92 67 86 70 62 73 87 68 80 94 99 68 83 95 60 69 85 65 72 91 89 60 68 86 72 76 92 99 87 91 67 76 68 82 64 82 64 93 86 89 85 70 89 62 76 94 96 80 75 92 71 95 63 67 79 84 99 85 79 67 91 72 61 72 92 99 62 76 62 70 64 99 79 64 89 72 72 98 93 79 96 68 64 65 98 75 72 81 89 78 94 82 84 86 73 97 89 68 93
0.7714960158363201 167.6675292589482 921 114 118 135 104 107 108 120 109 133 112 125 128 138 124 105 102 107 135 124 106 103 120 133 120 102 100 131 121 124 112 111 128 121 125 113 116 110 130 126 103 128 120 113 131 130 107 110 118 109 131 125 137 118 117 111 111 116 134 108 109 139 126 112 101 115 134 129 108 124 134 113 120 105 135 121 125 104 107 137 134 131 118 125 123 100 131 135 133 121 135 132 107 103 124 100 102 114 105 132 131
0.8348903957657361 140.29136261813738 971 70 97 69 89 76 79 75 88 97 76 74 99 93 92 78 94 97 78 82 82 97 95 64 93 61 97 80 77 72 81 69 79 63 92 71 97 75 88 85 70 72 71 72 84 93 97 98 99 64 90 84 78 75 63 60 68 86 78 62 65 95 76 63 70 72 72 63 94 67 63 91 75 75 99 60 88 63 80 94 91 74 96 86 94 62 67 85 88 80 79 85 75 86 92 71 85 64 69 76 69
8646.298744298903 0.9860108479560119
7747.206062909818 0.9295197928575968
6044.346729718498 1.0554540618530854
6012.5858798003355 1.065806687779063
7276.080633841486 0.9257432551219521
5353.770910982534 1.1469841093638502
7891.920248779346 0.8127840587162075
8501.045210836402 0.9452274196426217
9062.3927946191 1.147313456756754
7782.102615652338 1.1833950764106291
5573.489030547029 1.1629959209504093
3406.5062819164664 0.8020141752444516
4365.299736564464 0.9721749480124849
7650.7971538223655 1.166861636176107
6570.144486213636 0.9003207205100643
8250.439907328246 1.001021966596841
5586.394407543208 0.986657912194553
6534.089386974726 0.9576984846144525
6819.222690478698 1.139559987779102
6131.705811218779 1.057465058576965
4016.9817025225543 1.18034895765173
5463.6903739790005 0.9923773309741681
7804.444141861916 1.1594304714908386
5890.672439688917 1.0189155949208348
6636.239462256896 0.902419236835012
7127.220392415996 0.8301696598054942
7747.048294307677 1.1945700032207218
4682.650998039169 0.8364610092340993
7131.4061144347115 1.0034290908380974
7614.179090416713 1.0165574888462203
7751.252885747226 0.9425191811527721
6534.961751061165 1.0351451494226045
8982.731250465917 1.0806996495290904
7249.710778972784 0.8575975472911881
6190.706613523168 1.0080820230465752
7418.865059425049 1.087490104721197
9930.835381067325 1.0884291693101713
2827.35586641205 0.8494395950909481
7549.00869643956 1.0945040247991913
4539.272770249224 1.0996364752822934
9987.271428226182 1.1963601982787413
10185.571915169894 1.160399315229831
3702.703186563382 1.0319736951720455
5238.431493687968 1.1957624902858401
7522.802876954128 1.1000811970812705
5593.599121705225 1.0961982332031934
8158.80366175173 1.0737232224597184
5607.312608510407 1.1255232826797417
6704.109064123451 1.1860803636495647
6688.56744058 1.1207588340208328
7633.228159199736 0.9745078420609823
3295.4296521484166 1.113184725995128
8684.481912469615 0.8754693728169782
10082.67411846209 1.005088559282192
10380.385971145233 0.897002946131314
3778.449210120837 1.1069660845653022
9478.04892944942 0.9526973875312681
4394.736660927083 1.0027998574495018
5621.224347457503 0.9306789360186919
6039.012876383382 0.8840894013589479
9326.040783482204 1.125939409823204
4704.878877260742 1.0564938090456117
6295.613249647999 1.0748678919816341
5843.75943592614 0.9892771327473403
7458.462728363555 0.9845582987130288
7370.134489096966 1.1755142508221936
5961.465668366263 1.1401334284953182
7331.755164627562 1.1632312177383344
5987.491935298147 0.9922720958826287
6263.805187386062 1.0015242190298663
7759.904338227208 1.0348241489100636
8419.494285556977 0.8660142805083291
7342.601434959759 0.8401920731300025
7546.056746061009 0.8064811127523397
9598.86371820523 0.9331333919090088
5835.943257651899 1.0205853543939574
10481.546884939613 1.064510732692207
11691.207445300039 1.146847315872031
6861.605231213986 0.9239117700652183
7311.178017050146 1.1710784798142766
6516.308971493143 1.1880728609381894
6325.031812800287 1.0922731880056058
7605.505762624407 1.0636230780682863
5202.680561753202 1.1325110916513634
6165.689809108343 1.056321539140142
9847.42591858432 1.0525265756137911
8256.589974778744 0.8652537615377649
6204.7417879132145 0.995086624517095
5475.878526268711 1.053867499034894
8821.883490056 0.859286709247232
6759.232118242885 0.9081477638520751
4509.696169240848 0.9969790082865052
5794.398471806504 1.1913061985281783
8744.327136000236 0.968211723706528
4396.892814972791 1.0881759341790738
7255.0644409623255 0.8440322593169989
6108.751925602857 1.1736190645735456
6540.423192673919 0.9788011141162039
9498.987102478783 1.0982597563506928
6064.192463014568 0.9784633036887673
