6 100
0.8170044720060393 130.38786636982556 520 72 85 73 91 77 62 89 61 94 91 82 60 83 64 71 73 99 89 68 94 77 74 71 99 92 87 73 81 75 93 90 89 69 86 82 68 84 83 65 61 88 78 83 62 82 74 82 89 64 60 87 68 61 66 95 85 75 94 77 60 86 98 60 74 74 77 75 99 76 92 91 80 60 61 67 65 92 64 76 78 99 97 77 62 80 86 88 63 93 74 93 60 69 72 81 67 69 98 92 84
0.8525535316137108 176.66372230967062 670 63 72 62 78 84 98 62 72 62 65 97 99 62 67 94 85 68 81 81 93 95 90 92 99 97 76 60 92 67 61 72 72 99 93 66 81 95 74 68 85 83 69 65 63 63 99 74 83 82 79 74 66 78 90 79 98 86 97 71 68 92 80 68 63 91 99 64 80 66 78 75 85 95 93 76 78 83 61 79 73 76 88 82 77 76 62 91 93 76 68 69 93 82 91 85 81 76 99 65 92
0.8541018103507388 168.41672678829852 672 134 132 119 130 127 106 138 107 102 108 119 130 105 112 126 135 100 104 123 121 110 123 122 138 115 132 123 106 117 136 124 113 136 132 136 121 132 138 138 138 105 122 122 114 137 138 129 117 133 119 139 133 115 129 129 139 120 138 137 120 128 107 112 121 135 102 114 101 122 112 106 113 136 121 134 114 101 136 124 132 103 132 109 118 127 115 131 124 120 128 120 110 105 136 127 101 127 129 112 136
0.8790238139312552 152.91808667405095 773 107 124 108 137 114 129 124 108 118 122 110 101 137 123 139 108 110 114 116 133 138 121 136 108 138 129 110 128 134 108 131 124 122 109 109 103 102 133 117 112 105 114 106 114 133 129 121 106 109 112 115 100 118 115 127 136 116 107 117 127 123 104 129 111 118 101 136 108 119 120 111 128 100 111 133 112 107 130 108 105 107 135 123 101 122 116 121 105 133 108 102 129 137 121 124 124 137 117 132 116
0.8642212401540161 143.0395732629421 804 124 101 127 126 104 138 129 109 139 107 129 138 126 108 108 101 123 128 133 109 105 116 105 111 115 113 117 110 121 127 101 103 139 104 129 111 129 121 123 133 132 139 113 102 126 104 121 121 113 134 125 120 128 137 115 128 111 126 120 129 124 133 128 136 137 139 118 108 134 118 110 125 106 104 117 125 113 127 100 131 118 131 100 131 135 123 118 119 117 108 133 119 122 109 126 118 118 135 138 138
0.7955289999057812 150.2219115998456 902 96 90 96 86 91 72 82 68 96 77 66 94 69 76 65 68 75 68 66 88 98 68 74 77 87 66 65 60 90 80 60 95 68 82 79 78 84 85 76 85 87 91 77 70 77 77 60 63 73 77 90 74 79 69 70 87 71 95 88 97 78 85 84 81 94 71 74 82 84 72 64 73 85 64 75 67 75 89 96 77 97 68 73 86 92 72 75 99 88 66 83 83 63 84 86 72 98 87 97 97
7593.044812927806 1.0000452727052145
7011.403209721042 0.8261413241198345
7653.9624997398705 1.1148275583981608
6352.357528310665 1.072925451582866
6693.320210352451 0.8120724169353853
5905.178743578592 1.0340649751632247
6231.697388130537 0.8303005665135526
5004.071097453563 1.170242371210299
2965.3891378748817 0.8134422870309768
8125.002964752661 0.8624211312377076
5004.679925144586 1.001348880197845
5514.351009394381 0.8085684341873159
7621.183491780037 0.9493018454089235
5041.078085234967 1.153454240041909
3919.1550066840114 0.9302781177778736
4918.152156555662 0.971966528879119
7410.268188666817 1.0202450247221186
9094.14721387611 0.9675256864638946
7275.736503024035 0.947046761932514
4392.511998140027 1.0579877960422113
7310.0029065051995 0.9651253522364199
4961.468777120199 1.0888093539313164
4676.163301805553 0.8930872451045679
5347.19171405841 1.1051472746234166
5567.018426586832 0.9555403179650976
7329.792683776465 1.0276200224140977
3900.2423690434985 0.9596454640490998
5680.9876080354825 0.8281109590425685
9459.992840577905 0.9422402103795351
8181.6074851339 1.1486205159336995
8937.462605813993 0.8378617105252598
3981.4335312604794 0.9216872160120626
5611.3305963887315 0.8762692923333993
5244.686654517732 0.8194207347503133
6548.1054478974565 0.8313407159715658
3923.0404188488014 1.07757554082807
3819.77848169653 0.8746820623093073
7113.663383755912 1.0283561968297616
5106.680630155623 1.024006544574472
5571.627972471899 1.1960720788338048
5308.957932779008 1.1288258666451456
6432.081082863305 0.8074835274184695
6511.970989752561 1.1224012383147104
4871.69713383043 0.9543654010383666
9836.714659067115 1.1854027159853664
5196.76457741211 1.1633356930113834
5264.914311416725 1.1007547540334366
5929.971157973457 0.8936940641426248
6708.730908265091 0.825075487068047
5816.478086546295 1.0097577837047884
8296.192772662576 1.060009228089675
5921.149550367264 0.9045680387632846
5150.1967360482695 1.0816514152839052
6158.833484564933 1.0863451407550693
6953.435027372858 1.0317096095056024
5410.367861229905 1.170745238178895
6402.239799157204 0.9193883316385112
5615.352974040765 0.9349258364854868
5969.999931026526 0.8588631701816684
6779.7593198760205 0.9675929236363173
5345.245432281176 0.9870152290130418
8404.831092641549 0.9583285138955966
5473.384424132009 0.8821028032529249
4904.644394946145 0.9610553876269731
7091.753426066158 0.8064257273146823
6621.4793501942895 0.8878183003665666
6332.554944704305 0.8302534646683424
5959.199696248663 1.1476451154214147
5525.516512862983 1.1097255639554793
8412.251207312907 1.0684362005371946
6075.5474268170665 0.9827156644332027
5860.298229778289 1.082870380568893
6017.955424823614 0.9821298659640864
7564.36827812049 1.196948494159206
4322.268395587875 0.9775029141812913
6997.688585449815 1.047180960329095
7243.557426540005 1.164765021115481
8460.179945670152 0.9969065148649205
6921.5404356827385 0.9052200220713363
6989.615737496425 0.9253780409567285
7825.465060707433 1.0661046227212738
7760.977163631632 1.1626781401609125
9214.869942678688 1.0233589063699087
3619.757367289756 1.0201922362640872
6840.037925253535 0.9786144116538461
4794.530829583181 0.895689645269624
6817.612815666485 0.8254441706512461
5586.976113557981 0.8208509439473421
9413.54670081797 0.9093286062654574
8088.108031714161 0.9882444359266631
5337.623232188054 1.102214363781088
7870.469983314776 1.0052726265750056
4491.151886894743 1.0434586401003525
5453.280220878708 0.9818501750549787
6154.583722535257 0.9719399610375814
8721.559259095671 0.8869376635316164
9277.037927853376 1.1823542607900903
5301.729033130225 0.8085099332534107
7905.788626398153 0.954792050588905
5062.434514179214 1.1320489902073694
