6 100
0.8159493935839922 147.63814083886055 824 100 137 108 133 102 100 121 126 113 136 121 138 113 115 135 124 114 117 102 117 116 110 104 110 133 131 121 112 106 118 108 135 119 127 135 138 107 139 111 129 100 103 124 104 118 102 125 124 119 119 114 132 108 100 112 108 109 105 135 133 136 125 113 100 105 102 113 135 136 126 132 127 103 111 139 118 122 119 120 110 105 105 118 115 138 119 134 130 123 120 104 111 103 118 119 129 107 103 122 135
0.838014599359248 176.70187749236138 830 74 95 62 62 83 88 96 84 98 70 94 91 70 97 64 68 74 89 83 72 80 93 95 88 98 67 61 87 70 63 71 93 73 91 80 85 61 85 71 81 83 80 98 69 72 77 93 96 78 65 95 97 76 75 62 84 87 95 63 73 89 95 80 63 61 94 98 69 85 66 64 90 91 61 95 99 68 97 73 79 71 82 94 65 69 86 89 83 60 83 70 61 96 80 93 85 73 88 90 83
0.8586655536720623 164.67906403895242 905 116 129 136 124 136 135 128 103 136 130 135 105 104 116 107 135 119 117 117 134 133 115 136 112 133 102 104 112 133 128 127 109 129 110 116 115 111 102 127 136 103 118 111 112 112 135 123 102 133 128 110 136 120 105 119 126 115 113 120 111 133 134 122 116 101 128 137 110 105 115 123 138 101 122 130 119 112 117 131 115 116 130 104 122 117 106 114 139 131 116 124 111 102 129 137 132 108 120 137 111
0.7909548244299963 126.84344769623223 923 73 97 75 67 72 71 91 77 86 99 82 82 99 63 73 74 93 71 99 79 65 61 74 86 68 94 70 87 78 73 78 95 83 68 94 96 77 67 68 70 68 98 81 76 91 65 77 75 74 74 65 82 70 70 72 69 80 66 81 67 82 70 69 69 72 89 78 86 70 93 93 84 91 64 71 81 75 78 86 94 65 94 78 79 82 65 66 63 93 60 70 95 87 70 66 87 68 86 63 91
0.8880574926399678 141.6041655521942 981 118 103 122 105 118 134 108 132 130 112 101 104 134 110 136 139 109 122 103 124 107 135 118 108 108 135 103 115 115 110 119 126 118 126 119 132 104 106 116 116 120 124 106 109 128 128 118 102 115 113 108 107 134 139 117 115 133 107 135 128 125 109 123 128 106 101 116 136 136 124 131 126 103 106 108 120 120 122 118 110 126 103 122 106 100 118 103 118 105 128 136 126 112 122 139 134 128 126 116 109
0.8260900770630566 151.9617774484317 997 74 67 76 95 62 92 89 86 61 92 95 77 73 94 79 95 65 93 77 61 62 73 84 83 97 98 90 77 83 99 85 93 75 61 99 91 93 77 87 79 79 87 60 78 72 76 68 82 69 63 94 92 68 68 73 86 95 63 69 60 80 66 77 62 98 99 96 85 60 71 75 66 81 81 84 67 75 90 76 72 74 77 78 67 77 67 71 95 86 64 71 89 63 63 92 71 94 67 97 69
8162.745620262517 1.0351206786885423
5352.51661938042 0.857504263718
6002.080137535365 0.8967053636960589
7393.658195550934 0.8403825529753584
8433.330148883546 1.0062031654117567
7697.605164672397 1.0329865433107615
9471.758611031988 1.0488059625110149
7619.5950060143405 1.0988377500041753
5773.374445097296 1.123648934669827
5304.537180212443 1.177228468958479
7550.224833830293 0.9869899988737119
8145.95700510444 1.1702826683467493
9528.645424128317 1.0659470285540216
7458.391347277832 1.0600129074667028
4361.776950211079 0.910748451628501
7389.410369745194 1.0073235151498419
8928.176953545253 0.943054932797154
6398.660264457402 0.9467345923695579
6629.363665176325 1.1708674187402743
6828.410036711271 1.0356888745998178
4914.200126987869 0.8319693069738671
6889.16762933351 0.8241659701033827
6609.511646440555 0.9290199365119831
8180.889440608056 0.8148447447994681
7601.215966375613 1.0074420554008465
6769.706476475254 0.9843144729926127
4488.469524228125 1.0463825611956268
6879.202034688848 0.8419347986903887
9686.373177715004 1.0305912338374892
5729.358036615879 1.0209884897171464
5864.817050903093 0.8866791276708336
7142.355228323783 0.8004740790844542
5523.102891743532 0.9639553228127952
7300.497381591825 0.917620261131641
8025.680778275131 1.094262294621595
11718.859233675266 1.19503467735999
4309.279496659881 0.9774084237120526
8441.42122845024 1.1565281072033529
2421.5604192836936 0.8691974953722466
8359.214338584388 0.8786053046550248
8008.957988763869 1.0228916142532785
7439.816453591298 0.952473117039925
6527.531196004908 1.1516666142292382
1923.3703796248092 0.9540550806792025
6689.6404723149 1.179203369100795
5487.820571419718 0.9355280321310006
6581.688697300134 1.195010218727753
2147.976500396543 1.137816016036926
7700.913444270432 0.8550391394933864
9171.35929989058 1.034169441658985
10472.879518324376 0.9165637169222653
8862.233986817271 0.9380878970521157
8381.719994175823 0.9571938616373905
5249.117066431935 1.1397690214422225
4959.3710649428085 0.8065985940004495
7226.219863487666 0.8310539661300167
7486.223302458212 0.9613589732426622
4763.131356468912 1.1695623602297658
9553.36235680935 0.9214790237852534
2372.553341644327 1.1619195191451026
11040.882134645377 1.037412369319287
6629.291657502648 1.0877997050725077
6325.185535290185 1.1492390176273144
9645.965614109115 0.869462479099562
5235.901691763553 0.9291323958117387
3047.264077096742 1.1752289418722537
7830.833073973318 0.8666136459378656
7105.219074692965 1.1990404462860598
8777.45289172874 1.1252650415070486
6251.533040177993 0.9952240014422544
7816.717876838751 1.0079618908727914
6160.365657882589 1.12809703382492
5137.688026416487 1.1933734188770682
8863.202161123612 1.0043014886645827
2818.459148958049 0.8434537988103702
8927.691556330403 0.8948458277125474
4799.671866856543 1.1840020922501875
6254.576599557658 1.0483025164705229
9042.029890142474 1.1333167185978776
7198.274369015563 0.9466943992189835
4977.658848672195 1.1547254497767225
8242.36004826324 0.9774093766230104
6772.460365862623 1.1611851085703369
6561.191441458919 0.9643315234993292
7901.091188183173 0.9899850893821387
3604.515421949517 0.9400830572011158
7030.359535542173 1.0968195814619226
5452.545160472115 1.0453589947570436
8717.584674200583 0.8671584876355635
5999.340408232613 0.9492208946066997
5107.266803132082 1.1342550226912984
6487.802615282905 0.893387355745458
9393.97222863408 0.9735322931087916
8607.660812654924 1.0513594204815322
5804.8426638783385 1.0919061886727308
9342.173836519984 0.9425016037859673
6388.509922886706 0.9940654890991409
5063.752133880902 0.8550827631765087
6646.011527588473 1.0221337775970616
8230.098326720634 1.0704480834139576
