6 100
0.9196202894864366 148.84902975238307 586 89 86 93 94 99 77 95 78 75 75 96 78 62 71 73 86 64 91 65 61 83 83 89 63 88 90 70 89 66 65 62 73 69 68 84 76 78 65 68 80 88 68 77 92 68 60 92 63 93 87 99 70 83 91 65 78 92 73 84 65 78 74 83 88 77 72 66 61 76 71 88 84 67 91 84 60 63 89 92 84 75 70 80 88 86 69 82 85 92 86 81 85 85 62 94 84 63 71 67 92
0.7915794110655304 158.45503952983887 587 137 111 106 105 135 114 121 117 138 138 136 130 100 127 108 134 137 108 126 108 121 100 127 138 132 123 125 136 136 110 100 115 104 119 130 122 124 103 117 137 124 133 112 133 108 130 135 136 106 104 107 112 133 121 104 111 110 112 112 139 129 129 135 115 114 128 101 112 117 103 122 107 106 102 102 129 120 109 121 137 130 125 128 126 113 133 101 138 111 119 104 125 111 135 102 126 107 100 123 139
0.9039594561457595 179.73038791458413 785 115 126 130 102 137 125 101 123 116 108 112 131 105 116 131 138 125 131 122 118 130 113 105 126 107 102 122 105 121 121 127 139 103 110 126 102 105 131 135 103 121 116 107 125 120 103 136 113 106 117 132 127 118 135 103 102 133 103 138 102 131 111 138 114 102 137 108 131 131 138 117 109 133 120 139 110 119 109 104 123 117 138 104 128 125 108 105 131 105 104 128 116 100 103 117 108 102 100 136 103
0.9207087644736313 154.13033880673262 791 94 71 62 61 87 77 81 83 61 93 97 61 81 89 96 76 92 93 89 77 64 62 80 61 87 90 92 74 86 61 77 62 97 72 79 92 81 87 60 79 62 96 60 63 79 82 81 78 72 68 96 69 91 93 78 71 76 88 66 68 97 71 74 85 83 62 99 70 73 98 82 63 75 61 67 98 78 79 87 71 79 77 92 81 88 62 71 73 90 68 94 61 75 99 91 82 83 90 98 92
0.9131846639469171 165.79861451420848 804 98 94 77 88 69 83 71 77 82 68 73 87 65 94 93 83 64 94 84 79 85 72 92 84 93 67 78 98 75 83 80 81 89 95 67 98 84 99 63 66 74 71 73 63 95 79 86 85 79 86 91 94 99 81 68 96 78 73 62 98 65 98 97 83 88 98 90 79 78 67 70 94 65 74 64 96 70 87 92 95 76 75 77 75 70 91 98 88 85 75 90 98 77 65 76 80 74 78 79 77
0.8992109036506082 147.24165283807224 817 132 113 129 119 139 114 125 104 100 106 115 101 116 115 128 131 126 101 113 136 126 138 106 106 125 113 119 112 126 116 139 114 131 119 108 136 102 113 120 109 119 124 121 104 117 130 139 107 114 104 109 105 101 102 135 126 117 112 110 104 112 110 117 107 105 127 139 123 108 133 128 139 131 134 105 129 130 106 130 117 105 110 130 100 106 109 108 124 118 125 139 110 118 108 133 134 101 134 108 110
9856.10206908966 1.1179626918962018
6768.386209691285 0.9508859932743386
7055.284265907411 1.0989336946745136
6938.220670243124 1.0875248347991278
8444.359967654162 1.1266712596153994
3615.4516080664584 0.8473480351485443
2908.018505157075 1.1450335702083558
8309.452206448383 1.0019103492312427
4670.915350238018 0.9771311780192612
7643.476798366498 1.1835256616887626
5769.601706904024 0.8470711241113394
6527.208096903711 0.8673291163201071
7093.963822033176 1.1161821422210503
6433.560309865377 0.9064646848096837
6804.932166695338 0.9583764584380103
7564.640085173533 0.9384624701779073
7260.253486209493 1.1354561431560466
6439.651395518733 1.1029286344122307
9201.802633620555 1.0737219162418845
6456.600292038062 1.0828876931862097
7947.396534343671 1.068172344168631
7359.262444327298 1.0490022641711672
7153.679796533515 0.9733307008169053
5573.5305049378185 1.0588345798605379
6071.93831298718 1.0045301774802697
4855.613583426096 0.9762173763708392
5327.212765081792 0.9914737344749607
5591.4662517255165 1.1312345476407386
6837.369633670375 0.8922513483087023
8027.85511718789 0.8817442226376788
5744.0502972413415 1.059165094687586
7150.127230059459 0.9817132493247234
5455.712834409076 1.0359650813785994
12121.183004726136 1.191590787352908
5156.5209729359885 0.9894449290179524
5379.928271993068 1.0600079851448116
5760.966209372211 0.9302454086164323
5187.07701075007 1.0036518611833898
5768.318580823025 0.8329975623221306
9069.39990027607 0.8034092344310787
9748.334656548068 1.1169141994948537
7984.997266452221 0.9470618311640551
5894.017238765012 1.0182660064811286
10397.196394855871 1.0817521249362643
8670.477016241142 1.1589822441478934
6438.102867426687 1.0755920066988245
9858.244303360723 0.9984854399022418
7147.0338721819135 1.1063491838180555
5912.576722242202 0.9307521679725248
5029.993794571493 1.0498223436535226
9111.096046765424 1.1910096783238258
6265.639536774298 1.1113205285542127
6342.580519397365 0.8573788458398548
5488.415424565548 0.8206540916205534
6238.477790053028 0.8298251959097968
3779.777214793571 0.8066696925078298
6521.376990067268 1.1702004445517424
4251.651469194659 0.8433727856790509
4436.836398248521 1.1297121611656773
9032.146100967198 0.8425061683004723
8394.806983496077 0.8819222399969665
5688.569736997784 1.197907486955987
7991.646917342506 1.0606800824178408
6052.98842911765 0.8028827164552439
9008.576422144204 0.931709002678122
5668.147862854904 1.1265705950586007
5148.954262993982 1.0470247216138178
8470.564330112053 1.1634911597409792
7005.7934901797435 1.0834474015556574
7191.306982089381 1.110000597254821
4404.314193539068 1.012255815726185
8316.819479051148 0.9106149579840357
6448.542025329172 1.1497173742872882
7347.446748441839 1.0196535324952827
6744.4270039157645 1.1341776140493347
6537.531467712952 0.828806851940278
8016.121761249833 1.182496428910118
6832.145885013984 0.8168201547452012
6445.27431351765 0.9892871742767501
4931.74502617719 0.9740354944789409
6603.655457107372 0.8395784679294328
5829.55293151077 0.8522459142225454
7463.739288672519 1.0934875547265723
7424.026711138519 0.9541561642695418
6411.842113680373 0.8325787107419041
5855.604850674808 0.8743657024722914
7563.535137033106 1.160633466247334
9801.668209333677 1.0580340532939123
7128.871009783495 0.9732043064664471
5541.794732682133 1.0020122655717276
9511.091829115141 0.8425857778246683
5970.2286118162865 0.8351506323379225
8176.360484248854 1.1596456783983866
5375.554873874515 0.8339148835249642
8129.546006214275 0.8453734361964337
7708.486660084559 1.1857952923469446
4408.697238675085 0.9156869770483502
6577.641720470244 0.9128019589396085
7314.0799793400465 0.8365454437000085
4881.510993450172 1.1789785811405342
