6 100
0.9213611108303558 147.03959188739998 589 134 137 123 100 101 134 132 109 113 124 106 108 128 109 124 136 100 119 109 127 133 132 134 135 119 131 116 117 119 118 123 113 118 127 118 117 107 111 128 106 110 134 111 137 129 112 125 135 129 130 131 112 118 122 109 131 113 108 128 130 100 137 102 101 123 121 104 118 120 134 117 127 107 128 123 119 100 117 123 115 133 112 127 133 104 104 126 134 128 106 130 131 124 102 126 104 126 110 100 122
0.8630781799493974 164.82490436033362 642 125 136 112 133 133 122 134 103 127 135 119 127 127 112 104 138 137 135 106 126 122 102 110 125 114 116 106 108 119 102 105 119 110 115 106 123 117 114 136 100 104 100 130 132 126 112 120 137 127 102 125 123 111 138 114 113 105 123 125 103 103 128 131 106 117 115 101 118 138 128 109 134 116 103 136 110 122 138 113 125 100 129 138 101 128 129 110 107 129 113 120 132 132 121 132 105 101 106 127 113
0.7937708378061126 143.69903236206835 680 108 118 122 136 116 124 112 124 131 111 109 138 103 128 138 119 122 138 127 111 132 131 112 106 106 136 101 139 125 126 130 129 121 116 132 137 103 116 132 130 136 109 131 105 138 137 102 131 135 128 131 113 117 113 120 101 121 108 124 136 105 118 102 110 129 122 129 138 110 110 125 103 125 102 104 112 126 133 103 133 127 127 107 121 139 110 103 122 105 126 114 101 107 139 136 116 117 132 105 115
0.7956499770906404 138.91304852845727 756 75 89 80 62 60 85 94 62 89 76 81 64 93 92 71 93 90 63 81 96 76 66 76 94 83 86 88 93 76 94 78 95 68 81 63 86 93 62 82 60 89 84 83 96 87 77 83 94 78 60 68 85 63 67 89 97 91 64 67 87 73 66 85 98 92 93 97 99 65 93 68 79 69 76 74 79 93 63 99 62 75 86 91 76 97 71 94 75 66 69 69 75 77 73 74 63 69 61 91 78
0.7504335127190145 123.52346711966563 800 94 72 63 86 97 86 93 87 79 64 60 89 84 65 86 67 66 80 69 66 73 60 96 68 91 90 74 69 77 67 67 75 91 77 93 99 79 78 98 65 72 86 71 91 60 92 73 68 72 75 88 99 68 90 73 63 74 85 88 69 74 99 88 82 91 93 96 64 72 99 93 68 64 73 65 94 65 87 84 85 85 63 73 78 95 95 76 83 93 80 80 89 86 75 95 62 83 95 74 94
0.7802793449983771 135.47140169918433 898 96 81 72 88 67 63 76 60 62 90 90 92 78 68 64 64 91 63 81 95 83 70 62 62 99 93 90 66 67 82 91 74 93 80 68 68 71 76 91 64 69 97 85 78 87 64 97 63 67 83 75 93 81 80 95 88 88 75 90 75 64 73 83 69 64 66 86 87 61 92 65 86 64 92 97 96 85 62 77 96 71 73 67 87 82 85 67 61 71 76 93 76 74 67 77 66 69 68 98 74
5527.838593238133 1.0033289799898695
4641.361608410148 1.176512191968228
6307.431119734847 0.9273337936914893
7597.651131987932 1.1705319528469766
5718.370695585133 1.0166176247549361
8385.045420876333 1.0027804737505375
7992.453657627754 1.0283106842788217
5339.904219738109 0.8027481011154385
5991.879155480024 0.9835961915591485
7911.672861243384 1.0834235760892925
9394.824032847393 1.0436217354823651
6745.7644281011835 1.1813310051449015
5958.11781821521 1.1963993994822575
5216.625123525263 1.1310764015686985
5008.645325700199 0.9599386820110256
7179.176546369364 1.0212393947671405
6620.832335051953 1.1631525670075376
10518.459937843936 0.872895302414063
8439.193760147822 1.0681876215555053
9211.510106307016 1.031737891747196
6322.438851979433 1.0416006571407124
4112.543685271462 0.813718853512405
4861.871403321236 1.0534285984705172
5866.612657190042 0.8736462287764597
8273.506856172602 1.023323897303651
6962.335433959845 0.8356252871526285
5334.737350553356 1.013595122924401
4366.061394500656 1.1862578281926073
6679.411033741294 1.0895394229988051
8873.694327358502 1.0932339623455523
8612.444435657333 1.0507588859570887
6653.876225752989 0.9376227483581445
9198.587091048246 0.820453878938928
8049.205662779808 1.1773258051322366
6348.487787486378 0.9336998775570244
6701.760949689894 0.9208846915353776
6565.228336094569 1.138860822638155
10010.702434923147 0.9855822707521177
6436.513196262286 0.8272943949046463
5703.998237668509 1.0454504623328182
7608.5305217784735 1.0789777714832756
6952.852629421635 1.0405429321961233
4365.7828770417655 0.995123592848846
4969.98768397944 0.8160427184464926
2729.4242565385093 0.8227896226164365
9867.707789539909 0.9929699700850824
6938.0491991443105 0.939471595974738
4885.519713226178 0.8068874801970138
9287.270502649753 0.9944760577967197
6444.401129053259 1.084112191315308
4797.378822634984 1.1832010511786557
7016.096925727441 0.8426924403919227
7129.488488332277 0.9817563452488425
8202.258630368891 1.0664256514142534
6554.239526096005 1.0770797881227046
7716.3152888494515 0.8133995310012797
4919.98666127903 0.8345017684880444
5221.917239447011 0.9163012118599155
6239.559595091452 0.8186710596524877
8287.440047392322 1.0431302641686493
8266.426253040718 1.1426133544741166
6418.0170213708425 1.148868354115264
5830.6144915829855 0.9803608494292886
9827.432373999478 0.9202490197572698
8889.131247378995 0.8684768489470326
7872.737354155768 1.046820318507929
7906.066535342016 0.8387096184152253
6443.083695321269 1.1457083688439735
7095.715476097223 0.9551768927279938
5495.730964102504 0.9364695488468074
6437.730155616029 0.9014272409829385
6168.363580050216 1.0844251037799153
5674.357691448251 0.9042369587324672
7777.4604372437625 1.1109730804922011
5899.263693118601 0.9746096640426708
3593.3625100942595 0.9973330183873329
7707.150860959453 1.1889244234242236
8324.127947623272 1.1353305795433613
2693.2107930511565 0.8382160007406626
8251.588864589152 0.9410250231749708
4838.24416325619 0.9853205846694814
10071.810059449497 0.877927017850616
9082.228255637707 0.8723340467148468
5969.1774969616035 1.0956925259447245
7252.748576398572 1.1741655094213597
7496.788565500424 0.8397686969884368
11456.575964001186 1.1428735207041192
9978.949100628752 0.8098640075429373
9183.238045128513 1.1735561439268742
7375.737095875888 1.082256191952613
4070.544225091674 1.0597090304858343
5297.406152656708 1.1339144078511387
4887.590620458378 1.0240412725629384
7981.025614571045 0.9578613735603018
7272.146215127105 0.9693708869162199
7175.765966710385 0.9537075708929126
7604.12104034431 1.0118134068832831
1880.6347342440686 0.8186105610379455
8729.437824994353 1.0221048479752346
9825.879605645256 0.8823308611267301
