6 100
0.8072782566080776 138.3843270780345 673 86 67 80 64 62 60 74 95 99 65 72 93 98 84 96 95 75 65 71 87 60 93 63 77 75 76 75 63 99 66 94 73 85 81 88 80 98 74 82 66 70 81 81 92 99 78 69 92 85 93 99 97 68 83 96 72 69 67 75 69 72 97 95 76 95 77 68 72 60 97 83 76 64 70 88 85 67 89 76 81 89 70 69 64 86 77 67 64 81 89 85 68 66 93 60 91 73 96 96 87
0.9495784140292136 170.56540812894843 694 123 134 138 103 103 128 133 108 114 100 137 137 111 137 130 114 137 106 116 119 137 115 135 111 139 127 116 114 103 117 101 119 123 122 133 128 137 123 107 138 111 131 104 119 103 118 118 133 132 108 138 133 128 110 104 116 135 105 113 109 100 121 117 134 124 115 116 113 119 138 100 110 130 118 138 114 127 114 127 131 134 132 138 131 118 134 133 113 134 102 122 108 103 123 131 126 129 125 119 124
0.7594250747434379 157.69614806717323 770 70 67 87 77 71 67 78 75 79 72 67 97 94 82 69 79 61 90 99 88 71 78 66 91 73 94 83 98 65 75 83 66 64 69 64 67 82 67 87 93 90 67 88 63 64 74 83 72 61 74 87 69 96 66 92 91 76 75 83 97 88 71 62 78 67 83 95 92 62 62 63 82 86 92 76 93 99 92 62 95 93 80 67 94 77 79 83 76 76 71 96 88 86 83 68 87 92 64 95 82
0.9115183909460512 159.06029421491723 829 121 136 100 131 120 131 122 107 117 135 110 115 103 104 115 117 112 132 103 110 128 133 123 125 120 121 134 101 120 137 122 106 125 122 111 115 139 134 139 114 105 133 116 135 134 111 108 117 136 102 102 131 101 110 112 126 121 126 137 106 103 110 116 116 133 132 118 116 133 139 135 121 111 102 120 106 133 109 132 131 116 121 129 102 125 114 127 121 109 126 123 107 138 133 113 105 100 114 126 105
0.8390131254171812 135.75217708071236 974 94 99 87 83 79 86 73 84 90 99 91 85 88 85 94 81 74 93 90 78 66 77 86 91 89 84 96 91 66 61 71 97 75 82 77 67 75 81 96 73 69 61 68 73 97 68 82 64 67 68 63 89 99 64 77 65 93 67 97 92 72 97 74 84 63 84 66 99 95 65 85 75 92 76 61 65 95 70 74 93 72 85 76 92 70 68 78 81 97 60 72 73 96 79 93 64 70 83 69 80
0.9350252440544693 165.87236743861948 986 101 109 125 107 120 103 105 103 139 105 132 120 129 135 129 139 106 112 126 129 102 114 132 134 135 125 109 134 126 136 132 122 123 114 122 117 105 126 123 110 124 108 116 102 120 124 107 136 128 125 136 105 122 129 128 128 126 116 116 108 109 137 101 115 133 108 110 125 134 117 137 118 110 133 130 125 110 121 113 121 110 139 115 121 103 112 118 124 103 136 109 104 128 139 113 110 134 129 128 132
5583.1331503282745 1.1027723670103442
6753.002224451412 0.9679154173220001
8944.485618544326 0.9103537746738658
6305.685596616168 0.8675381207072204
9099.86339848152 1.1377753111606397
7147.955163943774 1.046487434710287
7731.869230334796 0.8398898855220469
8852.639238236075 1.0511786792001012
6756.314281919102 1.104186877656888
8242.709622143102 1.1002944624976942
5285.970378315994 0.8072407693437704
6617.707298399237 1.0265341712423368
5521.041697320959 0.8805451142378669
6105.694568772916 0.9808213322471674
7939.486808855239 0.97686718797593
4369.206860176311 1.0108711757380915
4492.333167652108 0.900551639263521
5000.904025800058 1.1370037801006454
7650.607907026606 1.1814369831491076
7059.349315363785 0.963891381814632
7532.276639983948 1.0578328897805325
5052.453313845433 0.8979943555148504
6822.801459032073 0.9710562847195097
6165.971399143888 1.0102623512187596
3847.626048882453 0.8605305848241177
7472.197053886665 0.8520775880396021
5933.162023071451 1.0859536124069658
7453.645196761446 0.8331101271437691
6524.5042145744965 0.9940997631507946
9713.268864917683 0.826763493739863
8369.447157926481 1.1350635494624695
4730.917079741767 0.9389823670551596
6026.739894942978 1.0853212828936372
4224.509708486734 1.0114911350971285
8600.104072021531 1.0084449609566306
5335.563220054906 0.8567670791819832
5935.529797471258 0.9313124026444979
4309.441839577867 1.0341634574484568
6211.023236030105 1.0259047482908334
11257.925573580222 0.9055540258061695
6824.891790422335 0.8455722874336169
5424.563490337907 1.0179893574900352
5934.785359332594 0.9754123685813343
8700.935581423104 1.0902088132205627
3711.8870683631285 0.8633627978644219
6681.426572017879 1.1504402016605526
9215.174413244096 1.0811635442067178
4219.532579192143 1.008660288402821
7327.342858899195 0.8289866114734943
5281.342535920084 1.0484437508615165
7401.124462062529 1.1490199336100242
8647.41665925346 1.0792035342896051
4387.301095293682 0.9355171099248791
9225.309158044685 1.1616333941441042
6025.325854408111 1.0916718095120848
4227.515491296139 0.9342193782935959
6225.441678535914 0.8671322357265786
6650.253878643218 1.0423931887964422
5385.730561512373 0.9794274265763826
4715.449936891917 1.0409680298640038
8138.436342057576 1.0064852666483863
3253.64080908004 0.99732829789392
6076.598737706272 1.052117512929826
4541.357414732726 1.015640625602003
6777.454890391593 1.166073467233803
7670.23820443188 1.041742245335075
4549.890597621038 1.0006537470792343
8566.14521476806 1.0045984501485425
6059.988724653633 1.1810746442520994
7938.103560816258 1.158323081021913
6159.431997222645 0.814704476701323
8023.2449142603045 0.937744952969811
4718.440137688852 1.0885374478396574
8290.608339207425 1.1987933846060095
9215.708564888198 1.069103896201892
8257.805128385951 0.9047112609989715
4290.0364514452485 0.8292481980358635
6878.4570713543935 0.9748264778069708
7954.961297711834 1.1478205657633267
7981.828060687475 1.1898768205172143
4197.01289044553 0.9065882950836422
4036.868618018459 0.8976307249262147
4668.41411671339 1.1219891671703477
5590.602603020386 0.904294743738409
9062.245182587374 0.9582835668967093
6259.103555629803 1.14143905357841
8470.776095879166 1.1989881586026478
4630.3909783656145 1.1926235355495947
6525.005844954096 1.118216919355429
8961.099059096818 0.823795309222409
7296.592135895 1.0002328756426933
4931.230755557292 0.9451071859172259
7992.207012635681 1.0991066003641492
6691.541015294573 1.0839530291795325
5339.214121427135 0.8344423876473207
6894.856910271383 0.9228240365136477
4447.021171901825 1.1631812927965857
8593.587071740338 0.8917759385628502
6508.179705330033 1.1373426687423127
7389.078380429803 1.1391303033510507
