6 100
0.7610482814043598 151.01050309093912 644 105 130 125 129 111 103 101 124 112 107 108 100 110 118 123 105 104 102 137 124 133 117 102 119 112 130 123 116 101 101 127 108 134 128 131 125 112 111 127 139 110 126 137 136 101 117 116 109 113 126 128 129 125 102 117 139 119 123 102 104 104 128 103 132 118 124 109 117 105 101 102 120 117 109 103 136 120 136 134 119 131 100 100 130 125 125 130 134 136 137 137 111 121 121 122 134 109 133 123 108
0.8926403012764476 177.16713328378353 672 130 106 136 131 124 135 126 116 129 132 119 118 116 124 128 114 120 130 109 119 104 123 123 127 134 129 137 119 120 125 116 127 115 125 109 111 124 102 126 105 111 112 132 121 115 130 100 106 119 106 126 130 129 112 119 138 123 118 133 126 135 137 131 121 116 109 132 112 101 129 112 126 123 102 103 128 130 138 124 122 108 132 113 131 108 104 117 123 130 115 127 104 122 113 138 122 114 114 122 130
0.7641494746691904 156.0371386173418 699 61 71 81 95 79 85 82 69 77 76 71 83 90 69 96 97 95 67 67 87 81 94 85 93 61 70 90 62 92 94 90 92 73 74 90 75 67 95 67 84 78 93 72 91 67 90 92 61 84 88 80 93 80 70 74 73 85 91 89 76 93 63 87 76 84 89 74 84 79 92 71 99 67 60 61 82 86 66 95 64 99 81 68 88 90 65 65 79 66 79 94 86 91 83 97 82 93 61 67 73
0.8344998958606004 166.6494973284687 876 116 113 105 139 116 102 118 127 132 132 113 127 122 116 133 111 126 136 129 120 125 130 103 129 117 121 111 104 101 105 108 119 130 108 111 121 135 129 106 129 134 124 134 101 132 107 132 110 129 108 102 102 139 104 121 103 114 103 130 134 115 138 125 136 137 128 120 117 138 111 138 130 121 119 116 132 118 101 124 110 127 132 125 102 134 135 130 133 109 100 127 111 124 127 110 138 113 138 100 104
0.7718411572732772 127.89568781034427 886 94 87 84 72 91 83 67 73 72 86 70 88 70 85 86 75 62 68 99 69 85 90 74 76 66 60 87 92 67 97 98 75 61 71 88 99 70 85 90 91 77 66 64 79 93 94 78 71 71 74 88 97 82 79 75 72 61 74 83 66 67 60 64 72 97 92 78 64 94 92 75 88 80 99 77 92 79 82 96 91 81 77 84 63 73 93 79 86 80 98 94 80 68 78 72 83 90 61 80 67
0.7921840527979941 171.3323955705141 906 92 83 82 71 88 73 80 72 93 69 65 83 91 70 81 98 84 85 82 82 76 99 69 71 95 97 97 92 75 70 89 71 83 87 87 74 93 89 63 86 97 76 89 91 80 92 67 86 89 82 88 83 81 65 73 89 67 78 95 90 74 66 61 67 68 69 68 93 77 74 96 88 96 95 93 60 60 86 67 84 88 64 81 97 87 69 67 67 81 87 64 72 87 85 68 94 80 95 90 82
7789.502443163951 1.082923695242108
7861.486435573222 1.0388377103721134
9075.694967828658 1.15469079274912
5915.557299866476 0.9486138226148695
6465.611554284784 0.8810898528648767
6181.926357910405 0.8781961692052043
8788.046571941797 0.9352740972840209
6046.543651764597 0.9012357500775159
5867.004592548464 1.1351941585407488
6412.822074833047 0.8272264626365308
3923.552942749355 1.090964600068986
8885.448679816778 0.867485918585982
7404.806168756555 1.1766140955236002
7659.96332710572 1.1360366796262849
6256.579303308646 1.0261287956372704
8529.64420312535 1.0113656085782008
6650.681157142705 0.9363231211288483
7434.126479762789 1.0188808348314395
8594.933943378537 1.0462400431867571
6843.403532985529 0.9848953983748606
7074.137889488892 0.9766050419149679
5217.896121477592 0.9944695128807252
8630.721516492082 0.819882832182283
7380.749232478585 0.8596383697492442
6015.368121338226 1.1353901126630555
6725.916444130093 0.9874230981015792
8758.12454096455 0.9815332671877149
7686.591476360947 1.0706658580678174
9421.24509166996 1.0198539957704509
6349.0346458961 1.0733602027472713
7741.415479085933 1.1179623069147093
10702.596833139245 1.0137367220269429
6968.75868152577 0.9816450971296101
6170.988935494292 1.0047352720732448
5275.820733531547 1.0885966622909538
7535.128947080479 1.1490744843439487
10369.343039366002 0.9685030141672685
6629.187489099007 0.8176510119412224
6998.261385881887 1.1789191813108122
10385.844011582692 1.0853030332066236
8374.26657425725 0.8848815964160105
5913.048958245736 1.189425806041506
7821.410886627543 0.9345657552256418
7181.768707841541 1.1947249190575246
7653.466620318428 1.1089324097604543
8558.772204016062 0.9960528913048422
8993.256465434035 0.9854253017357233
6768.346206945906 0.9455315943005659
6705.042191381734 0.8191035421280574
7190.267321761992 1.1283169079163793
4110.687794959447 1.1441742251448097
10963.753315762595 0.9901906296694888
8680.692658783651 1.0121043074054288
6522.855564173921 1.0239724192808761
8052.901275754548 1.088379121006107
4502.443327030642 1.0033040643551763
8833.671996946927 0.9935577627454262
9272.198721143683 0.8912554596222368
3521.995114326298 1.0604690446174836
6995.165387718077 1.0534622564572336
4979.457642408014 0.942068240017514
6918.977077691383 1.1205284379160119
6747.218221917815 0.8907635787522911
5447.809604435351 0.9693774500833559
10201.952384987737 0.9764328207263402
5433.099647936892 1.0773439251772434
8917.920705030016 0.8291928226086878
7437.68050826044 0.8675863333962563
5352.474037129702 1.0209605968734041
7463.316896039711 1.1603017039315895
7415.862936083277 1.1760011329813407
6851.187686927895 1.1570956319415115
7547.464018465632 1.198680796577857
5032.704013069123 0.8327733935391308
8658.67910492953 1.1219576196485344
5500.552361484426 0.896281434826678
8719.8507320748 0.8142974014159472
8969.98223796677 0.8638808952316765
8968.408829871698 0.9104968881385349
7814.032552107024 1.1846439946613794
6505.225122273483 1.1972046451551255
10117.698160077882 0.8829920202036851
5434.167325358765 1.0412971621218685
9333.858469496738 1.02089209631966
10484.573408189626 1.1077069497979637
4637.405964529395 0.9911377225307918
5953.126506813378 0.9194818171610957
6383.081904200982 1.186771969519667
5936.815814868098 1.0170267085076994
4629.223220340088 0.8307828796941834
5977.892641575163 1.015045928629567
7121.274049797788 1.1232061929353636
6262.555234300365 1.0302390150632441
8316.364148755416 1.0502859860185436
7068.073065126175 1.020530066885398
10348.909306949634 1.0375585377657222
4923.295931605975 1.17602167340684
6499.636370423768 0.8184909396447042
6336.915990510799 1.0563093968007005
5036.312996453693 0.8457118108618157
