6 100
0.7651441290719457 151.86862665709575 685 65 93 67 91 83 98 99 99 65 91 71 79 61 73 72 97 69 78 80 73 61 79 70 65 72 68 94 70 79 60 96 89 70 90 97 94 78 74 89 63 96 81 83 85 79 74 97 79 82 73 71 66 88 94 66 76 93 73 62 87 71 62 97 97 69 66 79 76 72 93 76 87 64 70 97 62 87 97 67 92 72 76 91 67 75 78 63 64 87 69 77 95 72 98 67 86 80 89 76 98
0.8940609609323519 131.03866777864658 770 121 136 134 121 127 119 130 119 138 127 131 132 125 119 123 139 104 131 106 104 130 102 102 123 122 112 123 125 138 133 125 100 132 109 134 108 136 130 134 105 125 123 110 111 103 122 115 130 137 129 123 136 121 111 112 121 104 123 107 122 118 111 138 139 137 122 124 129 127 137 105 104 123 119 101 113 112 137 114 113 135 130 136 111 119 134 101 125 101 131 115 115 128 120 117 130 116 109 130 126
0.8769733814669491 164.8782696787807 776 84 91 81 91 77 99 79 70 86 84 68 82 99 68 75 87 91 84 73 65 73 60 60 86 65 81 92 79 64 83 87 68 86 88 88 78 71 85 84 72 73 64 65 82 98 85 61 76 68 71 82 67 76 72 73 93 85 65 85 98 78 80 61 60 73 63 97 83 98 70 69 88 90 62 89 86 72 87 88 72 83 63 75 88 75 61 77 75 74 92 98 94 71 62 98 70 64 85 69 78
0.7590944298737622 146.97806256566645 901 76 84 86 82 93 77 73 91 87 89 66 87 96 92 83 60 87 75 90 99 77 68 84 97 65 70 65 75 78 77 60 67 98 80 61 83 90 69 96 87 76 91 63 91 90 97 69 79 86 96 60 78 71 66 82 63 82 63 75 78 71 85 79 95 66 76 78 93 94 85 93 90 76 97 78 84 89 71 70 76 89 92 87 64 99 73 97 91 69 64 71 86 68 66 96 65 81 84 92 62
0.8066141037617398 125.0547506149464 906 114 102 108 124 124 127 118 136 105 123 122 133 107 100 136 129 135 109 119 126 101 118 127 129 125 136 136 105 117 139 139 105 113 138 116 132 112 136 125 132 135 123 104 133 136 138 113 118 130 118 134 113 119 124 134 110 127 103 136 110 103 128 103 129 135 118 130 117 130 111 116 120 133 112 110 123 111 118 133 119 119 108 135 128 112 109 105 127 109 133 128 118 100 136 137 139 108 102 136 102
0.7701573652656477 120.80350354404311 995 112 106 123 122 123 120 115 125 111 116 120 116 102 133 109 118 134 107 117 101 120 123 124 122 137 128 134 110 101 112 117 101 127 122 123 124 101 104 128 105 100 111 120 127 105 130 120 123 106 136 136 124 118 115 119 133 117 101 129 132 135 116 104 109 122 132 120 124 138 130 132 126 125 136 117 136 129 124 119 127 124 139 118 103 103 126 132 114 117 117 136 106 116 127 103 122 111 101 133 111
6491.338463288377 0.9346541316591963
8115.501810312455 0.9144481661898766
6093.0771005085935 0.9676242215619782
4867.748467953254 0.8537948214466835
6234.830328570467 0.9460802790762103
8379.175687017063 1.0792514637111412
5590.638788714855 0.8583539770569597
9070.901092032467 0.8480845728952611
6886.776919514858 1.1920462132372753
5246.913744091439 1.1192667169285704
4986.267117118382 1.0659452635983235
1065.268334690445 1.0548708638880777
7288.542418297053 1.1727327266800065
4574.344380432847 1.1921610695718983
5298.944007694141 1.0108560987932091
6336.494240234138 0.892459831173069
4854.4494820942145 0.9580247249277253
6684.109940983528 1.1495079996463042
7449.25426172662 0.8483053748652525
7033.48332498471 0.9406685774154532
8103.373612814829 0.8392890005864246
7730.27982589901 1.1016566642751602
6266.369118718043 1.1069553304425672
8346.7508700965 1.0572022403631705
5758.972260838338 0.9040611171530241
7357.639173899795 0.9202979244268616
5261.973512048357 0.9140177348435273
6571.999550105585 0.9910204372852509
7501.333323880866 0.8343746880733568
7290.20344076656 0.981460443897288
3628.56668590542 0.9335860885772769
7413.753266395737 1.004900625195446
5942.509837019541 1.015957378582959
5754.980338000441 1.0517893610093383
6274.448602836641 1.0254619520370893
5524.6957717013065 1.0725559049117643
6288.645588357974 1.0478956193540587
5085.779539261279 1.0991279037455597
6336.759922455128 0.8067751219337063
3256.2482633138384 1.0832357159222048
9135.913692116625 0.9700222669595403
5837.637136559507 0.8757289755961344
7249.79070297145 0.8159730889117486
8108.0824233287285 1.1089356370494565
6473.258669772742 0.9110602477186118
5486.475086224475 1.0120747237531431
6003.257522453283 1.1366047915902084
7107.282499232747 1.0406754212598541
7197.526735183563 1.0314545312800114
9252.830463777575 1.1308545435567117
6323.686392922671 1.1668256971965643
8276.370710130683 0.9013407389480369
4524.2846510181125 0.8857212367965094
4446.465087890301 0.9448944028000403
4732.416051905008 0.9963096103854601
5493.06758529141 0.8898673488001727
8994.251315865895 1.187222386918215
6837.089214926899 0.9469869258750603
7874.851936754145 0.9758111521801979
6244.121447446395 1.1184068743772877
7497.28883083135 0.933185525395844
5668.359514679224 0.8881007359104255
5971.877708121399 0.8346761362726086
2690.461022278829 1.0897836154166467
6328.2785639740005 0.9741425102076544
8370.727755238859 0.8598362441073598
8447.590066866218 1.0230696325482482
7570.777272593322 0.894529885194486
6445.965780542719 0.9551177753031195
4237.021698389539 0.8846120777919572
5486.866849236178 0.9208240188061707
7276.717304462953 0.8321486345289035
6256.8978775795 1.1795155032325904
7278.9039719371 0.9698003211003318
5769.003504057882 1.178722240141222
7575.339627965662 1.1562992455307146
5428.388581429159 0.8854337966927006
7252.433809892741 0.8328413616432766
5825.927534442966 0.8030951216433097
5364.392813019644 1.1855954720753106
5136.709958194962 0.8454168176583439
9041.57578070792 1.1923481199943715
8023.16116213323 0.9646733583804492
7893.761566764625 1.129610432226552
6305.718922232333 0.888381169111545
8496.23252194061 0.8545568433365105
6162.8882093307975 0.8938518685330882
7947.317678390312 1.1478576701458993
5959.233940977466 0.9689103611159555
7786.927058433871 0.8935243064058654
5721.037420976569 1.191905137045262
7670.711511435386 0.9062822477201099
4064.1202538696625 1.195203107136936
9965.45857635845 0.9591920138455051
5284.656763592751 1.008791124758735
8553.135306267654 1.120303357531542
5495.321030980965 0.8170582848112282
7655.2026367610415 1.0576007993978618
9191.06425075344 1.1886517584126408
4796.730595654595 1.1968576083968223
