6 100
0.8260298401019979 121.02516298790106 538 132 113 106 110 104 104 110 127 123 117 132 118 129 124 105 125 119 112 105 130 131 103 108 129 125 105 127 132 100 114 117 102 128 102 117 137 138 123 130 104 123 139 112 130 139 100 133 131 138 131 132 119 107 122 109 135 129 101 100 134 125 117 116 121 126 137 137 126 109 115 129 107 126 132 104 105 105 109 108 120 137 137 124 104 117 134 130 139 105 115 136 118 104 124 130 103 112 126 135 102
0.8729390734347969 171.30411937382996 610 103 129 115 109 115 107 126 106 136 113 135 138 131 124 126 112 115 136 115 137 126 125 100 115 130 111 124 138 106 109 125 133 115 115 113 104 100 132 116 102 107 121 136 130 135 116 115 118 117 101 119 134 125 117 103 129 121 105 122 118 128 122 130 139 124 131 124 106 113 118 103 120 125 104 129 126 132 126 125 139 128 128 118 103 112 138 121 109 130 131 119 119 119 119 100 102 128 119 115 103
0.8490066364028097 142.74900334631616 728 65 86 78 68 93 75 97 81 60 78 62 65 87 72 64 66 98 62 67 94 66 70 67 70 63 75 85 63 68 84 96 82 72 67 79 81 64 66 81 63 63 63 85 76 80 76 77 65 91 73 93 98 85 86 63 81 87 85 61 85 87 60 96 79 85 75 75 63 76 95 66 64 68 95 97 78 85 81 60 71 80 78 66 66 83 70 62 92 74 64 92 75 97 69 97 75 99 88 73 79
0.9206046594899623 121.0489318294263 754 117 132 116 122 137 108 110 139 138 111 118 131 102 109 100 101 131 100 135 137 124 103 138 113 123 138 125 125 101 115 100 122 103 122 120 137 130 127 135 101 106 131 114 139 104 118 106 124 108 116 103 131 119 139 138 106 134 121 138 134 107 135 136 119 104 105 127 100 139 108 117 106 129 104 118 102 105 123 119 128 124 120 125 101 133 100 132 118 135 139 132 135 121 118 136 138 105 123 134 117
0.9241828059447097 146.9217553124966 758 90 85 84 66 97 80 98 62 87 75 64 83 92 79 96 98 99 79 94 75 80 64 84 62 71 78 83 99 91 79 90 63 95 92 69 79 60 98 86 65 95 66 89 72 92 93 95 71 88 79 68 64 79 98 65 91 80 91 86 72 68 72 95 92 60 84 84 65 65 75 69 69 99 98 68 95 84 91 86 78 80 84 81 69 63 69 76 98 89 61 64 92 61 61 74 86 86 89 93 98
0.8849049487342302 167.40898941959335 856 94 65 75 86 95 98 81 69 62 99 74 90 65 85 64 76 96 86 65 76 99 89 65 77 97 69 87 70 94 68 92 92 66 71 96 61 80 93 86 73 96 78 70 66 88 64 96 95 65 86 69 83 88 95 72 66 94 80 62 90 73 82 74 74 62 99 82 87 98 89 64 85 76 67 63 76 69 91 69 72 72 95 73 63 90 63 64 95 87 66 88 83 66 71 81 81 97 73 67 89
4623.1011067836225 0.8926239249944283
5585.182941489269 1.1785412560997561
8788.73487385987 0.8877804582585812
10858.164632845692 1.0264410258766774
7609.940370381193 0.8754942815359288
2726.093748125624 1.1810053222260888
9354.784415661972 0.9696133449108021
4875.606771746156 1.1543120927250774
8173.916910155187 0.9831810790431758
6269.167554374592 0.8753671936946676
8901.948331729616 1.0418786152857749
5142.819629736106 0.8957911413077665
6392.065401130483 0.9501191135663832
6527.9321014093875 0.9685105928471731
5411.27681114972 0.9067192375938328
8371.176431565991 0.9312052391622438
4777.883075364821 1.094464818272443
7059.2399520393865 0.8484817644907909
7812.743329406882 1.1272361154846757
5477.99333185079 1.1396801572295372
5070.6291975477725 1.1973031272071388
7316.932611794882 0.8278551157767564
10185.089786720215 1.1740306309166801
6449.7522528566105 0.9531218217326234
6299.609539141507 0.9427542911752514
7571.085601965231 1.004367881312321
3961.4978161057743 0.9186878282144976
6700.027340742681 0.9143728140631567
8726.320893313954 1.0195065050751115
7523.939442556528 1.1710155523787167
4675.4068639567195 0.9268442487242877
5973.162368455689 1.0512316436262705
8746.97343712074 1.0659491528025842
5350.804479750956 0.8011587644201476
7640.816565264911 1.115332620964615
5723.178377507226 1.1358962975799605
6294.692070260519 0.9812243140982034
5073.246193329866 0.9220041046576645
9187.077476409277 1.0937616168974575
6043.184648021846 1.0567869563077963
8729.623912737337 0.9603526075024278
7286.382124377576 0.932168966983801
2866.571295552609 1.0898733747703655
5487.826433023911 0.9905050027922899
7745.159387704847 0.8964985494744634
5698.2699065214865 1.1534899622959263
5925.493153844103 0.8336803627318046
6498.60273942997 0.8576348975678446
6052.472911509966 0.8354004341673147
8335.924922930593 0.8480715747621224
6516.1272728644 0.8426308882376369
8303.876280285509 1.059513658055511
7689.473056130569 1.081117001829184
5849.701409945384 0.8800991577186938
3303.0897978449434 1.1126727190166237
5677.805472315074 0.8786892673778856
5701.0532798794675 1.1407464052954575
11170.708121037169 1.1134522978233914
6214.217661945032 0.8408660176726451
2523.7595818890977 1.0995024359763699
7838.128225600274 1.0152361438755977
10867.25427357346 1.1294397586879767
7035.370505147425 0.9638967957198584
6838.754576503007 1.0011511180246768
8550.324463001707 0.9363959311324604
9689.649245444361 1.0559788022598062
6966.588973241731 0.8434619142180559
4813.044194211519 1.035781961664566
5062.863505892323 0.9276785341557233
7033.227211968604 0.8443208581861317
9707.816595797005 0.9533202441167676
9524.555882712822 1.1872970897002868
5298.299259443287 1.1318654834152753
7049.274392972504 0.9413961020763649
7369.936940993865 1.1037009609460853
10223.774415145597 1.1854470285882164
6720.355640357565 1.0379910186061316
7355.986034512681 0.9563685701670777
5780.196524254622 0.924371876013757
6175.425727658756 0.8889730450443262
6902.914640996423 1.1659750313153818
11238.753447111372 0.8630047852246332
7518.203580889964 0.9900336721568905
4767.6070471298935 1.077410680334064
5128.715058165295 1.0037094298746536
8903.658499972787 0.9669901420912669
9108.027565289933 1.0003197726514286
7743.071414752162 0.9883249940967053
7729.103777949091 0.9053307673430604
6775.589783601899 1.1510679833898219
7543.5216391035 1.011429296398681
7108.840816124808 1.1969558895724948
6741.005003004998 0.9266289684622016
8319.446232592913 0.9424038227717672
9279.649625110576 1.1164105673773301
6702.012128526617 1.0076731896321018
7023.565560558808 0.979293815905636
5184.388045573545 1.0382797834231854
4927.577745359045 0.893245446775596
7899.433715531072 1.1766875695498782
