6 100
0.7532745853805686 148.99586400179325 634 137 114 101 111 108 108 129 120 116 139 116 128 118 127 105 125 132 136 119 132 126 130 128 105 122 112 101 131 121 130 138 129 134 131 117 101 122 110 117 109 133 112 109 114 105 133 100 126 137 116 103 118 109 125 112 130 125 113 134 128 120 129 125 137 119 126 107 139 137 133 128 129 118 116 105 136 122 113 114 108 110 111 103 110 137 137 132 131 105 130 110 139 123 121 117 127 119 120 129 138
0.7884425978245642 134.2592463156196 685 87 61 97 69 81 73 71 96 76 66 64 60 62 83 85 61 96 67 87 84 63 97 76 75 99 98 66 79 90 63 62 87 74 61 64 60 65 98 63 71 69 91 74 92 71 73 76 88 67 63 81 95 88 76 72 78 74 99 70 67 88 81 65 93 98 87 76 63 62 76 99 68 78 66 96 74 76 60 90 64 94 97 65 60 87 61 92 66 92 84 70 88 82 63 78 81 84 74 99 62
0.8560822815879238 131.74556924550643 703 114 114 126 138 127 139 107 106 138 123 125 136 130 101 119 112 138 129 102 103 108 137 113 101 133 101 112 127 134 121 138 115 103 101 125 111 109 129 139 107 134 109 108 107 127 109 136 136 126 133 124 105 130 103 108 100 123 128 114 103 118 135 102 116 136 119 107 104 102 123 102 135 110 130 112 109 101 136 132 102 130 127 105 103 135 126 137 130 125 108 120 100 109 126 112 131 119 125 118 132
0.934960652110446 143.00862162307226 716 95 87 93 62 83 70 64 73 99 83 65 89 83 68 68 92 78 77 91 81 97 96 79 98 67 73 71 96 63 64 73 64 92 62 84 89 85 75 89 94 98 96 90 84 66 93 64 72 86 76 94 89 84 85 67 95 79 81 76 78 92 79 72 85 89 63 62 87 99 91 70 96 72 90 77 90 89 83 71 94 76 67 69 79 85 97 85 91 61 79 93 94 67 60 95 96 86 71 64 94
0.9174382201924016 172.74981155097709 720 72 93 99 97 76 79 91 68 87 72 70 79 81 86 79 88 99 61 77 70 75 76 62 74 77 61 84 64 87 79 75 96 95 75 83 96 83 72 99 74 89 71 99 71 75 89 60 86 80 74 99 92 72 67 74 81 79 99 91 98 84 69 75 84 75 88 85 87 82 94 94 97 76 96 95 83 77 79 60 78 80 98 66 77 73 88 86 94 97 69 68 94 94 89 94 82 61 82 99 80
0.9131566551571363 166.76906177995534 849 106 122 133 122 111 124 128 118 138 126 116 101 127 110 119 132 128 125 106 109 110 101 131 111 109 137 125 138 103 114 126 137 125 103 120 109 137 104 108 119 108 111 139 137 139 115 112 126 121 108 101 133 138 117 125 100 133 121 109 114 135 103 106 133 131 108 133 122 120 126 115 137 133 105 123 137 118 132 101 133 129 122 124 111 104 112 134 112 106 122 124 114 100 126 116 138 134 137 132 113
3132.941310076947 0.8998999037869263
3905.605431334351 0.8326559986115012
7573.672410825268 1.1424469009390696
6604.052909041979 0.9554300942557293
5599.007743860799 0.8071632885952622
7015.931971526855 0.9572987446772304
10849.632479905973 1.0590421947154847
9494.27202480782 0.9917230648634793
6863.680416600745 0.9878303808701208
5143.267865863746 1.0783548483098695
5318.697798993419 1.1363561219728098
8306.81756044136 0.9363110859504302
7261.2378849171155 0.810747435424695
6850.65384746977 0.8174864426189773
4660.447483505322 1.1065624454782286
8776.301153266799 1.175222835742987
6838.147744986368 1.1782579223605563
6646.326274707643 1.1030373554893247
9731.52703735632 0.8239059774421744
8719.567825766379 0.8233725410096573
6599.043394577795 0.8266845693001941
7888.4850360938635 0.9609288830089995
5027.9236435019375 0.955972671363359
5587.651279632994 1.1406076238772818
5991.871446087253 1.126226949056625
4686.440980078121 0.8706268795222071
7232.828484694618 1.0688549092094122
7132.658624764527 1.1997082973905162
5465.276197211426 1.0344098574023841
6637.627623974111 0.9800477634100532
8372.287174651728 1.1523270334036355
7335.379685807461 0.826395307294219
4185.939341317942 0.8500623469621169
7828.752602708096 1.1857710621085222
4575.74304297725 1.0941245260073817
8321.785737644836 1.1018231181421172
7232.725572264955 0.8182762244164905
5044.108658466417 0.8135423352669581
7719.383137851529 0.8319742640292466
8322.757419705962 0.8820181145216498
2839.7518652073686 0.9297982851066127
5044.699653167433 0.8107323728447537
6610.229988517284 1.0776814044639922
4151.705834073409 0.8810944402387274
6367.441195317704 0.9916019547158033
4161.879004806449 0.9645712102657913
5854.999475767693 1.0313547143120838
7514.656067944768 0.9549088990666305
6704.232332580337 1.1328711423955307
8334.742652536537 1.1950111896678115
10077.13556904943 0.8032131472329989
4294.2464837745465 0.988165820721619
8348.240875330062 0.9541093460859398
8034.515969916808 1.1952853998430435
7045.221534249214 0.8945338368944656
10368.14455116308 1.1554525891316505
6930.260353633249 0.8952010526115076
7507.1700418386945 0.9725168579671346
10120.61595821004 0.886054570270372
7796.903863827951 0.9263393091041064
9364.929706645526 1.1632078878988503
7217.542629575223 0.9215297385975026
6770.35307666779 0.8926078067198695
5338.053535403929 0.8002294031725885
7304.286586362099 1.0413267107653255
5656.447355928089 0.8710189811496549
4226.62485521033 0.8876933123511263
4569.205578608024 1.1205103899949092
7816.629775266805 0.8578678426641922
6613.719629551687 0.8469000085448845
7182.953193879648 1.1067522391524036
9314.765808712189 1.1787158740840282
6832.984774473092 0.9999764698687676
8752.584018670845 0.8438511491245895
6908.844402986034 0.904431124895716
6169.659580980759 0.9387738602531333
4772.943335866431 0.9027981378309172
4033.0123315440133 1.1383859270440893
5582.978019943359 1.0856967684419878
6323.878151474837 0.9466136046994176
7250.004841650028 1.0021040273756805
8173.663760171774 1.0638871165252721
6973.982486970552 0.8236619824042886
4500.709686245445 0.8404578937157836
8410.722750611494 0.9214056704658077
8916.5350096847 0.9876576598643311
7113.920585534244 0.844981961070032
5035.355778033674 0.8085041487282054
8407.924520935177 0.9965258888732584
8226.745568186005 0.9571146167066931
7603.334179877558 1.0532972255743038
7093.50981449603 0.9897947473259152
6500.805078101841 0.9843594083995835
6659.332371148066 1.0150246027337901
6337.874301536605 0.8658797985160445
8537.76735474032 0.9545048772680417
8821.327565098869 0.8716795961858406
6403.037887535775 0.9808675766722068
6520.497347381262 1.0733493618588943
9394.219022243891 0.9480756566472692
