3 15
0.9340827355162425 138.77069225462435 503 94 78 99 92 67 92 76 89 84 73 95 65 90 98 64
0.8363535002339372 147.81846680815838 564 129 137 109 137 113 136 127 119 133 127 102 134 138 136 101
0.8676050169754121 155.50261647518732 928 91 70 74 69 85 68 83 93 96 85 71 63 89 71 91
1865.7160460948126 1.0662045089347403
1265.9263964249278 0.9235326095105539
2127.8783440317325 0.8567674194629125
1896.41714808577 1.0629753138867413
2053.8936680352026 0.956384754561361
1939.4108584905637 1.000576224172957
1423.4339273865871 0.9860205662633221
1519.3532706839542 1.0577711629229896
2191.9983569068227 1.0762683999547245
1176.8189279549779 1.0131540012613707
1736.3198250946273 1.1810743953464193
1445.5092176206635 1.1517184997154306
1378.7213283377237 1.0189599554417765
1562.5085696048432 0.9131052240726508
1068.0407242726387 0.9107986095288635
