3 15
0.8674465364632955 172.35794132581938 603 68 72 85 62 90 91 79 67 68 91 61 96 84 61 87
0.7780177273116691 155.13916045231036 605 105 100 109 112 120 104 122 120 124 137 108 127 116 138 129
0.7818482318373612 121.65149926497645 843 71 75 91 94 91 95 78 87 62 60 73 89 65 84 66
1951.655548805224 0.9879433659630003
1601.2182425357335 1.1660097134355467
578.4090082900689 0.988511804194539
2037.5890874993836 0.9965816400101059
1581.7590136453855 0.8522100332266672
2540.654880713641 0.9817428263918175
1600.3653318245276 1.0953808764530875
1850.0208487809846 0.9872004792511984
2056.1311923333733 0.9517168651595115
1428.6900996502393 0.9704140029215653
2427.848945825885 1.0539014293021811
2173.569805943731 1.1977889868409919
1563.634406675245 1.1367949687807228
1442.5993103617366 0.9629216405123564
1901.8091622965458 0.9279835427197294
