3 15
0.8668439425258632 164.9853749431854 706 92 62 64 76 84 64 78 96 71 72 75 64 76 89 83
0.8555585075512798 160.26908914517378 813 61 92 87 84 91 60 67 71 76 74 94 95 78 80 73
0.7602557004588658 123.40939379698831 991 139 105 106 126 135 116 118 119 109 137 108 100 101 121 117
2227.5335186997327 0.897643940660111
2953.769127976485 1.0429983521135646
1074.851973980236 1.1896044712101637
1659.1546784172658 1.0693978475161785
1910.5717799403697 0.8350483446537764
1921.9408512409948 0.8156090402420625
1671.7492548346963 1.1134546926300248
1264.0609843052023 1.111685842859797
1516.0949210546248 0.9554527147160411
1352.7206530436938 0.9108552769809173
1253.0279161535461 0.997508820841893
1759.3059012027313 1.1316571444228445
1769.5177575836851 1.0854627508392318
1496.650064392719 0.9365279989325028
1501.2688039428313 1.0121465749517407
