3 15
0.7528866182957998 143.48514813505915 637 80 60 73 76 68 68 89 95 78 95 61 95 78 61 65
0.8666823361962911 171.7285135076737 746 101 130 126 118 111 114 113 113 108 113 121 123 124 126 121
0.7618138543967632 135.28122555617713 818 64 84 60 83 77 94 99 76 73 78 70 75 83 76 86
1561.9666711010343 0.8504053609673595
1677.6923393961788 0.961887650497694
2013.5388460947145 1.0429036986394318
2095.8153945582326 0.8268885401653122
2038.4916604018426 1.0222711286840016
1953.4578094427225 0.8428270113345748
1910.1447469952093 0.8402059520018546
414.02397895887157 0.9468520518886231
1171.7591529853962 0.9892735284478434
1528.1066865554528 0.9058220048502683
1079.5740030177253 1.1535308884110456
1647.3514287322537 1.0724636036511477
1044.309557599443 0.8099891765028105
1898.5150600809957 1.0395228008657749
1934.5612263045077 0.8775362734179878
