3 15
0.8783122088906686 127.61611031823034 625 77 94 94 69 60 96 78 71 93 98 86 73 98 85 89
0.7589922916188077 156.62511268131976 888 60 73 67 99 85 68 93 78 88 70 68 90 71 66 92
0.7678273084354955 151.76275925077448 892 109 125 106 126 116 120 103 125 116 128 117 103 116 127 120
2110.9234057736035 1.0318199496078988
2072.077796275855 0.813582052551648
2003.9493930639046 0.8744802964527376
1747.0013602512367 0.9501957172979285
1746.2914888882756 0.8819362169863956
1430.645739220681 0.92585276649101
2303.3026353836685 1.00659857003053
2611.421280750987 1.0982746176541183
1134.3439897642677 1.159488723606339
1986.810170006992 0.8708074182715013
1701.9539132151845 1.0048413209376494
1746.3411166451413 1.0418354183338185
2221.9134923882216 0.8969627353407702
1710.413931465682 1.1913649564327282
1736.8067328056718 0.9453547793593362
