3 15
0.9331361744923876 158.2158513047107 555 73 79 97 70 83 84 79 93 74 73 98 92 64 88 69
0.8653638694730887 176.12041481949205 700 71 82 94 96 82 91 93 71 96 90 77 66 80 97 67
0.8893543916302735 177.2771419623029 907 130 119 112 123 112 116 107 104 109 139 133 136 132 113 121
2056.5510077944646 0.8267684639096996
1678.2904061293464 1.051198144039675
2023.7835028549057 1.02523123481618
1581.3400789406196 0.965313299457186
1959.2621796728386 0.8183188704679232
1044.3036207574723 1.191233787684045
1491.2901977816482 0.8727966441311187
2308.3488386542076 1.0581509910209657
1417.8459119940708 0.8780899671764019
1582.6898621529344 1.1708362241179404
1468.3238163485057 1.177357636340624
1692.9200044172048 1.0135995698849298
1969.5687237363097 0.8654640723008682
1683.5021386574776 1.0138329301131297
1514.84320392462 1.097214400265442
