3 15
0.8748380893697794 142.00859366263543 698 90 71 69 97 93 62 82 69 89 81 60 64 72 93 65
0.876720939285412 159.9054261818048 780 77 87 66 83 67 75 64 92 79 76 66 65 67 68 89
0.817586393978708 122.33129103275621 984 88 96 70 65 61 68 91 66 89 69 70 73 61 67 97
1631.2368645962558 0.8100274702327273
1100.2557381886097 0.9491059128594845
838.9787465132052 0.9397599670074261
1931.432022996249 0.8611524319806023
1502.705008324658 0.8109677755022062
1962.8738331338513 1.050138973860897
848.5238229764896 0.9826503908979203
1049.7698689155861 1.0202727576758608
1255.4622214402712 1.0749218837178927
1111.10309254023 1.1407341084201867
1815.5378619385745 0.99544020509849
1549.638922588886 1.0188145111892966
1996.8800967560355 1.0610527805482
989.7718378688297 1.048564938315223
1130.4255073367624 0.833799879388944
