3 15
0.853376673189999 178.1849732507953 567 87 96 63 98 75 75 62 90 83 78 97 79 96 92 89
0.8467704203267347 157.73209960467625 937 94 72 99 99 98 61 80 67 91 72 82 76 74 93 69
0.8602725146267064 165.20103181052764 955 65 94 91 65 89 63 85 87 82 69 70 61 80 76 98
1185.5455235758054 1.1845165501933104
1647.3761836414233 1.0437187613820489
1543.3558899345737 1.1422044420129174
1813.228850374259 1.099028168579993
1125.0818839490253 0.8020778656048143
1904.6759753927067 0.8619691498901856
2038.3365921350626 1.0219338567783567
1026.425310981912 1.191856897321148
924.2156822415441 0.9468402659549385
1478.8699250432176 1.003546693207528
1704.3636306397436 0.9040312192395722
1076.9592297996955 1.0060151426099935
775.1529856454816 1.19231966484347
1575.1880821251652 1.0458815072954883
2114.5878202396107 1.0757879715062302
