3 15
0.8421239269212298 120.81362953586793 575 80 89 86 78 87 69 61 83 89 78 83 69 74 90 78
0.8175472284615309 152.19836868335588 699 76 62 86 67 69 91 75 71 99 70 68 92 98 77 79
0.8970276835546085 179.1462767466326 956 96 91 61 65 78 67 78 83 86 67 92 60 83 73 67
1441.1790667828927 1.1083252863978499
641.6153595330611 0.8321356147621155
1644.9487255180165 0.8531066006722127
1256.9266987826813 1.0685035348300276
1605.7942808765283 0.8985775700370924
1411.9249819786844 1.1010575695180993
2066.594657894032 0.9832982198084531
1666.6428284137191 1.1077827118491872
1759.6269637593682 0.9349479753693155
1342.535703902593 0.9116592976735557
1626.7955373895886 0.8049480989355183
1474.328312423045 0.8442552377408898
1022.2069083192653 0.8481163417082708
1904.951672722603 0.9788253088008148
1163.0782096401563 1.1176068391892242
