3 15
0.8829459949909788 122.16929326332345 601 93 81 79 84 60 73 75 95 92 75 92 86 63 76 73
0.8971168167225778 170.49715789912977 772 80 93 64 84 60 69 70 61 80 77 73 78 80 61 97
0.8877415728636988 169.43897788852522 849 89 68 64 96 61 82 61 92 94 84 91 79 98 72 69
850.3396919619963 1.1166951867519286
1551.5815133505175 1.0557784645956865
1542.152677937684 0.9408087369897689
1562.1497985811516 0.9982484522042487
1268.4805825933026 1.0114691517586094
1503.3383374968769 0.8409625833759125
1033.5185672358512 0.9472563778533634
1577.107628698118 0.9418470199914466
1400.9321688173522 1.1014591828424065
1209.8728332933074 0.915502491511769
1245.920825552917 1.1674458396818668
1003.3636881620278 0.8692559813708438
1268.0459642953747 0.915570151869884
1158.024459322506 0.8404838066221123
1171.0331837050928 1.1891796289267824
