3 15
0.8027016093458327 165.9979671642964 525 75 68 93 96 67 96 69 68 83 82 73 89 96 82 93
0.8848705953540847 147.0996101792271 891 77 73 82 65 60 74 72 83 94 60 70 76 72 82 74
0.8001936554653423 167.22663917579933 915 91 84 64 96 93 76 64 60 89 83 99 92 83 79 68
1377.0033514706604 0.9024813812479938
1346.860931168705 0.8752044231336171
1607.807057918274 0.8352743908669764
1312.4362888124654 1.113928656415114
1845.3437089351237 1.1849749243810739
1814.2455350048438 0.9738848170013642
1647.3311871300032 1.06171272727765
1067.389101542732 1.151164101866092
1245.4785561783062 0.8179541300964949
341.2866029923025 1.169027091695504
1447.394027525241 1.0476583324497382
1060.0049355425526 0.8193254166397673
1306.21540403689 1.0126488411828214
1195.9216769967152 1.0446344573345883
1250.2450954804813 1.1447698638185246
