3 15
0.8796009269485339 145.935589388711 803 75 83 60 81 66 73 90 98 70 64 68 93 71 62 63
0.8873573759449089 130.30211003670476 911 68 88 89 72 89 90 92 81 93 86 74 74 70 90 85
0.8653436932277261 166.50555134672646 950 90 79 92 74 63 71 91 62 69 61 67 72 95 99 80
1851.4352128904507 0.9313279531414246
1375.6522082018523 1.0671013755140926
1752.0548088053392 0.9257066496428583
2183.092307251716 1.0392133711278153
1393.1819008615198 0.872515138076951
1587.9469306513274 0.943996907744294
1626.935565577598 0.976743128381563
852.2167828777503 1.1914382461604038
1290.6341555822744 0.9620664714555233
1992.7208307676362 0.9666192369728532
1377.1298287895627 1.155080228238895
1631.944868599618 0.9257525425467461
2016.2601643186729 1.0972679359724995
1513.4150071835343 1.0668535830142278
1703.538298390682 1.1280873584529152
