3 15
0.8844802345635532 154.2545309483395 719 61 71 92 70 73 62 71 78 78 84 66 90 97 83 66
0.8590794114000571 132.4285234462735 738 96 71 76 78 68 97 68 95 99 92 62 67 79 96 90
0.8808381893539431 173.5469322644452 788 80 63 72 74 97 86 82 83 95 89 92 82 89 64 70
1538.658611319326 1.1347807802705923
1396.0101092957782 0.8352898487867171
1177.736997914097 1.0625186132992137
1580.2799715093101 0.9409406941314371
735.919228492074 0.848117191257037
1566.9807755414597 0.8100346314309594
1466.6564260889074 0.9662502961436105
1186.10265115892 1.0571436132660006
1581.0157220574833 1.1919581851122993
1192.075050105339 1.0168656860611711
1533.3538369429473 1.002445100504567
1113.6041785486345 1.0389716656884807
1646.548924022959 0.8898821907590375
1607.0382606834992 1.1733403145167778
1355.8972723862632 0.8058846494357718
