3 50
0.85 161.18065801207433 612 124 118 125 104 108 104 101 107 118 103 103 105 112 133 102 100 104 122 129 119 132 102 106 106 121 119 113 139 138 126 111 103 100 104 121 100 136 136 115 109 137 124 135 138 115 123 129 102 137 116
0.85 152.1804704633698 772 60 96 75 94 67 89 94 77 93 97 88 89 61 65 91 62 62 95 78 99 76 79 65 62 85 91 77 63 85 92 60 63 72 67 95 78 81 87 91 68 84 66 91 77 81 98 63 93 97 76
0.85 135.98240425240957 894 79 76 74 63 78 81 78 63 99 74 75 97 73 67 92 87 86 86 67 84 94 79 67 62 86 77 67 90 66 74 96 97 69 93 66 86 78 89 85 64 92 93 65 71 98 93 95 71 83 73
3765.4379531607274 1.075887391160244
5364.336213973354 1.0542216542710925
3819.2480977282107 1.0766774646243704
2906.6992702260936 1.1140266629726092
2369.2575697571865 0.9745369943598388
4651.746665245459 0.989894725720305
3330.3525326590843 1.1840518617908886
5316.827758756182 0.9634702003334088
3388.1752813351072 0.9636759837496913
3753.7235396329 0.9222252051532129
2798.4162219556315 0.9657580618449906
4376.857277135985 0.9773690290623325
2202.6020912729477 0.8343582517659095
3947.1557370183577 0.8911737026093242
6399.783347066416 1.096463810530362
4059.108009155222 1.1369812432439983
2929.6272058646136 1.0438332975374873
4409.15997265824 0.993127032947019
2048.6021904953345 1.0753249090095705
3376.8389271079654 0.983023281776736
4389.8346559123365 1.0058405444515237
3563.4581479561925 1.1452335462739531
3863.1555926576975 0.914932493549645
4239.6696823228285 0.9473723230671901
4097.768333224241 0.8378277030080115
2464.9744876945047 1.1269512577555494
4382.36004780098 0.9208763969151423
5000.493856959408 0.9117536314159481
4351.953126678821 0.9339546694253442
3815.973818292405 0.8841165069249428
3738.741807731649 0.861684287366407
3127.2651302602467 1.1513735122078432
1895.8132180509804 0.8796243332073709
2022.0266911893389 0.8317532741394363
2128.640935184656 1.1450247683045138
2788.6350612168126 0.8217432828422936
5215.911512988168 1.1751843600927696
5612.842888974569 1.0298694650383355
2879.1661919103017 0.9148362626905507
3971.389866582264 1.03252295396249
5177.825872705741 0.9040610000768925
4980.117415022784 1.0986017812511881
4412.076896999223 1.014047175454291
3217.744463959649 1.0062460286597235
2022.8994615221945 1.108615209816508
3604.0546853536016 1.136665932985552
2685.4109715561503 1.1587738935768863
3842.088446331712 0.8472215852686498
3517.6848971563068 1.1745819438620178
4055.917161501365 0.8279170531128599
