3 50
0.85 139.89469960917134 680 99 81 80 63 63 66 74 88 88 72 82 88 85 90 62 63 76 88 60 70 77 81 99 77 98 97 95 67 85 97 70 92 79 67 71 84 88 99 90 67 69 63 84 75 97 85 82 64 98 97
0.85 126.14512285122696 724 120 120 127 136 138 123 100 128 112 132 111 113 128 116 111 123 113 129 104 138 126 133 128 127 137 130 106 108 106 115 112 119 111 106 127 121 121 102 106 100 102 124 116 130 102 133 101 113 132 104
0.85 170.36186267862 782 87 75 96 86 92 71 85 72 61 95 72 87 80 61 61 84 98 91 66 89 93 92 94 86 96 78 88 67 75 87 80 91 80 79 65 71 85 86 93 90 95 63 85 90 62 92 81 99 93 85
1890.5450219373004 1.1528465863591872
3235.212995964617 0.8619658761912906
4318.295008817646 0.9315854013544379
3404.6131686529625 1.0288630213689869
3206.677885243588 1.1314477591649685
3152.3021641796417 1.1266719057789674
4296.944895259037 1.028461569954406
2795.8110939997637 1.00737372033933
2191.559461844459 0.9401725157505844
4464.668446474207 0.9813198977354778
4866.828247117302 1.0502281302726746
4147.079706292624 1.0245040007366673
4488.03402066797 0.8597194559288812
3598.182194850096 0.8612594334591229
4858.276582359992 0.8413682345972426
2234.6402576246587 1.175547799844419
2889.5259036097077 1.0553823877533839
3518.01134320162 1.079127821067202
4137.8865996659915 0.9805297914621427
4721.125679496796 1.0056905494108723
3095.392713327406 1.0367413639066971
2529.9150659843854 1.1140920362630278
4490.796168187904 1.0801508068543009
4028.303812659145 0.8202797330339
4917.140197646359 0.9023842444970588
3527.255309606964 1.023534653968945
3659.0742721609295 1.14811788546038
3965.37872953243 0.819774017896141
3182.2070106938677 0.873374283029247
3652.26357881002 1.1752886026679845
3323.110243249135 0.8336530199635246
3287.7311496072 1.1154987318643546
2843.2807691892613 1.099927631470149
3276.4116048041674 1.0653104716391428
3945.3060273212345 1.1771986565093697
3811.272256276051 0.8946323265545363
3902.463567514456 0.9649509390524639
4188.467850250325 1.0172724259549903
4996.22938679529 0.9546845208042578
3341.695717199465 0.851240490792745
1966.1154044818088 0.8743232212211758
3294.9564840480284 1.1494646785248956
4428.906488184991 1.1215315452797787
3449.4175838079364 1.1741530511019156
3744.632303915948 1.1137292711021962
2586.815254392172 1.0805543588491526
3249.2354084568096 1.1288845105225125
2692.3217312473703 1.19029431930407
1397.3770925707306 0.9020721375092878
2734.3873162176196 1.0874637371016718
