3 50
0.85 139.96388672936828 655 125 129 109 128 102 110 123 133 116 128 115 116 103 107 130 103 114 120 127 121 103 138 125 132 104 103 132 109 121 102 102 113 137 117 126 128 100 104 119 115 124 128 106 102 112 117 116 136 115 130
0.85 169.03074926208103 818 75 73 80 85 75 71 63 82 91 65 63 92 64 80 93 98 91 61 82 93 82 84 85 75 87 63 85 78 87 78 75 86 73 84 88 65 66 78 86 74 90 74 93 67 95 81 89 95 67 80
0.85 153.45229904046482 947 82 94 98 63 85 69 95 74 78 73 93 75 81 95 90 68 74 86 62 75 90 80 66 66 79 91 81 61 65 97 93 60 62 98 87 99 94 75 72 99 93 64 78 85 83 75 69 77 91 64
2307.3604129025443 0.9319037222892271
3945.8038675942944 0.8257296416799603
2626.9316325996433 1.0985942067171628
3647.06764227422 1.0468655782730265
2491.8933773082067 1.0779399598414718
3418.0710439929567 1.0368794507353953
4100.242182209106 1.0739842477532886
3535.074762759247 0.9569705269728791
4996.3631169686505 0.9620660075705066
3819.8241174684285 0.9528815714748848
3428.4571056183654 1.0439473436390627
3878.9896032265183 1.1242148500446874
4009.8251328311867 1.1956745482854538
4488.267658461949 0.9122632082220189
5705.3757339907115 0.9556171137201679
2923.047944717966 0.8265907201843526
2913.797853651261 1.1028289643665365
3769.5427778260473 0.9624411316167585
4185.699815748321 0.8260452944611517
3674.9976595721246 0.858767564905923
4270.880211151343 0.9521791704214726
2617.9494943257846 0.937190709824071
4212.535298946873 1.0608100502265208
3070.954890443233 1.1385142430346464
3521.059438386733 1.1008446081809233
2799.4102706689982 0.9880429503022395
3860.7903248240596 0.8889807450650491
4316.664213247746 1.1184336761595621
4368.792196171688 1.0663762153815555
2215.3127905050615 1.0566047435723358
4002.809211216323 1.172253887097858
4664.713447840856 0.8117651069182921
2395.8302143210726 1.1014503896880206
4903.323725451199 0.8258430430839446
4350.628826705137 0.8941237575642988
3801.268694591199 1.1591916322369262
1974.9504256861564 1.1047087985022528
2022.7008479878666 0.8946427230578574
3439.731351065362 1.09200976042192
2923.544046949568 1.0572100457085978
4468.152495412731 0.8470526982255635
4966.889083180207 1.0111515018581918
5297.5685475990995 1.0865471285222328
3582.0587908762177 1.1740151990931578
3382.8355612588293 1.1852688065711183
3927.19464766587 1.162985405713141
4346.150718675005 1.0787099809079879
4721.39370596499 0.8652815707606518
4889.893223954374 0.8996621851724651
5120.685036122208 0.8550490512411537
