3 50
0.85 174.12641762959885 503 117 118 114 125 107 118 131 132 102 134 116 139 124 124 135 111 123 131 101 119 117 138 109 103 115 105 137 119 105 106 132 108 133 136 128 102 135 119 103 126 115 121 138 134 138 130 115 103 118 111
0.85 165.78317232495144 629 71 62 77 68 74 64 85 63 92 63 98 67 68 95 67 78 81 92 93 96 95 87 83 92 67 98 86 86 64 81 98 82 66 77 70 73 98 67 72 63 70 96 74 78 75 60 76 92 86 87
0.85 155.27325514855377 733 79 97 93 94 87 81 71 67 92 60 62 83 75 72 62 90 83 99 83 68 69 79 77 80 88 90 88 81 67 78 74 84 84 68 73 61 75 72 64 85 81 96 78 98 71 73 74 77 99 90
3892.2661522313842 1.1422289152042309
4224.261834133444 1.105684989000319
3624.3901280293258 0.8669637260084464
3448.9192737256685 1.1219720774994328
3179.226150242711 1.1266638622278862
3309.4319041976014 0.8007003968265918
3905.303819084849 0.8033346386882939
3393.099716307448 0.9343679881806042
3927.38237903736 0.8541177704423202
1758.9311460629976 1.039142381495399
4669.290285835426 1.0954849967132294
3218.5666553608903 0.9561469782296443
3452.891801289277 1.0193710059246046
4275.666388605269 1.0161965508783595
4358.746959900773 1.1829274780633234
3572.2180293714873 1.1471073886492584
3715.7024071757346 1.1791931665240936
4841.293504793287 0.9504755851702087
6159.958181976157 1.1046096115465853
4079.3026422999524 0.886419567621999
3213.028243159243 0.9309325535906124
2396.1346014168575 1.09545057287704
3750.6155946576155 1.156868261905993
1305.9432470757201 0.9043964445469338
2969.0338038991613 0.9312149394125836
2992.298015122449 1.051801478009803
4244.362959418712 1.074486817797681
2890.7443641967598 0.8481381891164923
2504.338955104534 0.9630831688390504
4079.88086594751 1.1743803957585301
2002.6194261329838 0.9282274299213449
3238.5574741552623 0.8571670583598112
5690.4182688972705 1.1382022777713905
3777.528151867761 0.8010122355354043
3511.147806713164 0.8226838093114752
3524.9990152651226 0.9681010938351527
3805.1974972993553 1.102143059088195
4492.9995312802475 1.0774144901280522
2879.3574370397314 0.8021609333021047
3598.0818781510807 1.0688971822003441
4271.346492639523 0.9587390250100006
4344.063674703293 1.1417758395144681
3944.679583947995 1.1179454479210678
2874.5915261652995 0.9647984628784475
3581.5109036620916 1.0885479124297077
4026.8560008122727 1.0097613211805974
2490.4100303792566 0.9202177781514593
3809.080614147131 1.0180523560647514
4236.8852046992 1.1067420814032063
3311.0945484751774 0.9628397489746708
