3 50
0.85 124.4749955919724 666 136 124 134 135 105 136 121 112 113 122 125 115 126 104 123 110 127 120 132 128 124 111 104 116 105 104 113 138 101 138 120 121 138 113 120 131 109 127 124 100 138 123 115 138 110 125 111 136 119 109
0.85 177.55627210576114 820 81 78 96 85 79 85 68 77 69 80 87 72 91 62 61 94 65 99 92 64 82 71 79 61 92 97 86 80 76 90 63 71 70 86 86 83 70 82 82 64 73 60 99 96 95 68 64 66 73 68
0.85 134.78572359961095 990 94 88 86 80 99 80 81 95 83 95 67 66 98 82 89 94 75 81 64 73 94 87 63 62 91 66 75 92 74 71 62 93 76 71 67 66 97 98 90 84 87 96 80 77 92 93 80 95 81 74
3977.2372953749423 1.1011890675305884
4297.380665717554 1.0666819296332075
5161.076677629981 1.0924109243954472
4992.503065013742 0.9921054784698953
6756.841698403211 0.8532192972298217
5706.481884466968 1.0917683290976499
2502.839293088711 0.8219326350080667
2576.3737585564245 1.171524445027286
4151.1826894164315 1.1236612498169394
4171.930546963299 0.8090390945283212
3368.8869739265047 0.9219950684212619
3492.470528477742 0.8862339105553136
3826.265992696971 0.9702276415833134
4293.121504842947 1.047018272581303
4783.495742165002 0.8605409370092695
3377.351012831896 1.1808028790326484
4311.5565283897 1.0836897654316122
4065.22392489182 0.8055114273060836
4622.960268050761 1.1313081812492676
3172.236684360665 0.9751642103690235
5686.137907258606 0.9278352608968043
3911.0259775660074 1.016196490615789
3330.75675694517 0.9055430801089775
4329.974498802374 0.9544671671946829
4693.471036125998 0.9077991773025865
4406.051173109218 0.9565530552446309
3015.9690056269437 1.1533141062017054
2945.677610015561 1.1836345680668674
3615.2171091045807 0.9778610485815701
4137.212419617064 0.9469476671692085
4038.5780549834176 1.0344714216913538
3172.8745013802263 0.8258627936552908
2184.8674113458255 0.845238432041612
4472.732796768759 0.8401611112360307
4521.381911410804 1.0146966069306367
3587.235443175011 1.015410640225306
4536.7140463160895 0.9378476852534239
2718.1764681467876 0.9440247887945179
4566.076941446498 1.0798468968027881
3857.081019747711 1.0457584772419948
3155.4924299270415 0.967121804301357
4318.067310571827 0.917897889287779
4634.2614588389315 0.9275009460827314
2994.2968612372338 1.056917236705768
3796.5178450108697 0.8946246086119017
2583.6765120418404 1.061107876294293
2724.303081354543 1.1576460772411374
1576.4170795777277 0.911939260818968
4481.567779766154 1.106784168527678
3468.1971717649076 1.0222305343330444
