3 50
0.85 170.2481741300724 513 110 103 111 102 124 104 101 132 134 103 133 114 103 115 101 111 122 122 138 127 134 115 122 138 132 106 128 101 128 128 137 111 101 118 104 111 125 123 117 113 116 119 112 104 130 106 120 135 104 131
0.85 149.82976882148017 772 71 82 61 82 83 78 95 97 79 98 70 76 60 83 61 77 62 66 80 76 91 79 84 81 82 87 64 97 79 67 85 78 61 95 69 83 98 90 96 88 73 78 78 84 75 79 74 70 76 76
0.85 126.17152024430658 805 88 87 71 75 87 80 71 92 95 65 95 77 67 83 94 88 75 75 74 79 68 80 66 68 92 66 77 66 69 90 79 81 90 94 60 68 63 77 94 82 72 83 60 81 84 88 76 82 91 83
3964.0695969490353 0.8082749362933082
4224.844648869068 1.0863381246154282
2635.1903576056384 0.8541896502464168
3459.19118530721 1.0339136659627892
3102.174159515149 1.0623713381639437
1245.7782058982375 1.1300517789340472
4354.54277965276 0.9550277055488046
3808.920308723447 1.1074987043762885
3313.738510683016 1.081139890607827
3256.3494771638775 1.1869810410753585
2113.9433475859646 1.1609715676457455
5927.896702989357 0.8416865815194241
3873.2417687499624 0.9773668762408624
5274.067369677343 1.0185039522758
4647.300767033767 0.8420662806604307
3443.956978648236 0.9036140230051666
3448.0114194061985 0.953296013434584
2943.4711757518817 1.0742593766358808
4546.830622149545 1.1550850722076116
4259.353067588415 0.8635326595477804
2918.4148830335034 0.9779391112097973
3143.8184782273265 1.1238488853504245
3264.4592340085487 1.1982113001004961
4347.230488221778 1.1262901312112712
3535.339121450906 0.8209783100682192
5063.743822686669 0.967307992031214
3866.4395933723713 0.8518436421321596
2904.2113275347247 0.8495212431880712
4900.834359653689 1.1672589534245588
3895.1097787527774 0.9967282278617765
2825.187867651519 1.1808395130317733
3193.9527400124634 1.1802980277411987
3443.0550036487302 0.9891757237747096
2145.4388214566225 0.8447377295349061
4568.759113572606 1.151762328786774
3970.689750428688 0.9529803008092367
3888.961906130156 0.8845181770027879
3857.698898636134 0.8758027354345168
4347.813804287289 0.8811565446629201
3254.5165219571554 0.9947824565253779
3266.0968557378255 1.1392088002488723
5447.424935235082 1.0508746782291718
3953.431557165598 1.0070964287444937
3741.798620845472 1.1764019298086037
3250.774948973668 0.9585536513515114
4927.819976044061 1.1136100233182478
2062.9282627993452 0.8122570871466648
3296.5142277179493 0.9803460259642763
3084.956208320834 0.8783651942569
4517.002924978428 1.124879570807868
