3 50
0.85 157.19987946818793 581 74 84 87 93 88 62 83 89 92 95 74 73 97 63 91 83 70 62 74 73 69 66 82 96 90 81 76 96 71 69 64 97 76 65 90 94 87 82 74 70 87 76 79 61 70 62 98 68 68 98
0.85 127.36257093153998 801 127 130 128 118 137 136 116 111 134 119 125 126 127 133 114 106 113 131 136 134 126 125 102 121 133 120 138 118 121 120 113 116 133 109 105 116 135 111 126 113 123 129 105 132 100 108 112 131 118 114
0.85 168.80617755986654 830 95 69 71 95 87 76 95 75 92 82 60 89 84 73 96 71 84 92 61 61 96 97 77 63 63 69 69 99 84 95 62 98 92 61 85 88 79 89 87 86 65 90 61 71 83 66 94 78 72 72
4071.5811461711783 1.1661762915383032
3244.731492732617 1.1787224819378523
3061.1390025270825 0.9170097640490578
3470.9561899382425 0.838744522168252
3122.100010173506 0.8642025931979804
2693.3520476390477 0.8825172647493688
4441.399319760776 0.9240294633532238
2700.260855704054 0.8849300117904979
3892.447563058422 1.1221964598443874
3756.179114858988 0.9806075131953765
2841.191320843774 0.9846940392233934
3695.561214659046 0.9951002227640435
3064.823576078599 1.0009318247550836
3452.0784156689115 0.8652302799064641
4173.815659872234 0.8742404032893238
4206.937091839847 1.0369435348053422
3072.9780717827675 0.8370731354211154
3743.3041866524754 0.8913815456166222
4377.526826064319 0.8618775833822363
3459.7589874915734 0.8907261679727883
4921.583581247936 0.8211579860652853
3504.302474677378 1.112734004551551
1989.975132709654 1.1986473896075607
4678.111350166014 0.809534322571489
4168.82661517838 0.91379804522516
2340.485832358181 1.01714083080994
2503.9443024862544 1.0875242520251909
4851.805726856515 0.892634416254899
2986.1042069776213 0.8356273031975149
4556.687759559318 0.8167555207114588
2609.317706582752 0.9249012694619378
3409.040450464906 1.1100651243447368
3650.8789652779483 0.9049465252358451
2988.5561624775764 0.8555581570028611
3464.692563864488 1.120158220524778
4364.333229042725 1.0926798335883539
3448.8256372471005 1.01437869816573
4382.594936960594 0.8663008263131866
2717.8230734749354 0.8888997769715071
3058.6587260570486 0.9535924975602261
2334.7146722318303 0.9476864518048662
5014.404539159766 0.9556692192256109
3393.613155575994 0.8916041006954262
3852.2802914712997 1.1804860633081329
3578.1596553467352 0.8472088417976891
3401.071829354566 0.8266902921491924
5678.887107768995 0.8664947615755225
2422.3764933564566 1.1014593724429222
2477.65622395183 0.8913963842628884
3954.2611283071324 0.9312629347070255
