3 50
0.85 178.01728467233372 813 133 109 128 138 104 104 131 135 108 113 123 125 134 107 134 136 125 138 110 124 100 126 109 105 122 124 135 129 124 131 116 137 129 126 113 122 100 120 136 114 110 114 114 104 107 114 105 139 113 138
0.85 175.36169238868376 882 73 99 98 85 67 73 75 73 63 98 64 77 85 60 77 99 85 73 71 93 85 93 82 92 84 65 85 88 77 69 69 70 81 68 74 86 88 63 81 72 79 66 91 85 61 68 62 63 88 67
0.85 138.82932861037136 928 63 95 71 84 63 92 87 92 78 88 85 95 65 81 86 73 90 87 93 95 80 70 68 67 63 94 66 90 99 60 76 64 78 95 66 61 68 81 97 84 95 82 82 65 86 68 65 80 85 76
2010.0271329248544 1.0731255439179406
5085.535408729367 1.157855729394394
5529.03229362922 0.8760911366909017
3295.329311225438 0.9583328050345945
5462.400343668264 1.004569465426841
2951.2443880703763 1.0181759665873216
4045.803780220775 0.9268179790270213
4647.345162756603 0.8584476677911079
4730.037744232992 1.1397721653147828
5067.533654740988 1.118946768167008
2506.6090438193182 0.9410459810720067
3597.7766329243536 0.8756557679095063
3835.881426979715 0.8767274027404167
4147.641971442135 0.9790625052429143
2037.465072704016 0.8660869968396526
2207.234949589224 1.0965856066793491
5104.837278912488 0.9957719776288624
3896.618718775742 1.0142568751764474
2431.714139472072 0.8123451890756744
4313.468712266754 0.8504978539743717
4723.480282725998 1.0024961174532585
2395.375206413676 1.076553474992152
4097.0021293865575 0.9949915246842607
4327.952992562462 1.0105820216391916
4580.575356811112 1.0610765236157322
4294.128622457044 0.8323199382464488
4083.4748947019725 0.8918876385036679
1783.5834196445276 0.8639537440043663
4829.865513685254 1.0076198286293376
1537.8701287608346 1.0532945156183504
3270.2621527487745 0.9466183541725324
2873.0888632620663 1.1440472911521615
4792.216061260636 0.8111583003266819
2300.2081643737874 1.171178447304884
3275.1999460296915 1.134823674250141
5118.541129079272 0.8602464912438792
5379.320284579791 0.8526953928915593
3015.169401851386 1.0088511796737896
4099.084794383813 0.9766900079742363
2956.425256259201 0.8901153737980916
3821.362086518431 1.1252489288868175
3453.5836287364773 1.0423758841663675
2956.0098164363294 1.1709940448400034
4613.426461000219 1.151892403010768
3857.3125071038835 1.0498666489257902
4180.339097363586 0.8761583803190975
4926.905800944596 1.0069490587140213
4390.120883647762 0.8831927585182836
5438.193728291972 1.068080128726927
5507.372929693423 0.9706340073408517
