3 50
0.85 141.84481598227583 511 108 113 105 109 105 108 126 118 137 139 105 134 102 136 115 132 113 111 109 111 104 127 137 114 109 112 126 117 113 125 109 135 133 121 120 101 126 132 116 120 114 102 129 126 122 136 122 108 122 106
0.85 148.69355395864486 673 75 65 73 84 80 62 93 84 89 91 70 87 72 61 90 87 65 62 69 75 66 73 91 80 96 92 60 98 81 65 88 97 85 73 90 98 82 67 65 69 81 98 65 90 91 70 66 90 62 79
0.85 121.27011780316069 773 96 66 89 68 62 62 73 79 96 97 78 64 72 83 74 76 71 89 87 88 61 75 95 70 67 90 98 88 79 60 80 64 62 73 88 80 94 77 86 65 78 90 89 75 93 99 69 62 94 89
3550.7645410775694 1.0089330527093403
3930.5053309965933 1.1942031922098084
4447.519388167075 0.8681862553563897
2596.448252945722 1.0618067378587617
2816.9918942274785 0.9233480021633304
4503.718056198216 1.006848093820823
5087.6508181309255 0.8626677050864491
3952.258437759926 0.9458104280146464
4511.098443103544 1.0499309813893616
3978.9575852295793 1.1371597622978489
3736.3165140060146 0.9060051516846086
4158.709689060775 1.0408834770037667
4102.95946155925 0.8102988672236453
4007.604609150891 1.1571758673006274
3974.256015896839 1.1581608239920307
5536.522821523627 1.1415425526477683
4683.412034801038 0.8290282496021435
3927.742166364258 0.977714040771711
5060.249630493219 0.8768319651304408
4526.651897360349 0.9111162425649902
2186.438162997634 0.9901727999604425
3739.0403724878315 0.80401959393716
5451.775361253691 0.8585185942968271
3285.751960259457 1.1991024876892815
3531.355883274095 0.9202280525042762
3236.4926459088456 0.9301309359148091
3887.925810525381 0.9421351411607736
3722.091444452761 0.8929162134058813
3919.6087813375834 0.842116041940569
3650.3690721532976 0.8470569124255167
3127.7854247313553 0.9704513753440518
4333.209920888164 0.8413594837039576
3920.3447294725274 0.8624184322042656
3242.2125611917245 1.1907078973252996
4028.0257982258136 1.0189427249169647
3416.4498056756775 0.9196633397897844
2722.232871621756 0.9782251097074296
3529.783386698237 1.135700054026121
4290.079948659169 0.9264435168162446
4330.8067893527195 0.9177923120811646
4498.703232218022 0.8780694711319466
4773.769165491369 1.1941564008692631
4730.291322467823 0.8104635288875367
4248.6974474740055 0.895745208911412
4207.3126482607395 0.9942403972445896
2447.3017882647873 1.175789775094239
3519.5407168309 1.0192744066658017
4949.899992022836 1.1812269096577084
1460.8583592974242 0.8271426412331889
2231.3139436671227 0.9064006764376534
