3 15
0.85 137.42954852481665 706 103 123 109 112 124 131 126 139 115 111 120 119 107 119 112
0.85 129.89590480341647 844 60 68 85 66 84 74 72 84 86 88 99 83 95 68 99
0.85 139.9851705016303 952 97 83 80 79 83 88 84 87 75 91 64 96 75 82 90
1404.5549460685836 1.131417624569951
368.44508446448845 0.9510346720249179
2514.4738592776625 1.0197349143316299
2534.328729736839 1.19123728571324
2316.1097056489893 1.1425207456286584
1853.6005804755455 1.180718223642585
1990.9598024128875 0.9678925452303434
1478.29754278969 1.0616161478295398
1373.8791800668896 0.9880617472553973
2232.123863388983 1.0475638704966548
1926.2336421600555 1.1667683339179726
2308.513680922858 0.8486726451698472
1434.4304289175636 1.1630975382885194
1609.471080238174 1.1597674149535515
1366.0411530621254 1.0254742348948591
