3 15
0.85 147.76400690388076 613 94 64 80 78 69 67 68 72 61 94 76 91 99 89 80
0.85 123.40303388431784 719 61 70 85 87 98 69 69 64 61 62 69 60 75 83 93
0.85 127.90819423432471 840 119 129 126 127 102 103 136 125 138 134 128 101 110 116 128
1056.310653084775 0.9631720756916208
1542.2445529936354 0.997186557206312
1874.148112125921 0.9125226679572408
1412.0813486282082 0.9081372886634187
1500.3404285060524 0.8631294386518064
1545.097562831225 0.9935501959366176
1060.4616739376438 1.0340065683865727
657.9767541240307 1.0465376188619033
1347.8376908941675 0.8682347222088748
1371.2836439637363 0.8054060493571441
1481.6085721607744 1.1573141146308958
1728.9306038231507 0.8489665348024378
1096.9649610423837 1.1378172628986698
1946.9731274383303 1.0761100839445361
1558.6632237234712 1.1715531661422571
