3 15
0.85 123.87529438146882 508 64 90 87 63 81 63 75 82 69 99 64 85 93 95 72
0.85 165.2473642681622 632 110 105 115 111 109 133 136 107 138 122 129 129 130 101 117
0.85 177.38750362655023 679 85 93 63 88 87 69 76 95 63 95 66 72 87 73 73
1170.8476707187676 0.9323965071879889
1379.294817079478 0.9113927931519356
1311.082012113404 0.9780936010275516
1935.9950004851523 0.8188486534832746
1456.4883418313714 0.847910533508039
918.3386982388278 0.9156512002608154
916.7575473466401 1.1237328723686961
1371.3342644214968 1.1690167772653197
1608.9563101605743 1.130760390017027
1243.597079366054 1.0737459578039776
1480.785931937346 1.1887390794551838
1925.8540541133648 0.8693472541419864
1123.5206231725501 1.1542149121648688
1288.3354390818452 0.9571877539363725
1381.847329625003 1.1692540369982436
