3 15
0.85 154.38771969027414 736 120 133 122 113 101 102 131 127 107 100 107 135 125 115 118
0.85 169.72714568449516 765 90 90 79 95 69 98 90 81 77 84 81 92 83 63 81
0.85 138.98424269278718 814 94 68 80 93 79 89 64 61 91 93 85 85 79 74 93
1533.6812547050663 0.8364449477454579
917.9474419176487 1.0064579813218295
995.3314556991149 0.9323263791719878
1737.144074552504 1.0095272886407256
1089.6223763207722 0.8891728056466096
1745.3944617961329 0.9510498030699134
1753.2904887436734 1.176847750301999
1915.6342205420442 1.1721557675749255
2094.7798990635283 0.9903902333638342
1726.1024327606603 0.9706849257491063
1729.8824481779825 0.8081085234622896
1222.1198261534566 1.1142938151268151
2026.1267032487272 1.1936581003312852
1938.0762719616353 0.9767164323915765
1103.701610300568 0.9929385240936617
