3 15
0.85 173.2476906946254 536 71 84 83 63 63 81 97 78 98 73 92 92 84 91 96
0.85 167.48680278409023 569 86 94 97 87 79 66 74 90 70 69 70 86 67 65 85
0.85 152.02416126711057 727 125 111 121 114 100 115 125 116 133 135 132 127 103 106 113
1332.3855216519144 0.9346866828251855
1210.4388171846267 0.877441405999434
1214.1880772496197 1.1430778190270352
1569.6216358956992 1.0753975400108908
990.8396833062004 0.9823299830076945
1701.947576088826 1.0696159764260575
1566.0970862509555 0.9830072721787411
1059.2323841521916 1.1127224820322161
1361.563986005971 0.9623241935148483
1392.6046321722822 0.8689719559006815
1850.6978388641276 0.8538184791989264
1370.7965028817835 0.8281197102131779
1104.605777035715 1.0870791455130433
1339.2626702979107 1.0806284804877446
1606.756944497537 1.1249682361563367
