3 15
0.85 141.3058571325803 616 98 84 96 60 69 86 66 76 81 70 63 90 88 93 60
0.85 127.51768995460658 802 111 108 139 110 138 122 132 111 115 120 100 106 104 106 116
0.85 124.36538539120302 982 75 97 97 76 99 81 72 75 86 74 60 86 83 87 75
1584.5142899014472 1.0342272522599718
754.5242590856196 1.1570789937882404
1753.9423938831924 0.9085011131082855
1368.488833378805 0.8794679202862861
1564.6687639239049 1.183569419521572
858.7950675128344 1.1202636956154424
1434.6532600859987 1.1576718516405122
1582.6817777842634 1.1982748905954255
1651.2195076947996 1.0623576225972242
2096.8391891604356 1.0333147547859574
1822.637063119755 1.1333706192339508
1072.1132124095298 0.8399953423177462
1739.2497535930322 0.884551889348465
1557.7379319159854 1.1933649786891027
1896.2996437394665 1.1089585839267866
