3 15
0.85 146.486190525862 647 77 86 93 86 86 88 90 70 85 65 89 78 97 94 80
0.85 162.3527849227052 651 70 84 95 77 76 89 62 65 71 62 85 95 84 83 90
0.85 161.4867923253934 770 102 135 129 130 102 125 131 107 120 130 102 120 101 121 106
1730.312079898787 0.9668725880107992
1442.9243011057038 0.8001508013352783
1614.2485806972477 0.8471825587856495
1456.2161804753007 1.1693173425014365
1007.6045227871405 1.0018283709938105
1909.7784615530327 0.9973802301282163
1149.41463145386 0.8192790043886691
1174.3146204707716 0.9888029204091485
796.3926758088986 1.009971423110596
981.8005083610672 0.801278686164623
1264.8654081529594 0.9841896591948722
1180.6641681345768 0.9423260673112372
1894.8191402061998 1.196619060064398
1247.1827608420897 0.9112473224942378
1545.7651742996636 0.8085768541243932
