3 15
0.85 161.9953477322963 536 94 67 78 81 72 65 98 62 69 70 64 80 67 96 86
0.85 150.63996163905767 591 132 105 137 123 139 122 124 115 134 120 106 118 103 103 133
0.85 123.39806570293021 837 93 83 95 89 68 63 93 78 80 71 81 85 62 67 70
1573.310280148714 0.8846442489189824
2327.0748712596987 0.8531397516262964
1716.7579661205327 1.1637661036127103
834.092070317958 0.8076349146910512
1663.3810058345464 1.0720399616948382
1166.9104135020634 0.9764484207502806
1666.564679497884 0.9220223157676066
1212.7925860273974 0.9295949905165098
1669.7824861934591 1.0865124213414108
1313.9804472809772 1.165122037170111
2034.8513269225068 1.1625381002557997
1685.7753393499893 1.164560276763054
1341.035274850473 1.0372665713607736
1177.0635215079074 0.962192393817904
1415.9971981918295 1.157595532661647
