3 100
0.8399507895678829 93.75580474266752 622 89 61 93 93 98 60 62 81 70 85 89 78 92 76 69 85 90 71 99 73 95 61 94 82 80 75 91 70 78 92 84 90 70 81 66 78 78 88 70 79 81 90 88 81 80 86 95 60 73 66 89 95 62 85 98 79 70 94 62 87 62 85 79 84 89 80 98 78 68 96 90 70 72 65 87 84 92 89 78 65 67 63 97 67 81 79 62 79 82 79 69 72 64 77 92 95 68 76 93 61
0.869721313981396 128.87621485520992 719 81 95 67 79 81 72 87 60 96 84 66 90 76 86 71 77 83 99 70 98 60 76 78 66 68 69 93 68 63 81 86 86 74 85 83 68 63 71 76 62 66 88 63 65 72 71 88 88 76 91 85 86 97 86 73 76 92 85 70 77 75 79 75 75 72 69 62 96 79 98 73 74 60 97 71 86 75 93 61 98 86 80 92 68 80 84 64 60 93 82 85 92 84 60 99 71 87 71 73 71
0.810762008663163 174.4316775738886 890 135 126 106 101 126 121 106 104 139 129 106 135 124 129 102 111 104 119 136 133 106 112 114 118 139 126 128 130 120 125 110 100 126 133 120 136 138 111 125 113 122 105 125 121 138 124 136 109 109 128 114 108 121 125 124 124 136 132 136 138 116 104 135 130 127 128 129 106 135 127 128 113 120 107 115 120 101 118 125 120 117 139 135 123 107 119 118 132 125 105 118 105 118 138 110 104 108 139 116 129
7178.493699224582 1.1120162104793472
8163.711572001344 0.8409015483280078
4217.445578080176 0.8606265051236625
5804.959612375521 0.8111322282262022
6261.970770257384 0.9681327650143775
4249.612720185848 1.1398937746309854
5490.257234144388 0.9778195498123239
3536.483917509546 0.8625784783373929
4188.216150722387 0.9101292037699499
5677.149076614747 1.025940106284331
7072.920085349298 1.1942814613951287
5758.400651271919 0.8294522623310155
3721.137347093962 0.9069552185447298
6109.411872583311 1.0824306452598482
5771.794102153447 0.8606720506570524
8473.268082066521 0.8795923895584657
3810.734902842475 0.9307520348392823
3161.5633444181294 0.8002464888925521
2523.070444355773 1.1373246718165306
6646.896683176375 0.9501871993653772
5688.044651690356 0.9913921727441144
5251.6949894723775 0.9742991731123832
4607.700215347471 1.0718811754987636
2790.9941221505287 0.9932782231661086
7160.616156726221 0.8097665689038732
4622.552978901621 0.8590054795161366
4414.038619391316 0.8699345910257337
3989.113139902789 0.8179669251400388
4438.317849578526 0.8639166464990606
6245.176608606682 0.9454242069091323
4959.68405528706 1.0081281256457777
5361.180216684254 1.1124747374291144
5959.845789100148 1.1112447599497837
3269.30344989887 1.048692909032319
6019.95032037572 0.8386843586623907
6401.7513843537 1.043529988000849
5004.7192083109485 1.0160789363521008
6781.867070652706 0.9829406058011704
6002.618322153568 0.966231530722502
5390.292389435119 0.9985969276930948
6158.404932011684 1.0676037972889594
4568.279169121212 0.8023158178658956
3563.8046234771773 1.056368843568607
3550.879611719308 1.16585634218386
4211.30364582306 0.8377331020604875
4374.877677166598 1.018805065743166
4351.396962519614 1.177533292496348
7413.391167281121 1.130293906743158
4578.639193470834 1.1557765153221884
4030.491838843298 0.9527838565820569
6430.450779254696 0.8170389169096497
5961.651470494079 1.1028357159141522
4905.123950755729 1.09040209245863
5913.804198518355 0.8631821989229458
4794.612483245433 0.918419904706866
4280.000234182394 0.8098258095490312
3778.61835658732 1.0655149217157058
2270.911422569213 0.8532403945888152
4831.334072156579 1.0145506548691219
5342.295500316372 0.8014912107336454
5857.401391619214 0.8745592119343358
7299.20178847005 1.0956227385187536
5501.724866991983 0.944835165130392
4533.71491415783 0.9201235583919436
5119.307852092756 1.1515546741489096
6204.887393053677 1.004030190358654
5944.958612541781 1.0311658433839281
3915.0829196232266 0.8618429870075943
4734.804867784571 1.015107761936068
6580.421994973984 0.9586740699602616
4606.602134131 0.9122260362593824
4590.816835954424 1.1273163373664534
7224.673449826273 1.123973972154665
5527.526140936291 1.0165007008772446
4544.940940208463 1.097301762628756
6040.506383831243 1.058561529506336
5424.405581151902 1.0679389949426656
4905.277950984179 1.0608767618912867
3916.711593955106 1.047750418471961
5451.005420342983 1.023530956206946
5542.84970260968 0.804477209401003
6674.411747457982 0.8030445117094364
5480.292138814896 1.039917117211668
7213.204773164474 1.033568079211336
6373.584946986038 1.1234274331014305
6414.581186531188 1.0500377297310013
3721.519528536239 1.0059631298781655
3407.523506488545 1.149784548769317
4583.398033659217 1.0095749599061483
5622.58078123539 0.8724081422526352
4872.216892104756 1.096741168027426
7523.882035660923 0.8072893302430606
5092.324398817205 1.1560574590188193
4492.026933317753 0.919495795933851
6261.182475498221 1.1012701198201273
4512.4401587891325 1.0983370087559896
4070.55032836777 1.1280605663907113
5058.602817420408 1.0959393691873849
4952.027762718721 0.9738359046025958
5037.389879827927 0.8414296412351083
