3 100
0.8762824879229327 149.65146778719105 890 100 133 106 118 104 130 139 138 119 103 100 133 135 138 121 128 135 116 124 128 120 118 121 136 119 133 102 103 137 121 135 138 130 135 105 132 123 119 125 135 132 112 132 129 118 123 129 127 107 137 138 121 115 116 133 123 133 112 133 123 134 111 125 135 121 115 138 119 136 133 120 109 136 135 126 131 120 103 121 136 103 132 114 121 114 112 130 128 109 133 105 104 123 138 119 116 134 116 126 112
0.8624785133885557 117.02581926747101 891 61 75 80 97 72 81 97 88 96 80 63 95 80 72 67 69 70 74 95 92 63 75 93 99 96 76 99 67 97 63 96 61 78 98 65 87 81 81 83 98 62 96 80 96 97 89 97 83 90 99 72 65 92 98 87 96 73 72 83 66 99 79 93 63 75 72 85 87 71 92 64 61 97 99 94 67 60 61 87 75 74 80 92 63 88 79 65 79 64 68 91 82 71 90 83 61 60 61 85 72
0.853806578420387 152.70554994097876 898 75 93 64 92 68 65 91 91 82 64 98 61 62 79 67 62 61 93 75 98 96 75 71 88 87 71 82 63 60 90 85 99 80 62 90 72 73 82 94 98 61 80 97 73 78 68 66 60 61 92 83 65 97 69 69 66 95 83 63 86 99 74 78 89 68 69 84 64 93 71 66 72 92 78 81 79 61 99 89 65 76 95 89 66 61 62 83 74 91 76 94 80 92 62 86 85 75 73 84 72
7860.161806586363 1.0847509511953377
7627.198226688227 0.8145836031265709
6882.430134319646 1.1403492749067952
10506.669066091566 0.9251883930437329
3811.7266137429037 0.9281403334682302
6486.643394261025 1.1008926292374746
8004.837642146542 1.180397125747567
4957.897697579625 0.9282224012117731
6203.333510690396 0.9955145063258365
4815.856635367772 1.1849312475053748
7988.65078196008 0.966737238546635
9727.433386381032 1.1676445275599112
7381.892772972035 0.8160819194102393
6298.212338726165 1.0050020013286196
9184.75056972926 0.9563376289248416
9946.78263871717 1.0083549808984207
4158.2003769308485 1.0744556531480254
3408.4643311401164 0.9106167244342491
6966.238522842842 0.8946198033698162
6628.4197660109185 0.9981572292984456
6651.0892308506845 1.1276843484818715
6308.13201681014 1.1378745957091645
4656.142994361319 0.955787104595347
6826.9937846582125 1.046050963499584
6764.638813500838 1.1983728110949623
11712.741380913452 0.9235099038474542
3621.806147096023 0.9110900753460697
7194.5151749293955 0.9591934676338182
6932.753766227031 0.8740910861050959
8303.634892585778 1.194705808610039
7904.595299971785 1.1206650911006175
10169.776260847848 1.1351405746857246
6861.95365285491 0.8832985070325582
6648.334025641456 1.0790862466601239
9602.409163056589 1.1082051647540432
4516.382352171848 1.0151408259257308
6411.304722698632 1.0510772499318737
8712.529332749764 1.12390291589561
7402.715804753447 0.8393841019884271
7633.513805453073 1.0827662609983069
7180.086326521761 1.0123324626773185
6618.161250832914 1.1032013874243036
8353.095930088812 1.0537935539493162
5050.221881781993 1.0829451497248361
4499.276396363855 1.111610517256875
7239.987141456279 0.8085265768226971
6860.010880146257 1.0710762806847252
9116.03902507464 0.9969788038553616
7104.793388019909 0.8953721934247734
4548.779426759198 1.1125731574200337
8282.354763911075 1.0583478169337686
6247.444401501451 0.8727056779713265
8941.303621626479 0.9907396026433641
8891.176627460292 1.0881155267101539
7227.85726930306 0.8832619616327668
4817.29227528166 1.0485907499626688
5366.810136822924 0.9248555915656761
9199.495888468884 0.9719017817260661
6408.93283474812 0.9560613256996834
6585.551213913601 0.9168607653857054
7656.155625972324 1.0094075577062778
7978.525426614276 0.8305437905580265
4439.541954191418 1.1708899670820512
6009.923821640084 0.9169342465211218
5723.090861930217 0.9393883138911628
5855.635059556367 0.8176720389212051
5909.718266953913 0.8675799494722002
8651.736489996034 1.0361750142311348
5024.332860670591 0.9897291696444068
6868.732229996573 0.9699333881846637
5587.11059322734 0.8717910395950084
7272.143345383765 0.8358977814387892
6111.338655638842 1.0324012146149115
9234.824533801077 1.065426866600176
7025.570647084581 1.0487497521058537
6287.161724273992 0.9082786098231436
6682.754518565963 1.1032987351288017
7171.727542486979 0.8212986640245846
7572.20684741189 1.1402356425827298
4616.250497495852 1.0560536095377278
6664.999685066269 0.9608559289160874
6004.03225482606 0.9843787760687144
9895.2524442418 1.0893040245402648
7697.798248123927 0.8612846788938037
7841.8493395513215 1.1071826049232874
3721.641285782388 0.8413959618766689
9992.300370538773 1.1072234914699586
8121.240751957073 0.8764147838335884
7349.340900110359 1.0725823617487966
4910.239910570004 1.1335047826426836
7704.687029252236 1.168616673000212
8798.502078992116 1.150433245893345
5721.505986757424 1.1440118390409428
3637.3857247105716 1.112258821835818
7789.786312314736 0.9802318824532988
9122.333400006752 1.001771843505387
5876.439308638049 1.1236007043169167
3905.176255387944 1.1748748505583169
7127.731388398929 1.1779735304247307
5772.696067315987 0.955085368284979
