3 100
0.8227684073230884 152.37001111466793 705 69 79 74 97 84 78 76 79 62 80 93 86 74 95 75 68 80 63 75 66 62 90 63 99 68 89 93 79 60 76 78 86 92 92 95 62 73 83 71 68 73 85 94 62 94 62 96 60 63 91 62 88 80 85 96 61 70 82 84 61 65 86 85 94 71 94 71 81 66 64 86 94 72 71 98 73 83 74 66 94 95 98 97 75 78 93 74 66 99 78 95 79 80 64 76 68 70 92 74 91
0.8740779655018116 103.59674342674832 720 123 117 139 137 138 115 112 110 136 100 121 110 122 130 113 132 103 124 104 131 114 109 137 116 122 137 101 112 121 120 133 129 119 128 131 139 130 137 137 129 130 127 109 100 109 114 118 108 127 115 125 129 129 110 122 139 116 121 107 114 110 119 130 136 128 129 108 109 121 137 127 121 134 112 131 124 127 128 125 116 119 111 137 109 101 136 129 136 108 122 116 106 105 110 137 100 115 125 103 135
0.8638204715644513 153.6712821869444 830 98 86 94 84 64 70 81 62 80 68 81 98 75 75 79 85 79 73 80 75 97 87 91 88 61 88 73 96 69 73 75 66 86 66 68 85 95 70 87 72 96 96 61 65 93 94 90 74 65 80 60 86 99 68 85 92 99 80 81 95 95 82 87 81 79 66 76 87 93 87 70 96 83 74 68 96 94 85 85 76 97 89 95 80 71 85 62 89 68 63 72 60 72 96 61 70 67 84 65 76
4825.565530772848 1.057505725382852
5917.962053861713 1.1601740655055155
6985.853306635741 1.0294600409521601
5872.943944656648 1.0379954289843007
4601.307745840656 1.1900635210645547
6599.448912409281 1.020444889857904
8536.008502463903 1.0447244309990857
6228.731915210371 1.1348308647071081
8011.925884768689 1.1285246311013795
7394.068636911378 0.8527790738007228
2943.836547095453 1.1781329052396667
9500.558379234248 0.961613041354003
7547.805054833352 0.8464205749611406
4443.953073845774 0.9841890541649723
9049.9162602191 1.1294855523919949
6603.842666728001 0.8914631603086289
7685.313614549134 1.1898743329714543
3116.1276994027667 1.0318744443374133
6072.339984680366 1.1648848694326595
4016.1141506189488 1.1212833030779346
2379.653137533492 0.8616064108946201
1776.3033840449143 1.0080694395584089
4317.724727398456 0.850521824578339
7275.7128623959225 1.0389507045496231
8136.66944324658 0.8866405250856298
6696.4129563917795 1.1778133609648826
4358.0853814767215 0.8764628565811186
6390.708075518019 1.1837214839740495
7062.7280997098305 1.1443334419184086
2991.5636253152015 0.9032855137411545
4849.66615866716 1.106187981984061
8395.907687308109 0.9722769678632037
6326.320686301695 0.9821146060070184
6964.007631836082 0.9232905335667422
1992.784108145087 1.199369662773773
4644.1768014826 1.0188870873540303
7403.1653146697845 0.8482387653187927
6345.315303993912 1.0353262385450284
4979.161054830916 1.0398600023782736
5609.597916580944 1.0799586508806882
8434.329604569828 0.9183277119693712
7704.586328951102 0.9434445785761687
4739.199710644996 0.9354391045910498
5761.9709992279895 1.1163115899850407
5895.228920056596 1.0878446693664892
6530.626224173086 0.9093439240003244
7603.6368764028575 1.0491820483164307
5836.496816033035 0.9840432745335412
7041.932564362024 0.9060734261089947
5396.547706092415 1.0218695315439235
5666.461965112974 0.8674488939916165
9131.454079149735 0.9433175404808333
5009.792163429249 0.8712019958425333
4870.97626399657 1.094351395874905
4920.924529537014 1.0926818024131955
4567.000759894774 0.9114442310387109
8129.059397728168 0.8767895883603133
6104.667840484833 1.1951514317676342
3604.406070061122 0.976938122273096
3337.0519834326446 1.154269245149333
5552.552926012551 1.197141131494636
4442.5541668086735 1.0455296130494098
6800.23088610844 1.1998092212561415
6190.000220680883 0.9673812174276413
3856.366443581649 1.0234607071228667
7032.122723353871 0.8455393470946734
7958.037051838517 0.8096619253986737
4191.472405412729 1.0592331793271608
5567.4291825090495 1.1901704947045606
8808.242050201401 1.0894412827675477
4927.31581351705 1.1535755871584337
2698.3677988414775 0.8984493941836894
4617.253922432961 0.8708257644298184
7826.194738826598 1.0813185338305606
6406.495112179648 0.8018836756858578
4691.682110223798 1.0862207524659948
2931.842038134177 0.9531633383228966
6074.204861307398 1.185373362846405
7454.8874358467765 1.1738958876939554
9223.883842808182 0.9849796652756158
6267.610165937223 0.9694401097686225
4824.5778942887155 0.8714551914922577
6967.444082459308 1.1476864722801472
6255.231412144556 1.1497752250889706
5281.839858433095 0.8121664628326304
5803.096431796246 0.8651472993474104
6017.10797307996 0.9203807792370768
1874.8962484048607 0.8220961434825318
6277.532894483807 1.094586112775115
5964.112526651505 0.8124276538781333
4314.194548095729 1.1402889834338874
6982.774611897335 0.9841233878171358
6248.190525020343 1.0437335991288461
4211.2999111032 0.8378404411583638
7747.920907851885 0.9796757389102467
9093.778996384857 1.1143333239890836
9269.095901532422 1.0432036131955498
3953.7255157845734 1.131227516991886
5748.929622962748 1.078490153913194
10126.464240421952 0.8760288516462409
