3 100
0.8241840927022573 131.25311094218017 594 74 90 85 87 90 80 66 71 61 84 64 83 72 73 81 62 99 77 85 65 77 63 72 86 81 95 95 95 78 77 86 61 94 95 95 72 73 97 61 86 74 77 93 75 89 68 85 65 97 80 88 75 62 89 88 97 66 81 63 83 86 99 88 77 77 65 78 67 73 77 94 93 64 81 97 88 69 92 66 87 65 99 71 80 80 78 79 66 90 90 70 79 98 94 60 90 87 60 61 89
0.8262860657113948 184.37509329847018 897 76 78 74 73 81 87 91 86 68 64 68 94 64 94 72 69 88 98 76 69 85 75 70 87 66 60 85 68 91 91 79 72 86 74 97 74 60 77 98 69 98 88 79 97 64 66 98 96 68 74 65 67 69 96 66 86 62 74 67 67 64 78 82 97 62 68 70 66 72 97 61 79 73 84 71 92 92 92 93 83 79 96 67 74 72 63 61 84 69 78 71 85 62 79 72 86 92 90 66 62
0.8601280712657606 119.42698567950507 978 103 103 111 108 134 114 125 110 106 116 128 109 127 111 122 137 129 110 129 111 125 122 121 105 128 112 105 115 111 126 136 128 122 136 101 113 133 126 113 131 134 115 112 107 106 115 111 139 116 124 100 116 101 128 125 109 138 126 117 101 126 109 101 138 117 118 102 116 105 137 112 123 135 104 114 122 114 125 136 128 121 121 130 139 126 138 124 111 115 130 138 133 120 131 133 110 128 111 114 104
5471.564182122094 0.9903104002428839
7492.844650164297 1.1849651975477122
5245.8595004851695 1.0767964414335265
5701.063292612402 0.9409917536114664
4367.329623445361 1.1908379569450354
4276.395138143006 1.0656628874886822
5005.427715282551 1.1212788341100348
5816.304120020078 0.8720249981880697
7998.815260150142 1.1053502570984641
5704.803245388131 1.118972017721341
6428.777204622598 0.8221889261321441
5591.049063006548 0.8459462862558826
5543.673045669645 1.143684415940545
4744.664241331137 0.9619887496574467
6617.616539123981 0.9466932539778938
5348.5510125550245 0.8449865562751149
6607.935743376591 0.8800690069652665
4639.878320812628 1.0341714395131796
5658.763351853568 0.8205693092762609
5207.83420486792 0.9290728145550212
5087.061281551873 0.9486953256305429
6511.163710292079 0.9513042268830173
8466.299041946302 1.0459001316213319
6279.693786382458 0.8108751882677462
6591.8622892212015 1.0873318512702175
9471.646336328664 1.1016840966341805
5221.079368383984 0.8361231006302687
8011.088792583447 1.1282115735342235
5121.128739156738 1.182101742319888
5031.739459714074 0.8925808605301763
4892.164480399765 1.1121713418798713
5672.133598737438 0.9082289658156245
5440.120121360593 0.8167790015208525
6895.142096440752 0.9411843034544985
6710.870282964714 1.1090425202526972
7160.656658031528 1.070965277322253
6439.756783233883 0.8548361643100552
6611.2525225101035 0.9960822774416385
6543.73494511664 1.1016447106593943
6609.129129552051 0.8239118859939524
5777.836700604179 1.1877525548294021
6121.06881728006 1.067199912185125
5254.202874930847 0.921527447899271
5907.559538717337 0.9048496992461504
5490.924206499646 1.0320135460105668
5517.772270039207 0.9296688519002153
3690.9711095063867 1.170535605633002
8531.73963429538 0.9263446016159665
7123.213173215526 0.8859005763692064
3531.093723903481 0.9131356177906843
4402.189867288068 0.9920502623866696
5042.302129873074 1.0995550492102963
3773.7060279741754 1.1795860980638988
4388.866060359789 0.913447857295369
5004.377120656898 1.0015430019004314
6361.761428755969 0.9210029760225531
8339.803050494533 1.1077333784510248
3012.9773027731426 1.0880684339914852
5026.047437154045 1.1748549488895723
7168.426635999254 1.1144373803279346
4778.362236214765 0.9750192840682347
2743.6670218266013 0.992538349596039
7250.4784894345885 1.000534468897203
5598.823861377863 0.9150556691930203
4221.761286083343 1.1850677925342938
5411.558427624177 1.0560476523424505
4985.065918919404 1.1037794782532508
5862.64384259823 1.0809044292363361
5615.937712895367 0.8836730191792611
5678.680429742425 0.912779161010177
6180.633559666846 1.0521606847753493
5369.920679734105 1.1319507494441226
5835.230244923789 0.8999292327409436
8243.50964029125 1.0599697401921535
4594.920504846426 0.9654800270677698
1690.0080531822841 1.071687404538463
4393.4932154931685 0.8500015856547436
3090.9217882931353 1.0291366174840173
4383.221150428308 0.9776048225535905
3293.901864457851 1.0674977664632836
1926.3799476640288 0.9411413542991995
6862.242380748825 1.0790174746760186
5333.120964873678 0.9393971744999576
6328.14810760418 0.8242593774500606
5032.806354441817 0.8013431305909411
8294.26106668672 1.0847969801238992
4771.406925419979 0.8318212981899649
4095.2442307107813 1.139199379679313
6899.0588206409775 0.8006784561636742
7214.195692630152 0.8722531121994593
3575.7370187956094 1.1716046135998288
3824.6366478415935 1.0456352170715544
4872.692882604341 1.1236306153953182
8044.232733913241 0.8299634187045949
4757.802505590743 0.9847746744937131
4351.6138488605 1.1038151889882541
4417.484989547311 1.0757882487462291
4315.9441498422275 0.9937566372925446
3281.733968488377 1.1549604437822831
5334.755855487833 0.8091526918097635
