3 100
0.8455412759088895 146.9529928977351 526 82 81 87 96 71 67 87 82 68 78 80 74 89 95 77 98 70 91 61 80 75 79 73 73 75 87 77 97 90 92 76 83 63 64 68 72 75 98 62 74 86 70 94 81 89 61 68 80 67 79 87 70 88 79 78 84 67 75 65 92 63 90 89 95 84 79 61 85 89 86 88 65 77 77 67 97 62 73 85 84 76 77 91 78 91 94 63 88 64 67 97 77 84 70 77 67 78 83 81 77
0.8981463332727385 115.58228003391207 931 126 105 110 106 120 136 118 116 119 125 114 109 122 103 129 120 104 135 135 103 105 121 114 130 126 139 139 113 127 106 101 118 132 133 127 135 108 130 118 115 101 110 133 122 136 109 100 132 117 132 105 116 115 138 108 136 115 128 137 100 134 135 119 121 114 119 126 110 118 126 139 127 114 101 130 117 133 128 130 123 120 133 126 119 111 102 139 136 133 138 109 126 138 116 107 136 108 105 124 135
0.8640792169891203 147.84706348671435 940 75 77 80 93 66 74 87 94 98 75 65 71 77 98 65 76 70 65 84 66 92 81 95 85 90 91 77 69 66 79 81 89 61 92 63 69 81 86 93 68 93 60 61 61 63 66 65 84 82 91 96 75 77 73 82 63 79 92 79 70 79 81 82 68 92 78 86 75 99 70 88 98 98 62 74 66 74 96 95 61 84 75 89 85 77 93 78 65 63 84 65 98 63 77 98 69 63 61 74 78
9144.171581208475 0.8805562788106194
3701.5322244814106 0.8428682420710504
2122.9897899582375 1.0400801657448333
9895.257602490403 1.1218812093350372
6071.209937502671 1.0282290731983716
5640.960623004995 0.8741733196792935
7320.081036416304 1.0268192545439863
6135.41966516511 1.1401620560122954
3188.8503574448578 1.0718290323982644
7304.7948268480595 0.9796010054264066
6515.459380297425 0.8151412547409186
7836.898007176774 1.1829191610992025
8177.674040743173 1.1308686536231276
6548.121967097171 1.193247583254594
7135.195954389701 0.831094277650109
3488.379097961017 0.9035375358119171
9613.792083184859 1.0702698482294835
5039.544167497065 0.9521828531968632
8817.80139889529 1.1200074258847628
7423.6985335010795 1.0512358556972972
5633.345639209144 0.8312246021739467
7676.884892695089 1.0940636484938582
7200.228373330231 0.960174404189546
8809.682034898575 0.9096759740613692
6912.849743966308 1.0709449174084689
6922.716777898699 0.8813453662174714
7057.433459660066 1.166848390049066
4013.1732271090295 1.00498675715516
6600.25829603269 1.1321602411396054
7130.891684102697 0.9126875468400438
3471.463901063638 1.1301952226676142
5894.950529994482 1.128068426256834
7067.477628411982 1.0540500257687686
7190.647125549925 1.1748715420197264
5784.54555087657 1.1106338478045805
6517.112589138743 1.0334386762750025
10177.854837031706 1.1152469920246886
6695.1672178258705 0.8492814627309857
6751.480258364158 1.1286950434097967
4824.334632200755 0.9126547738639869
5160.373510590229 1.1429441228942536
6585.824516683706 0.9064430648839645
5048.605429599475 1.0922225879112393
3903.9645273980786 0.8576947758229587
5945.174861941382 1.0282576433222292
5885.286550043555 1.1661575298526476
6219.975283580444 0.9103948232627269
3466.0061714463877 0.8543247296784957
6191.424208418916 0.8892852591203442
3736.8589065307506 1.011955945408051
6814.247241925545 0.9206349280297665
5761.3141979513985 1.1778500661657487
7550.5981355064905 1.0519855285791093
6214.372130531716 0.848496980817685
6081.548624314338 0.9402643399726823
4965.314431791241 1.0246930358068762
6312.693846103952 0.8761222764997987
3528.169217105557 0.9720065967394564
5002.107539568201 0.8828797689612466
3581.4260194300205 1.068660410308505
4716.022151228008 1.016326343211936
6230.088587129921 1.1676468543694913
4142.663587300076 0.8705547553261576
5301.051388776846 1.0193443336898242
6224.290334181083 0.9339492871727063
7179.155520720083 1.1999951781298306
7377.8717645751585 0.8757481316134847
5741.39973176948 1.0893897098358858
6985.330591630347 1.018257080143209
6145.0026300161435 0.9929349530888476
4230.350992898406 1.1310075705870124
6370.848280717448 1.019945355995399
5470.309959805621 1.0735260491900072
6662.3553444243 0.8069858102535457
7446.959772830493 1.004449511571998
4814.199749055084 0.9025203817584588
4609.656441016236 0.9147775574863862
6689.500253344655 1.0991383232643759
7524.05644525465 1.064918926196708
4392.114371780598 1.150018154041319
3019.2411264800244 0.9387064660294322
1748.8622906400715 0.8973909164369221
7156.338073581856 1.1841805204801974
5497.1028652472105 0.9561531212695122
7281.9017457483005 1.181152687187445
4569.0429047566995 1.1346386362986185
6504.640554462163 0.8695901225250576
5873.8340058070535 1.1542895182676915
6340.4897474313875 0.9777790480394327
4938.274873602009 0.9124072676791822
5586.361703964887 0.8968428110698922
7563.791480206383 1.0824188282398302
5765.933704072456 1.0085070527295097
6897.5537677132415 0.944999759215026
4756.925276724565 0.9721889751902402
5872.143697485925 0.8439928107971809
6054.066532060474 1.1611293593179575
4473.798336424929 1.0465836531596884
3758.480375856294 1.0206126225375192
8568.185948676635 0.9137169955504856
