3 100
0.8417491376793487 129.83274428236115 563 130 124 111 111 113 102 125 102 111 126 119 107 121 106 117 105 107 113 127 118 104 104 118 100 137 131 139 132 106 113 129 135 110 123 107 101 137 114 108 102 132 119 124 102 123 120 128 126 115 120 118 130 136 131 130 133 103 106 110 102 116 138 137 118 126 112 131 114 130 104 115 106 133 127 120 109 124 108 112 138 123 107 135 127 135 129 104 106 122 137 112 118 125 108 101 139 139 131 122 130
0.875661560714075 154.2856742852619 711 98 83 62 98 84 82 66 81 68 65 94 74 69 75 72 73 66 72 95 85 64 75 80 61 91 94 80 78 84 92 91 92 64 68 84 69 93 61 95 94 74 96 84 84 94 63 81 87 93 68 72 98 98 62 84 84 99 79 95 98 79 75 86 86 79 92 99 66 71 91 72 64 69 65 80 87 62 63 90 91 75 66 78 66 89 84 89 75 99 99 84 94 97 81 72 85 89 86 84 67
0.813302071094624 126.16078974125861 745 64 96 64 85 99 80 99 80 77 65 80 67 65 89 93 72 67 93 81 62 91 60 92 93 73 76 62 87 79 99 65 87 70 68 84 91 98 66 80 75 69 76 82 68 88 83 96 98 82 61 97 93 80 89 72 92 85 84 92 96 78 90 69 96 96 90 92 95 66 98 60 62 95 86 72 65 80 78 74 67 82 68 92 66 98 61 89 87 83 87 64 83 89 61 85 92 86 67 99 61
8900.909388568114 1.0687402648260975
7512.169703023522 0.8933077307735733
6755.4463016923555 1.1187238605295886
3962.618400323839 0.89494024077606
7031.708768431371 0.8514221364452843
7733.996990723691 0.9807879474494088
5642.969523653619 1.1690518275850381
6978.588654818821 0.9520001844610744
6901.693970360096 0.9098838295198849
6009.387829109926 1.116635283483318
4979.559780399082 0.8004674714656314
7935.031007916226 1.0068372086620534
7574.2034882478865 1.0406126373075326
3668.2308090190927 0.9606461604024813
5360.069325138556 1.111056695488327
7178.3390455389645 0.9742713472100023
4558.015572412649 0.8219682055496589
8215.265688596539 1.1495434056906524
8313.590822801023 0.9068281968061462
8731.415188438728 0.9245687883583388
8628.425171991086 0.9799975445274901
7932.273458964298 0.9102032604405852
6453.7351465843985 0.8110093680217085
7310.212829019555 0.8391103348944869
6301.5749937921655 1.0211794336179953
7302.8335573685035 0.8897912376672208
6453.193554436938 1.15652212345802
6550.812998715824 0.8735198899720008
3356.464061405232 1.153518394341266
6654.742410622 0.9158873652009539
6621.261653223978 1.1659575292506845
9669.343508667378 1.1045646214117069
6172.998945362049 0.9859027914760808
8231.368792554133 0.9035606297201193
6920.368902249061 0.8737514370351063
7194.751391881415 0.8475764237845795
7047.268789695403 1.0339258595798924
8010.495616047328 0.9264071257590076
6581.511767228186 0.8996872903458046
6171.126281840312 0.9824053707229998
6120.79039082814 1.1784878175140483
7352.398359340754 0.9418205579881869
5813.330129191472 1.0077836799292206
7062.980704857367 0.8767946345732002
6063.447502252969 0.8696643956403443
7259.804719034752 0.8907167373997412
5562.894734447238 1.1483663136677713
9346.86472347481 0.8395701477233946
7977.041455230448 0.9152950121834416
7741.509901442645 1.1231213240065308
8806.691560627987 0.984929233903374
7899.055397461816 0.8042075121070211
5630.834421663144 0.89339815067979
9318.27131247114 0.8572604234229796
7883.365536582312 1.1077553408090617
7185.043031936455 0.9898932517102088
6959.514987771928 1.0436734185670304
5452.128241564216 1.1174075273947959
9097.879585805978 1.1019126748098862
6276.959783042488 0.8157696193245172
7339.645430443224 0.9974938878997069
8609.040990283296 0.8114426758441041
6969.655982010396 0.9183467494824942
6685.421373123758 1.1841547737045441
10667.854939243345 1.1414844997904026
5466.138613937472 1.1897381107305067
7585.086874434369 0.9500263139160696
4903.02936146409 0.8642220142545183
7596.19574634637 1.1377117815020235
6376.810492389079 0.9862355022860579
5997.891490138415 1.1373842736053166
5909.599821166324 1.0521015575548547
8383.550070782643 1.174096760040109
7415.558282953527 0.8535702635143101
6296.812607241152 0.8204241694309027
4604.124164172577 0.8889978677862124
8030.633262160397 0.8999403820149502
5692.9823111831665 0.9158977813982138
7397.955766125832 1.1288685337570705
5302.311699080972 0.8965217537711203
7101.98353600175 0.8327160320170122
5483.172300863336 0.9928635824924068
7417.106333316807 0.8525668949461324
2591.7608623368296 1.1310666013089898
6616.7790316097635 1.003396371794004
6346.90596120757 1.000804709746979
3990.442365758267 0.8858754248106048
4566.450375770763 0.8244449622847196
9064.475144990825 0.9715301271081114
6763.820835905139 0.8076397324752688
7975.523238368971 1.130617569732859
9294.56809185776 1.0064115756242638
5068.149397724048 1.0873817107830268
6383.989100243347 1.1671419608846145
4403.854083860542 1.05723947172829
5629.082376013517 0.9037791848488953
8065.050982743611 0.8920491355622846
5471.888895477795 0.9320098664967901
7956.3016194087195 0.9862296495294596
7381.312313856919 0.9040818963495437
