3 100
0.8959862097120721 190.51541143575798 652 103 106 114 106 139 100 107 107 132 109 124 134 112 129 115 129 116 102 138 139 138 132 110 139 104 115 127 138 133 122 101 106 125 112 133 103 100 109 109 134 122 127 126 112 116 131 139 121 136 110 107 134 120 125 120 137 104 107 119 117 120 132 131 102 118 112 138 133 115 133 126 132 127 106 104 139 101 125 118 120 131 136 112 115 138 137 110 108 105 120 102 102 109 101 121 117 103 101 137 137
0.879184427706859 108.39910534657882 807 99 81 74 85 77 76 88 71 63 87 82 87 96 92 79 75 84 72 86 64 69 63 90 68 72 65 81 92 87 77 84 64 83 98 79 66 67 68 97 82 95 86 76 90 69 77 62 64 80 89 63 69 93 98 92 70 65 70 75 88 92 85 87 86 68 81 64 74 60 76 95 84 73 74 69 76 74 91 71 77 76 78 96 98 63 75 62 60 67 84 62 85 77 61 61 87 79 76 97 81
0.8213194150633346 127.49663196457405 850 97 69 68 70 75 75 86 76 71 89 76 73 66 84 86 95 98 68 61 79 64 65 60 72 84 96 89 98 92 98 98 63 68 86 85 61 93 96 66 85 73 98 69 63 74 69 67 62 76 67 87 70 84 83 84 65 82 77 65 77 70 68 65 77 63 71 85 84 90 67 80 75 62 85 80 61 69 97 76 96 76 98 93 95 95 67 74 79 61 97 91 72 97 76 95 99 93 85 68 68
2860.86717769216 0.8798042023483097
7525.381233054552 1.057369856805096
7397.208038444744 0.9133812290780786
5054.80171063315 0.8907973905279141
7573.156586336835 0.8255215452331195
6414.166394583462 0.8036338859680028
8880.05106464988 1.1377615710441744
7946.828237145717 1.1427448778828078
3951.8714234869753 0.8989599340231703
5733.235837271858 0.954147486684071
8091.915846786924 1.158473441668737
9332.352801177112 1.1569888619234803
8349.89050765859 1.1996503314799898
5229.479625483046 0.8649846691189484
6273.058178131768 0.8196671927061404
6538.938296440399 1.1395660412658013
6007.225566585452 1.0016040655274527
4531.3327082716905 1.1761724963954288
7969.6631016310275 0.971457157584247
3839.056856800661 0.8357541872659264
7626.987228167544 1.116981288589887
6926.844779795361 1.1070743838074146
7740.731770594145 1.1311321114515993
3993.5265925744684 0.9174932596181772
8827.673259107267 0.8147809199103536
3825.102195531974 1.192991241389359
6830.225627886755 0.9260840394595898
5738.201194400844 0.9602227676238433
7102.396064063222 0.935665053901609
4380.375094301646 0.9941566878210387
5651.427969379426 0.8411674819679626
5381.356488393946 0.855375887084145
8599.442338846133 0.9675666521062196
7383.148100452977 0.8206729877762394
6404.397655127486 1.0009940248153149
3646.1979193748903 0.9520337610911171
4501.8945640037755 0.877976200170358
6946.011864709842 1.1399530036588177
5469.864058384936 0.8392752691916568
7595.893552177755 0.9840433685442802
7452.691278747805 0.8889160008041334
8195.99071360004 1.1099792556783359
5026.574504584394 1.0336724685699876
7418.371699936057 0.9394930246182857
6992.748879935889 1.151323284193452
5619.062081883958 1.0618257898448007
1959.5378656282046 0.8172892307641311
7421.9717638726615 1.0311249737369999
7169.954119630699 0.9554266345192586
7349.965239715524 0.8759973749787677
9132.351834473859 0.8358230922053568
4120.811277357203 1.0753558926620963
8099.607417940563 0.8615334884814589
4974.288628157023 1.088774111778575
5313.586618342861 0.8234802032988614
5905.848035877119 1.1481693499004428
6772.5755604652695 0.9259417203143694
8165.384556417801 0.8859596796836918
6302.232268474467 0.8103083572401618
6529.173804447349 0.9182091870287216
7559.334797357838 0.9080344257033953
9478.31224810655 1.0044713297132355
7285.562920739261 0.8703889686163373
7668.333028623065 0.9252883732032923
4060.39482268169 0.9478684612643562
4294.437835720278 1.105493444400185
4950.755431065494 0.9933098333770309
8683.623023506067 0.8374874448286421
5314.188755021418 1.04812871076397
7535.753612671917 1.1883005315608832
5721.93732982142 1.0268809582696146
8763.33327144336 0.959367765589957
3753.7321486111514 0.9079967694512326
7231.778073305274 1.196894414182767
3958.653643645712 0.8971317757525239
7700.674107117558 0.9217058158794988
9229.346389496655 1.0597999325151184
7237.630600022416 0.9178165711922354
8509.41789078249 1.1789954488386682
5262.719384632265 1.1533166580345129
7849.920538544744 1.0278116266724395
6987.534320388414 1.1978445160881424
5455.344335017739 1.0114698737746692
3775.1477226235097 0.8894216822755908
6048.438331985019 0.9064636982067166
9805.453134955016 0.8433017053577104
3593.1352155943837 1.054566420513918
4883.657823159356 0.8261729794616164
5844.999760009896 0.9768464778477357
7461.5616829309465 1.0951969504024097
7959.104556265602 1.16587994463205
7240.828134942578 0.8035360514256424
3973.044289181591 0.8553890095098163
6418.86794817111 0.869577644439511
5043.151939600806 0.9793701831418735
9724.50883731692 0.8582854000942365
10313.613570602287 0.9199943823635812
8498.554163102988 1.1435960726127206
8947.812619851127 1.0895529448009857
6937.320508847508 1.0691060713967881
