3 100
0.8627749189804653 130.2681418927914 662 127 125 119 113 111 114 103 104 124 133 107 135 101 123 105 124 126 133 135 129 126 106 126 106 103 118 136 123 119 135 128 126 109 120 128 127 137 112 108 117 123 119 112 111 101 130 114 114 133 121 103 115 123 124 136 132 123 104 135 113 121 126 125 118 111 113 132 106 113 111 139 100 101 113 103 103 104 127 114 112 136 120 122 119 121 118 122 138 111 113 134 103 133 125 130 114 105 122 118 109
0.8872818233955718 204.07545203068563 683 74 84 78 95 88 81 64 97 60 71 73 72 67 64 88 87 88 85 87 90 93 66 69 65 92 75 97 81 75 78 86 73 92 70 69 74 90 65 86 87 88 73 97 87 85 77 78 97 63 74 87 97 84 99 91 66 82 69 66 97 67 91 95 98 95 95 80 60 79 65 97 92 91 63 86 90 60 90 93 66 62 83 80 70 69 65 65 96 97 69 81 84 61 88 73 93 60 93 91 95
0.8751073458329091 190.43262531528433 938 86 98 71 83 73 87 81 97 85 82 84 83 71 71 96 65 85 69 90 80 85 68 93 60 82 77 75 73 84 75 70 86 67 94 88 95 91 75 66 67 72 82 81 98 95 83 75 61 94 64 86 92 90 64 95 75 95 75 96 81 72 87 99 66 77 63 72 66 80 61 91 66 81 84 62 68 76 62 76 82 67 94 83 98 95 93 77 75 60 96 82 77 96 65 75 98 94 68 97 92
5860.581058080277 1.0361701483221606
5856.860925781735 0.9728669555153796
4687.997290760783 1.022216404442731
2279.0512349731234 1.0238358345784664
7209.858738697835 0.9793637318168186
4414.684595681374 0.9938252607923619
9402.898259903739 1.1100825398939937
6042.101990987712 0.8185751403628225
5607.840598553876 0.8431350791194154
6108.947376025298 0.8001302399128662
5990.521812302964 1.16543269205968
8427.520903123226 0.8330159588949905
6327.592454170236 1.0479394807032716
2863.119691759571 0.8279169464148319
8061.827360827561 0.9753497018094642
10196.9354844199 1.050022979219805
8924.282688357584 0.8391937958249269
7815.129967519273 1.0261999765241419
4564.293320937126 1.0260906048457332
5141.6766331232375 1.0464456190028202
9154.100227372808 0.957643573713055
7539.767013745998 0.9123328410653316
10179.225451111899 0.9423148114239214
6846.722638787963 0.9971697732715132
8406.675740008977 0.9770311086797467
5268.447342736445 1.1313683318310843
5323.945465840683 1.034581239496217
6311.285804855735 0.9513405239679154
6403.662090214894 0.894144020813557
4987.0078894529215 1.0350486362362674
5586.7822080742335 1.0950710150012983
6446.70040324519 1.0250046562967638
5503.744349376841 0.8365301338120339
5387.67385827342 0.8477932719425704
6991.837572915767 0.886500484419231
5526.101925289417 1.165217200256723
6630.938750530889 1.021685051804434
8666.736776422104 0.8028671399527634
7290.502123561897 0.868880762480026
5830.891548807456 0.9507583980262072
8270.698256226744 1.1731634598689238
5781.624738648211 0.8243444225556924
5725.691923672157 0.9144493937384534
5573.580590715862 1.060921394148183
3784.734652136535 1.0689845403016767
5269.971702333491 0.8315172491181815
6506.539186044002 0.9266037307112401
5901.590913461622 1.104798987972459
6257.20246153745 1.1363427342024783
4340.513050985678 0.8389146884522611
6573.7410751529615 0.9620346870584026
4470.0523454553695 0.9962794278314815
4945.835754648235 1.1457828198011069
9718.647734024964 0.9873025224353429
6483.598864625631 0.9787843834353981
6355.503100356517 1.067445179268418
7928.19900875659 0.8740628198940408
3894.8987079417134 1.1697785039830984
6421.491380294886 0.8655112669646694
6463.756314013458 0.8628998701667228
6436.665567610099 0.9994213038751025
8566.352013918307 1.1402560475648267
5955.944966748988 0.8751408797148977
6779.57124913911 1.0489150371508205
5525.5065599255295 0.8462702516289848
6934.434421928494 1.0199994307432947
6298.936789916969 0.8998042667508759
3276.989715239318 0.9578558451030936
5964.333704152629 1.0783569758174152
7101.673187674465 1.036836546388212
2394.1635725570377 1.0958689128370798
8846.192494643738 0.9836710072590412
3804.9989865336156 0.8456748274886405
7157.966548490305 1.0992071146139832
6709.012497322726 0.9036328974680253
7039.472968271458 0.8632381123013106
4260.0866087452 1.183322782312141
6271.65656310611 0.9717147883926421
5669.342164710487 1.1719029104466654
4750.834775826784 1.1099869111993168
3518.0992332964847 0.8820934496536373
8121.632642036878 1.1022834925010456
6362.175292332445 0.8270309839946302
7196.199555570401 1.136992043718823
6878.25286702241 0.9209355689941324
6344.057444972874 0.9872265321494725
7420.817152464108 1.170240406259202
5973.524303604428 0.9125620667605606
6470.642867462208 0.8641749595141093
6661.672086597261 0.911404775921126
7263.258082516814 0.9716733011724195
7108.472454290956 0.945970930727603
4857.683777836071 1.0016018212181956
6936.037893285099 0.8666936288904453
7439.588538148322 0.9858344766585281
7464.059381939177 1.053999363307066
7847.232017566943 1.1740728681441226
8812.416616225692 0.9018561852912874
8204.19074015656 0.8790738471415839
8333.880363671135 0.9413860050981688
