3 100
0.854230561343402 188.32544796073546 640 61 66 78 85 75 62 60 91 89 86 69 86 61 85 97 67 94 98 72 67 70 70 61 83 77 69 82 74 83 69 88 85 88 76 74 92 83 87 82 85 99 80 66 77 96 96 75 86 79 80 98 60 71 85 91 95 92 61 87 72 66 70 95 75 67 80 67 87 91 67 72 97 79 83 70 91 83 74 66 72 69 84 63 70 79 87 78 98 88 94 76 90 96 95 89 82 62 73 80 71
0.8351959702999655 160.8248431363227 794 79 77 93 90 61 97 95 70 76 71 68 89 80 95 89 92 67 81 95 98 69 94 64 88 98 76 92 84 64 85 75 86 88 72 82 84 85 86 82 67 92 99 88 88 97 77 84 78 82 80 83 81 81 88 91 60 84 95 79 74 89 91 97 82 80 69 94 75 80 85 92 64 92 83 87 87 84 67 82 66 70 96 75 99 81 60 99 69 62 86 92 66 91 67 72 63 95 70 98 77
0.8399886067018532 133.27596967024385 887 127 127 101 130 125 105 115 105 102 139 137 116 136 100 103 122 102 104 100 129 119 108 133 113 117 112 132 113 121 103 106 105 104 101 104 121 102 118 116 118 136 135 106 130 129 111 121 117 114 133 102 114 129 120 117 115 114 101 123 123 108 112 128 106 119 108 127 107 106 100 132 135 105 124 100 133 110 136 135 107 131 109 109 134 114 112 139 110 138 122 117 134 118 117 116 117 116 137 117 131
5002.830924828035 1.0683438103832967
4769.7484636021 1.1593614827963221
5004.622644006519 0.9898122951822401
4777.4518916272655 0.861256589359479
5378.0626289285165 1.156024441581106
4437.292759384903 1.0939767993541831
4328.935535800674 0.9547231477991662
5621.9733376802205 0.9353430055341401
6557.086048916157 0.9453762417750347
7780.105463636708 0.9926654286597257
5435.891240974178 1.1510370938944614
7020.828799668265 1.0956943178776033
5643.202092457276 1.167899250019587
3818.819592588717 1.1833143006208078
6612.730939925664 1.0027468844381295
6084.668145924785 0.8727611279593931
5113.1445428535135 0.9321432177758247
5217.54490372225 1.1690180392656753
4828.391835521758 0.9289791021162901
6831.935630433502 0.926180999034183
4010.7212923368634 1.0973766805116054
6102.881853808293 1.1820232681829743
4536.707887767669 1.1511881471524392
3864.005636086386 0.9514817922656866
4428.125391161926 0.8320723469192244
4562.474819406666 1.0158827334875753
4753.304333128802 0.8669282584818093
6966.407425416962 0.8445456161315991
3376.569250404152 1.1366741507248195
4272.266366358487 1.0687835626384787
4727.093345905859 1.0540712505884364
5214.628668295106 1.0872716205164785
5709.062367207065 0.8950956006772979
4567.5111988858935 1.172931737693403
8533.79269071034 1.0277200938531281
5252.8731678904205 0.8006879578557599
2730.555745092782 1.0125730088320226
5629.6123296540645 1.1733213020679423
6806.917436071444 1.0265889493042795
5955.569301529274 1.001072928175734
2689.320718887087 0.8789301228304491
4562.684933302444 0.863452432599244
5678.0061859956395 1.1454706881650685
4461.695171748038 1.134293048975438
5963.443455310752 0.9293614247471303
4460.1306198548655 1.1376587425250044
3319.6948337299705 1.0801712621554833
4563.418785134581 1.098192409475083
6080.16039951077 1.069613591165537
5752.106870959122 1.1549124471230061
8031.370818430405 0.8451075767990583
6040.411811998463 0.8520202999359154
4741.972600944162 0.8177065617042725
2489.927399601913 0.9302911665991787
5394.430035729594 1.0512427617328808
6784.055740282503 1.027831219005704
6324.369287832465 0.9353161928593947
5469.036825280029 1.0726028047307095
5220.334673390248 1.0301285372478415
3203.1074069907754 1.053466071733859
7779.355758493979 1.178746690498393
6609.248133424851 0.8338785300510877
4591.986318853004 1.1898676504755874
4366.21895728749 1.1883308608199412
4676.403746379581 0.9772978745676605
1536.5528366228573 0.9598886136377791
5647.877571792086 0.8146916916553166
3115.0103773003098 0.980050566114587
6206.406591470548 0.8483492469399095
7096.240241008382 1.156782745404934
6701.286112745345 0.9120021118325694
6318.437471014491 1.0510758512018088
6282.103649165708 1.1649152376299523
4327.888253957131 1.0583983521657694
5215.837627362536 0.9941003369236984
4216.3779864113785 0.8153438425863779
7585.725081596116 0.9047879033431766
5189.139598432645 1.1250456931704842
3037.5828265986406 0.8718024019334889
7137.763105429842 1.0673732595253407
6407.363237672618 1.0053841500419314
5211.997528354507 0.8459053673886938
1812.0060733961773 0.9537564531209174
6381.479926271015 1.0929626578111309
5590.836758496713 1.0899532153452778
3872.888834934326 1.1334299809480193
6492.80857200732 1.1057906979472425
5807.320472396774 1.141646839189381
4367.408877155367 1.0354626210437468
3152.2139528582306 1.1424558064769514
5928.931757040773 0.9330743558967836
5836.290574288341 0.8623537150503132
4608.10892029848 1.1365588097208228
4391.923602812212 1.0210803683087677
5641.172596016266 0.9164384385005919
6135.763243330642 1.0093014423461224
4086.7099004041997 0.8630219223972074
4826.084929526431 1.0257746096309073
4424.028684412211 1.018366476739942
8377.462363856952 1.0451417943944028
