3 100
0.853213981282122 113.74729818794549 668 138 101 119 111 123 117 126 124 102 108 119 129 110 123 108 124 124 101 132 106 132 115 111 116 124 101 113 123 104 117 118 117 123 104 132 138 122 111 135 135 101 123 124 107 126 127 118 114 108 130 117 110 123 102 112 113 137 131 122 139 120 113 131 135 117 112 129 135 135 136 129 134 102 123 109 139 103 139 136 137 137 123 131 125 131 114 129 123 134 138 139 120 103 119 125 100 101 136 122 103
0.8528125687586456 155.82168288156794 754 77 80 72 78 69 88 85 69 80 83 75 61 74 89 97 67 84 62 99 71 81 98 86 91 68 91 69 88 68 77 92 64 95 96 71 75 60 63 66 78 91 60 89 92 87 92 75 84 92 66 69 64 78 88 81 72 62 65 84 98 83 89 62 77 81 88 91 87 79 73 95 92 71 85 65 90 68 71 85 99 63 73 97 75 73 68 96 96 88 98 69 77 82 78 60 94 72 60 64 98
0.8827601019502535 199.27984704006332 930 62 62 96 80 74 85 82 73 81 61 87 85 87 73 68 86 63 94 82 74 61 98 92 82 67 88 80 86 96 82 91 64 61 66 99 79 76 81 69 62 98 69 95 85 77 61 99 73 87 64 99 89 69 79 82 65 94 94 93 80 93 87 78 74 71 74 90 68 76 67 96 67 63 96 87 85 79 98 71 94 61 99 71 81 66 70 95 61 80 96 69 64 68 69 64 86 68 76 68 82
9950.698148286612 0.8982356833523673
8710.602850365905 1.0405475667634805
5688.876394059516 1.1525910548947778
7800.23260353642 0.9974959145123481
9053.094653105023 1.182441977156722
8203.947080942113 0.9576195838183226
10676.098353125477 1.0032458385172378
9170.694891960746 0.8666729452412066
8539.396552369904 0.9390127524229149
9089.116032349708 1.0888059405046797
9342.055799292262 1.1988524356909738
2870.1717488263484 0.9103333354311945
4905.614414650378 1.0233474220838332
8885.600884117664 1.0068275065892502
7435.23129440575 1.1742750992531508
4397.905893624335 1.0424136167268376
6653.241190946327 0.9269678342107737
5428.675882012079 0.9000246888610036
6219.540756364206 1.1095987046824538
5968.212111206423 1.0260030195815724
5200.145069190868 1.0151230300562162
6782.654930210832 0.960177478965947
5050.926693171236 0.8466970837552688
8782.347746978157 0.9607006954115893
6030.619502683527 0.8476965676810104
7166.752288552622 0.9343571766416225
5351.655853656977 1.155549243726589
7438.344553237286 1.1453885309449812
5294.049940757459 0.9491673011777223
7590.990962356107 1.0440702009626075
9633.260626464162 1.0421104716294662
6336.777066533275 1.172897721040052
8275.685393060025 0.8024085155528434
8761.900408639372 1.0125784859021083
6358.519881911838 1.0051538003477247
5483.387351443349 0.8477339987155318
5631.23694790381 1.1701236911445616
7991.6801786853775 1.1465159949884522
4862.471177464235 1.1098944696842612
8560.644688158274 1.025165624133161
4897.296923012693 1.0544203589213657
7248.436981099479 0.942667733670274
7533.798412231236 0.868024665681735
8033.759057413261 1.0508422214380435
7756.998777907884 0.8793160022089698
5154.502393778188 0.9523556982655299
8646.077277066512 0.9394484849037291
9596.077626250839 0.9252623443329318
7247.380640354436 0.8778962290294124
6697.7488512328 0.9379053559594892
5642.094864810473 1.1670478162336047
8104.1021836104455 1.0766856937665008
8180.312701818211 1.0365667696220329
3548.741077105394 1.0982773657560352
9472.86608194742 0.916784617649933
7594.308945590852 1.076206722226692
7069.7453268994295 0.992247060049162
6786.089481279903 0.9158387178468981
6074.982922798213 1.0100940025116043
6841.96277717565 1.1600212481884469
5653.240084054698 1.020618838510584
7083.185674140625 1.1682603329212904
7289.769211729798 1.0060450114021764
6765.642236449372 1.174292913435779
7046.036950351052 1.1589350420434539
5773.410054692118 0.822545486158656
8847.526200668917 0.8585725479713446
7474.095379843459 1.1905114590656618
6994.928335768733 0.9982870679744783
6943.313407188484 0.8318445105305711
3680.7053266326902 0.8857209230760483
6466.033710071768 0.8496257115874892
5091.627315120008 1.046578530256217
7605.162194026067 0.8607899100392729
8846.480863713772 0.8962221734623026
7446.978455377642 0.9844914928371998
7086.560315846365 0.8406425526721873
6612.795339768472 1.1854181995364081
7426.698734551257 0.8048260719432891
8600.042371055888 1.1996720525974294
4747.006260946635 1.1089025399947168
3978.1694630287934 0.9176235744317075
6674.791002141958 0.9555669624850054
5028.839248908901 0.8732858086451188
5899.908704615737 1.0505142828096965
5195.886339264365 1.1364407906235732
6934.095460601194 1.1792190824057731
5652.4157224439095 0.8407251840181699
7437.910100551617 0.8498020513020534
9021.129547956481 1.060983314232912
9288.724159365665 0.9899589663781464
6540.1096486113065 1.1434680077629273
4843.646077070592 0.9615227133157936
5953.932336003304 0.8623790267759616
7409.960637618955 0.8622830678386024
6283.7473013542985 0.9566661033377746
8753.012876631019 0.8169704013629309
8765.17261689546 1.0777450172410807
8709.412763906103 1.16129937741891
7979.147751775632 1.122043723027616
