3 100
0.8142594325996318 126.41968606172344 502 75 97 86 79 61 67 62 82 80 75 77 69 89 63 79 83 93 77 93 97 92 83 76 70 83 79 68 89 61 98 72 97 76 96 74 72 62 77 94 60 92 75 83 96 68 64 91 81 69 86 74 61 74 80 77 64 78 73 72 93 82 77 76 86 82 72 65 90 67 75 60 78 91 62 69 69 80 66 62 71 81 70 94 77 86 95 74 61 61 66 98 91 96 60 75 89 86 89 80 79
0.8200851113094554 117.96937563791934 524 89 88 75 98 88 95 73 86 66 77 79 91 63 68 95 98 80 83 82 74 87 65 86 63 63 83 66 95 83 86 68 93 71 91 69 76 65 74 96 83 66 84 97 79 96 77 84 81 88 60 70 97 90 99 92 68 94 83 98 74 67 82 86 97 86 69 68 78 67 94 62 62 66 61 82 92 64 98 84 68 83 72 62 86 66 83 86 77 66 62 65 95 81 80 79 80 92 87 96 68
0.8755044136505157 133.4223626725332 557 102 119 104 113 134 119 139 112 133 119 138 123 122 131 105 128 105 101 137 104 114 117 115 130 111 114 108 134 120 110 126 135 111 119 126 109 128 122 122 100 127 133 100 124 133 113 106 124 128 122 137 124 106 110 113 118 139 113 124 115 109 104 121 138 119 114 106 125 125 137 100 125 121 124 134 111 128 120 123 129 131 134 129 116 117 139 139 138 119 106 115 101 128 121 101 114 123 103 127 101
4482.791116718849 0.965667441524929
7743.543127922172 1.1071825806480766
4039.5709883496743 1.1348781158635992
3403.805799842298 0.8043200184963009
4363.318025016341 1.1542251616189494
3025.725900120237 1.0237995466487466
4140.810880221033 0.862319377129912
7197.59578465524 0.9924720373248639
3815.2099493613136 1.0034524723243337
3936.8626890248124 1.0983638040384949
7025.535702616164 1.0019668524411185
4196.017582941601 1.1578675558769052
5838.357385541104 0.9654355379768804
4615.080993098656 0.8173430234019115
4613.621817837708 1.011337155866839
5980.154313043834 0.8472927793323554
5158.929405474076 1.1532739596637105
5336.317731639713 0.8701854506295751
4786.490449855181 1.1115977176607728
6511.009672189527 1.092894284141258
2985.606524537859 0.8757049045936022
5248.972213088634 0.8153896136255253
4411.333433831804 1.0524072041561392
3080.515543291276 1.0003747474849625
7396.079960015701 0.9973869725613917
5556.4737551469525 0.9479918707508483
5760.714726308298 1.1961413133767982
7631.491422672968 0.9246335345606913
4786.484708372218 1.0376326709376138
4954.981535371159 0.9311899855490227
4475.4174576908445 1.0342704428695575
4127.179452921454 0.8583422342443745
5274.163587465929 0.987391896142585
3655.392299516267 0.856877262330944
6001.383231585835 1.1153357798327643
5665.6567738958265 1.05246851578068
4762.6763939229495 1.12534685404273
6588.105195499314 0.8843379430087198
3690.672130882248 1.1191033003018251
7910.025685953586 0.9793048820756745
6176.225184069606 1.0860512563888702
4542.713307039927 0.8779575888785821
6253.652133534306 0.9156643178538114
3167.946223201558 1.1441854557917843
6620.771634207871 1.0158681350997218
4431.609914313021 1.0599120519373086
3933.9128877600997 0.8458859036047375
4806.651686845682 1.1466248326417614
3472.722977067977 1.1782708096147902
4721.540462744231 1.0026985152546943
4657.3694002804905 1.1768620469327922
5505.6176403968575 0.8369595588488956
6151.500453387723 0.9691130247694087
3941.913445574567 1.0336326246369594
3863.078376523312 0.9296283189536263
5562.894147489846 1.0178222107734634
4179.22419349682 1.1373024643418401
4723.374573003067 1.1890532200901083
5673.82278719739 0.8322105302024703
7116.39774999051 1.003689315946671
4019.9664050678866 1.040280474043402
6031.751533941984 0.892547428745565
2576.141888209602 1.0294232457047992
5430.777534104617 1.063188006324836
5221.339272834224 1.1578084124919084
4508.07414270391 1.1325077042818985
6584.971474108202 0.8639352478593003
3884.985228415788 1.1093977702920252
5824.7564661237975 1.1325874369332454
6138.820746516418 1.0720198613265883
5619.766668121638 1.1479273745572438
5807.101478138757 0.9900715752690721
5894.225616762042 1.024673626325384
5276.418566301039 0.8671819332839881
3310.8616148051688 0.9753612459640022
6132.122200165705 0.9045520130338459
5179.528731475211 1.185219099994913
6757.308840068414 1.1447112510006319
5446.899787365796 0.9166720686074642
5002.5460397990955 1.0314512687211193
6055.403343675968 0.9226856517168586
6006.160608477608 1.1127420312831158
7080.316561600361 1.0128231090807667
6751.221882253414 1.0774086300013264
4158.714307253882 0.8651643212382476
6447.711497372965 1.002613163067407
6071.93633539006 0.914573170608392
5682.0452204949715 0.8680140506448226
6741.624069678896 1.129386195967181
5844.290103328603 1.071145474062294
7139.465874680892 1.173822738037421
6710.935869271022 0.8436483638846932
4685.402736480016 1.168500787712464
3452.46267139472 0.9758361554380229
4068.2496871068115 1.0353270743983334
4595.584289350179 1.0235446653770093
3480.373958171955 0.948153773477767
5005.657790779729 0.8627442957551159
5157.841882260477 0.8090575763915231
5793.926126396691 0.8126262418072027
