6 50
0.8175618138917274 140.11452219211156 562 66 88 96 75 90 70 86 75 73 72 66 66 74 61 71 61 82 83 64 74 97 74 89 95 76 97 93 64 66 62 75 82 87 62 72 63 61 64 73 77 82 87 83 82 95 80 84 76 84 78
0.8772373870076141 138.90875657370356 602 72 82 91 63 72 68 67 62 92 80 81 76 89 64 82 96 83 95 84 89 96 77 63 86 94 91 61 79 85 64 60 88 99 69 88 67 75 78 99 66 66 83 97 70 72 96 96 72 73 62
0.8544830868911184 138.1090782861971 674 81 69 72 65 89 61 88 88 73 88 71 86 91 62 70 63 99 93 73 64 78 74 60 80 74 85 98 87 65 87 60 63 80 84 63 77 83 82 64 76 91 88 86 80 98 86 96 91 86 97
0.8546229297198871 142.419846732254 764 71 97 70 70 81 67 92 95 82 78 96 85 78 94 86 69 98 77 98 86 74 62 64 65 75 96 61 85 72 86 75 78 69 92 60 74 78 61 80 92 80 90 84 73 98 80 99 89 88 64
0.8317477895544156 175.89398933031416 909 63 71 64 91 60 91 79 60 93 62 75 76 70 92 80 85 75 87 74 65 83 64 77 74 62 86 85 73 74 68 89 64 91 62 72 73 79 98 88 93 64 95 70 60 88 95 97 68 84 93
0.8947197440042154 175.0920234979155 998 85 73 84 70 63 64 88 67 70 67 87 89 99 69 88 90 68 78 96 79 92 96 93 86 78 92 82 87 64 63 60 79 86 66 90 83 96 77 64 77 74 89 93 84 78 71 72 97 91 92
3397.6485074219618 0.8467199098414829
3645.0158016413466 0.8536215566300337
3505.33007583213 1.0672470544261166
4005.688650693197 0.9080368994939656
2730.578529626289 0.9632495351908162
3737.0409105311496 1.1055145712972665
2965.872200386772 1.1529950422260633
3647.4709459688333 0.9999822684934698
2380.9212303097856 1.1433100286735554
3109.1546822189903 1.0280494124519386
3419.8422603010877 1.1846895171239618
4655.730633422135 0.9059364835563122
1572.8304186349162 0.8385013223017516
3338.259379965657 1.0830538227212831
2642.9164660161723 0.851434724932716
1056.599664984818 1.0046936571340366
2599.885311320829 0.8169523722748547
1780.3530164237613 1.1127068587556095
4143.792658932974 0.9912713034582845
2201.800685315529 0.9463199707716832
3016.799671854168 0.9450683501406281
1634.0798572535969 0.9378635149200034
3570.3245574128346 1.051093947329641
3333.3422768820565 1.058001100824511
3729.448216494929 1.1459751460788827
3018.7286212454087 1.105658742313793
1828.8925951581368 0.8943407523793067
3044.0964927637765 0.8660818017079961
1533.45307874985 0.8847995298928348
2463.4930921754735 0.8034358458211438
3821.32467662215 0.8928954267974083
2159.703186752994 1.11909431744722
1913.3539349458697 0.8894154766406726
3312.246927434783 0.8078908625743169
1542.231327763892 1.1405871990210341
3639.021260356125 1.0437290412149205
3356.8115133408896 1.150456914942421
1896.897313658037 1.0864855523554575
2167.3234218485886 1.002693530276084
2589.0170105413317 1.1959378206078808
2555.1672559477533 1.165313209526452
3525.982808119515 0.8816797978418226
2609.0083220399883 1.1325873609225223
2444.0287697055164 1.0073514028433839
3118.415373617894 0.8433065941044292
3007.4262442676586 1.0485381999479653
3572.7791992222988 1.1979752237644865
2860.597181778065 1.0611712413741803
3145.1146291982554 1.1740834438053795
2924.5617244991677 1.1528935499244195
