6 50
0.8105472850418464 151.82003104234076 543 60 77 62 62 64 75 78 62 79 77 63 64 69 87 88 97 66 67 97 87 95 77 75 66 89 67 76 91 95 63 76 64 96 80 84 73 82 68 66 62 72 64 60 64 90 93 85 74 65 70
0.8249725299497047 127.24357070470843 643 93 83 98 64 82 70 64 81 95 60 76 73 78 90 86 77 94 61 97 95 87 90 61 91 64 91 93 63 85 75 64 99 91 78 94 69 90 91 87 88 93 92 94 93 61 91 66 84 70 95
0.8694675845310724 159.9800320140685 774 73 93 92 65 67 71 68 73 94 61 94 61 95 72 81 77 62 62 91 78 71 61 95 94 85 84 97 71 61 90 74 62 64 70 90 95 77 86 73 86 66 80 77 93 90 84 97 74 61 87
0.873674866856377 147.37429496065715 847 72 89 63 87 83 60 60 66 61 73 66 76 80 68 82 87 77 66 67 88 91 94 62 77 91 81 82 66 78 87 75 82 73 65 80 91 62 75 90 81 62 95 78 61 60 94 96 92 73 97
0.8443823184599399 179.94194361890575 929 77 73 79 65 75 61 62 91 65 87 61 81 82 71 67 76 75 99 68 85 78 78 99 66 93 81 62 75 71 82 69 94 65 70 71 92 97 87 79 85 98 60 84 83 62 87 92 72 98 62
0.8968842841614534 120.9689097344665 966 72 67 96 68 62 63 82 83 63 83 86 91 81 97 73 84 65 82 83 68 97 92 84 90 63 76 70 95 84 86 87 96 99 75 95 92 78 62 92 83 80 84 73 86 78 92 93 87 82 84
2810.510680892962 0.8836744940872369
2852.457310387982 0.8759523235695963
1770.150298769855 1.161157411939997
2633.2392652779376 1.013000701774687
3234.554132976709 0.9853751004224239
1703.5856807691546 1.0593526761876375
2123.549697324088 0.9326489931680498
3895.6273088460493 1.1575380875618841
2264.2136728687033 1.1888730349073608
3221.4291853134987 0.9674251132257565
2066.6336524756284 0.876683845480569
3062.600097245541 1.1673245435297588
3588.838159692275 0.8729616688419872
3374.8323276583947 1.0401010819082592
2651.195844930935 1.150425121720972
2580.5232545656486 0.8908599323273169
2307.971974788299 0.8154259996742705
3663.196046089451 0.9674093527132511
2709.8171195965624 0.9537769667467694
1804.0857686159518 1.1593322514067126
3869.132724804864 0.8156520945489554
3136.390111203079 1.0235435384967229
1863.5013153494913 0.9960090184972983
3140.0988651079224 1.128403596195134
3221.987134592913 1.1546123318474908
3184.2415778964173 1.1875878923860297
3082.9026117482917 1.0036763069001924
3058.4976691925085 1.069261628113258
2512.834461634724 1.0694503989999276
3418.1349206966806 1.1944128374134917
3124.1174626571737 1.1266937210760661
3086.3031669008606 0.8209079525848633
2526.947912261787 1.0889404038386266
2608.3785082703234 1.0270992098203697
2937.8067808120622 0.8755563170591668
3382.8376629577238 1.0589169884649456
3815.58051068586 1.0462696015041302
2840.653797930682 1.0965917542958838
3418.7816091641644 0.815334901281919
2054.9845429412703 1.1785896892811025
3937.9309779605796 0.881334344945077
1840.0993034423793 0.8851699770162428
2541.766969758667 0.9577849635518229
1739.1776176529102 0.8100897381095319
3139.269700170549 0.8759457866293937
2197.1948411719727 1.0034665443177038
3431.757120011773 0.9885211231829385
4667.544639949967 1.0874347568209615
2420.1082847213 0.9582083150356915
2888.370919177467 1.1313631250424647
