6 50
0.8127415547418836 141.11299229283097 578 64 95 92 63 72 96 89 79 86 95 94 76 73 92 67 61 61 95 94 92 72 79 79 73 64 76 68 78 96 72 85 62 83 87 69 76 86 60 91 62 73 78 60 62 76 67 92 72 69 66
0.8306582526603102 179.6189216561555 814 93 96 70 90 83 88 75 70 66 91 87 63 61 95 85 70 84 62 66 80 81 95 68 61 88 68 94 63 93 74 70 73 63 73 62 88 72 96 90 93 87 61 69 75 62 83 94 67 64 60
0.8220279055041373 126.84280316909008 817 81 62 83 84 65 60 94 76 67 84 70 81 92 61 84 98 68 90 87 85 69 93 74 69 88 78 93 75 89 91 64 97 81 95 63 83 86 96 97 75 70 92 88 62 75 73 75 92 96 71
0.8119629764409861 150.53888141230752 878 85 95 85 82 94 85 93 93 76 62 93 85 74 61 93 90 68 71 66 97 65 81 71 97 79 61 60 69 68 83 63 83 74 94 90 69 74 61 87 75 69 75 97 96 65 77 60 80 76 74
0.8465486500535065 171.25186068127383 926 71 61 61 95 83 80 97 87 67 87 77 76 62 92 60 76 88 81 82 70 96 95 82 94 93 98 75 60 61 70 80 77 95 84 77 72 60 81 99 68 78 92 87 81 74 60 73 65 69 80
0.8123527726067052 138.53640895765807 954 78 96 94 99 66 63 71 75 91 79 80 68 73 90 86 95 98 97 79 80 80 81 80 74 93 61 88 64 75 60 78 92 80 82 82 66 90 91 93 60 96 74 99 71 66 62 87 74 69 91
3113.9242512661476 0.9166378310528347
4062.788715329598 1.1672117376498896
2825.915983644087 1.0223922130043492
3587.492674279868 1.1551682185038377
3565.880250161112 1.115690486213178
2743.305867615476 0.901611210119518
3748.7847019735154 1.1836540089324665
2610.0599015131265 1.140896608515655
2979.4061766064024 0.8650189044533796
2131.9133926485065 0.8526432072838883
3587.403115471944 1.1187840448804987
3396.6422978330343 0.8355182776794939
2147.5971583442624 0.9449147423447184
3370.1660134804424 0.9407613641107839
4350.898942658056 1.1374860465518142
2284.11989084451 0.819818480167332
2740.062037256453 1.0750439246706134
2698.760235560791 0.8865262496594816
3269.979046964635 1.1213624816239567
2133.4581209354883 0.8359985358990509
2518.4817281661144 1.0435226896143885
3515.8905793261115 1.1919589537646988
2599.3214818576935 1.0001470329387512
3280.9888794158865 1.1996493193934825
3136.187991371214 1.124451047895882
3593.817704166169 1.0289678794103838
3789.1538243682126 1.0336658937617926
1848.1719883896997 1.1696579570812333
2625.918196188404 0.9358569746083054
3149.0477629546494 0.8264256639412441
4115.184242751145 1.0141998571698994
2637.566920018709 0.8954913232766314
2593.196402794409 0.8394813894493222
3799.888149970729 0.9411875003839878
1947.2528715563312 1.096034622809291
4075.7327062996565 1.0129653287654674
3037.6387268215353 0.8707348348097561
2558.5108853568263 0.8856713058587105
3527.8154345955286 1.0320406816301246
3008.3458905461152 1.1887086187660534
3740.18666873967 1.1795725280217568
2317.0215648949884 1.042261789223574
2015.4641876706705 1.1926376146257718
4778.521780592539 1.1664894754638608
3370.510245251378 1.0614995601916788
3321.886064865305 0.8825129063823888
3275.5465483863536 0.8462961600180414
2101.5195041772145 1.08642751906843
5217.334878713951 0.8468612333569018
1898.3009973830128 0.8842520286986467
