6 50
0.8271565023150123 150.0061798711568 611 71 96 61 75 61 95 61 95 60 89 85 83 99 74 75 75 70 64 90 88 97 67 69 75 77 70 78 83 64 73 62 97 81 63 66 83 65 97 71 98 67 68 60 72 90 95 82 65 90 74
0.8978585739740694 179.43870741511006 636 64 70 87 95 83 68 77 72 64 84 65 68 68 76 75 79 72 84 90 73 93 97 86 83 81 89 84 82 71 75 75 74 70 74 95 83 83 83 99 80 90 73 92 81 80 94 75 71 91 84
0.8850899460424542 163.29637429470947 777 98 87 94 70 66 90 65 82 68 80 86 83 86 64 89 73 87 72 64 61 64 82 93 86 77 92 88 94 71 74 78 75 66 74 92 72 61 98 68 86 60 66 87 70 75 87 60 83 94 72
0.8600677583982429 174.3260082706563 828 61 64 65 67 95 64 84 71 92 83 73 77 76 98 87 69 98 62 79 84 99 72 94 93 67 71 95 66 71 65 79 90 73 83 76 61 60 80 75 84 80 62 76 71 76 79 64 81 98 83
0.8026456702350248 161.91021437342027 925 79 87 99 63 85 73 60 64 78 79 82 86 73 87 88 89 71 77 65 91 63 68 85 82 95 96 78 67 92 66 89 71 76 97 84 85 68 89 75 84 85 76 66 66 62 66 68 92 83 84
0.8212335156473205 121.40323150089051 984 85 93 87 77 75 83 62 85 71 93 69 80 88 93 66 63 75 96 91 64 61 85 83 63 88 73 63 89 95 71 61 63 95 93 76 91 94 81 68 85 75 67 91 76 99 63 71 82 60 82
4322.314586770748 0.9707042443633795
3379.9552950709694 1.1605393461396991
3067.5877948536177 0.9990799429753378
2229.214359083014 0.9315136332738432
4120.734640574792 1.138394659309992
2537.538952205893 0.8272053963244773
2047.604242426767 0.9505563367114296
3076.4396123787333 1.0852989349898348
2737.2634077462017 0.9218465750071752
2312.0143842794255 1.1012336608023867
2050.1407119318374 0.8219740606136943
2697.339739504298 1.0155772965497751
2753.8363108462045 1.1333453756885836
3075.1861697703625 1.0377944120547675
3578.429226997784 1.1497955321389575
2964.09080708682 1.1860040439199437
2449.0501082663495 0.9132145967593549
2073.3768661982526 1.1876709333421818
2894.1530909604917 0.9979106891928992
2951.852574871369 0.8073194441212781
3046.5598858051626 0.9320295880698887
3081.0388452374164 0.8756812798649432
3751.7830599800727 1.139658130455321
1837.560104009113 0.9692358139893502
2290.3615293573002 1.0759846223811884
2738.681028291449 1.1631940709674538
2633.362759918672 1.0162258961159842
2479.6867158273344 0.8089852240308067
2898.847467208294 1.0868145855918674
3025.8867372194845 1.1711560776594359
3011.6894894142674 1.0949184646031995
2783.4331622894324 0.8372600580303832
3015.2041251223573 1.1971639602164568
488.821208079853 0.8301570664019469
3619.9281492364917 1.1171118584855053
3451.128197256149 0.8349120592561936
3233.7016456724587 1.1426934020573372
3362.1832329417985 0.901150950012286
4312.09963817821 0.9548511081604645
1703.2565228152093 1.065650772076716
3869.7974403168255 1.1311745561022142
3011.974485957945 1.1986318010932329
2940.339625698966 1.044849517262226
2213.7338502743037 0.8810942507504389
2885.7727199500096 0.9971455927271282
2681.1721044323804 0.8496232680246533
3242.184542824217 0.8217780426854365
2522.217383314319 0.8171534622794094
3499.0208603425194 0.9610828895086118
2712.5629197336075 1.1231461247948855
