6 50
0.8718601602496433 178.98064674857284 691 95 60 64 70 62 86 83 63 65 97 90 76 97 82 87 76 66 90 89 99 73 85 82 68 98 87 79 71 71 97 82 83 93 95 62 70 61 97 83 62 67 89 86 68 73 78 79 99 86 88
0.821750876898116 137.12509823493892 798 76 64 80 62 87 86 98 61 81 88 84 86 60 94 66 75 69 67 73 68 84 62 98 85 61 83 72 76 60 84 78 77 88 93 92 86 87 74 82 75 92 68 83 83 92 94 81 78 77 96
0.830471003607657 135.12637636855044 913 65 93 88 60 68 67 72 62 83 88 68 96 94 88 92 70 65 75 74 81 84 81 63 73 87 82 90 71 90 84 88 78 89 71 65 67 98 93 91 87 60 72 67 68 80 85 74 98 86 93
0.8904589019434307 165.6089294733475 923 78 64 83 88 75 78 67 90 67 96 78 80 66 95 77 96 75 81 86 90 71 80 99 79 80 92 70 60 69 84 67 86 97 62 96 87 78 94 68 90 64 97 79 75 99 62 60 62 71 64
0.8250507008022866 168.83000438867984 930 75 63 75 64 82 81 81 82 96 83 62 84 60 62 76 95 62 65 80 80 66 69 83 60 63 85 76 95 99 87 71 67 81 87 75 77 87 60 90 64 76 80 88 83 70 77 98 68 71 60
0.8936441885492271 174.7981432344281 972 99 80 93 77 74 86 89 98 77 75 60 77 73 82 60 81 87 83 83 80 77 94 67 75 61 96 76 91 76 67 60 80 84 87 76 80 89 71 66 90 75 92 74 95 87 97 67 64 62 70
3442.1413963099676 0.8845987517983765
2887.694087360895 0.8828910301723346
1917.1090652634157 0.925683108976412
2914.4074147328265 0.8380002940044796
3572.8337749663724 0.9861474304637763
2039.3787169539453 1.0551586335121468
3188.123259215203 1.1177538226214716
3195.468052347791 0.8014361403698536
3104.363261981015 0.9914192627563283
2784.1236196551345 0.9938267890569289
3800.6131887617485 0.9331394506209477
4282.03533962768 0.8912514203883136
2729.8570035018397 1.0335795979019844
3563.2076944964474 0.8610415480667433
4160.0085456774395 1.0524328427167333
4149.818336934104 1.0528029803269476
3458.189045394398 1.1950052460829057
2813.081354629001 1.1613076376146256
3794.929697859099 0.8584053183671657
2755.80539925936 0.8375045305178528
3550.9369989108714 1.069725271551957
2958.561062372502 0.9049181935688331
2576.3802059263826 1.0972173987823133
2516.3091230906875 0.9120799869141764
3784.907136475892 1.1443622456165046
4379.02785440818 1.019759973776042
1487.172524807367 0.9358107404749357
3012.8870284606182 1.1632710680944542
3626.889444446332 0.9840677249623525
3309.738474881133 0.8092603483530645
2160.8063465617493 1.1857157463579413
2367.3040997405938 0.9806620944924542
4143.761839875482 1.1827407511671635
2847.580414526636 1.1105619618970899
2820.168065654854 1.077850759387759
1948.8666479780027 1.0039530647405688
3051.112305432893 1.1317375112548678
3506.673276492473 0.9511057786534303
4351.562231139301 0.8952058264364388
2003.612748674557 1.1267310351370665
3162.8693009482313 1.0045809928917577
2724.3179671106036 1.1106852185599068
2959.4114995922005 0.9114130252336161
1878.5949688169162 1.124594546017529
4155.657462829468 0.9935759724300385
2740.0533916830223 0.9606803973507649
5543.466291477016 1.0999049428817331
4190.256757788532 1.07787826738168
3271.442925084263 1.1909424858127406
3265.2942074567254 1.166697525940224
