6 50
0.864311957768007 165.80812949684164 659 79 71 75 70 90 76 97 67 66 75 87 76 66 81 75 84 94 64 72 67 78 89 65 65 98 96 99 79 87 68 89 68 96 98 78 79 62 68 97 76 74 97 85 97 62 74 92 99 61 69
0.8518840074923042 131.54423311439257 900 92 88 88 66 71 70 82 62 98 95 69 68 90 73 97 64 66 86 95 64 74 97 63 74 80 65 62 68 86 78 92 74 84 64 72 70 71 97 75 82 98 67 77 98 95 74 98 63 71 64
0.8794109113810817 177.20056214922457 969 97 84 81 65 75 83 80 82 66 83 75 77 80 81 93 61 97 88 88 95 60 96 60 75 99 61 98 61 88 92 96 88 86 76 89 78 67 85 91 85 60 84 79 98 86 84 62 67 72 61
0.8605223463318096 127.49471267192811 971 74 92 79 64 87 69 87 75 62 60 92 63 98 88 88 82 86 62 91 71 94 87 77 66 84 89 68 91 99 72 78 97 91 78 99 84 86 65 67 91 80 90 80 99 78 83 75 68 89 63
0.8772324873321055 152.57550670523327 981 82 63 86 72 66 75 94 66 98 87 95 61 94 96 91 64 70 69 60 94 91 71 73 97 87 93 93 69 69 60 94 70 96 75 64 71 88 81 87 87 77 71 98 88 69 65 82 90 66 65
0.8044477524301765 156.17101284338142 982 87 66 61 89 93 85 97 82 72 97 64 84 72 80 83 68 83 69 88 69 68 77 85 67 61 60 63 84 90 61 76 90 96 67 65 76 80 92 81 84 94 87 68 96 60 68 80 71 81 99
1513.879807754661 1.1423059919337422
3516.530272244018 1.0936170152433813
3173.4274608409823 1.141261835052053
2639.7997412582135 1.0836157195133098
2690.5760769340245 1.0002433042140702
2013.4711546624712 1.132858016513904
4362.009709081588 1.1360263817265681
2262.2341012276165 1.1288610422402094
2416.3970343541923 0.8523811552803073
2414.190928635241 1.1718413449313465
3644.6742872056534 1.1032530882560758
3700.2230397347284 0.8244815012400427
2457.55647004596 1.138348234308266
3279.4942923843246 1.0421168195453547
3148.762989819789 1.1073120538737604
3406.409854458155 0.9274934805014806
2581.5084274253404 0.8585001138482291
2708.3127727307256 1.076977514661166
2550.4984891279473 1.1123555107928311
2377.2327317043328 0.9863328623600258
2472.260701167727 1.1605296074507017
2035.6367967726587 0.842120513495212
3199.530398359601 1.0001762176754916
3693.6380839977846 1.0972632471765518
2774.5409793413874 1.061455245383539
2711.787219327993 0.9159462060542347
2602.6011897852027 1.079806656543331
2666.5096597919064 0.8765147899844765
3407.321715237006 1.0293791957812695
3256.293620172162 1.1395239921089364
4043.659997129681 1.1212522697317269
3566.070418014501 1.1479760695277361
2428.860247791842 0.9934048238197842
3117.5104861272107 0.8127110511982011
2907.0746009187333 0.9330319501598425
3130.798620835876 0.8169721320415237
2485.6108778438324 1.0127769852304502
1645.2248468497778 1.1629244501340708
2934.086150895934 1.1564274296820662
2661.6615759288957 0.8100646522084938
2226.835636229829 1.1853060868110012
3763.8374895712086 0.9879452765555753
3630.567247723818 0.9673067850542234
3346.227051864888 0.8436723498135387
3046.4227622676835 0.8835676588367282
3369.6153562112313 1.0361025760272278
2697.1165540854404 1.0617825196148685
1997.1251887617577 0.9845335778780807
4047.8987093539095 1.131097154993311
4068.876962192776 0.8913281354046655
