6 50
0.81453069672939 173.69506079138114 523 76 91 63 79 94 67 60 67 98 91 99 90 92 92 75 95 60 80 97 87 92 78 74 78 95 89 69 79 60 60 86 89 62 63 63 92 69 83 75 76 67 67 89 75 90 95 80 68 93 94
0.8477830034957887 144.22451941347333 563 75 66 69 70 92 86 94 63 65 82 78 92 61 97 85 67 90 82 60 71 91 82 91 86 77 62 73 99 96 80 96 96 81 87 89 96 73 97 98 95 98 66 94 89 80 74 81 81 61 81
0.8154914654844003 174.21172932300226 675 90 90 78 91 60 63 86 78 88 85 95 75 73 98 95 90 75 87 76 93 77 72 88 72 65 88 70 72 67 95 72 72 93 80 81 91 86 73 67 80 83 92 76 64 75 97 89 73 90 92
0.8899683267997014 128.56911925275193 689 97 79 70 96 96 63 88 82 90 60 65 85 93 66 94 75 74 76 67 85 66 73 87 91 75 65 97 82 85 69 78 66 69 60 75 88 83 67 84 70 61 61 65 86 86 84 77 78 98 96
0.8810482413194959 145.82324485196085 708 65 88 67 75 86 99 71 86 78 87 98 65 74 67 94 82 76 96 61 95 75 88 96 83 65 64 82 92 80 80 72 92 88 77 94 97 68 62 96 70 65 79 68 94 70 99 83 85 93 96
0.8863667051080946 122.59075038983984 969 68 98 72 99 83 76 60 62 63 74 97 90 67 82 94 88 65 96 83 63 93 70 91 82 67 65 78 65 61 65 77 96 81 88 61 80 69 89 98 87 78 73 83 93 85 90 62 80 86 61
2262.106339265843 1.0242590655437425
2986.9058352139486 0.9694629336384556
2582.722805071152 0.8800068536515291
3209.9429301275973 0.8447483940903325
2544.743642588484 1.031334443093883
3446.2094501518122 0.8161842989879633
2309.960554618463 1.145539344534864
2831.3571283587944 0.87662372185218
3604.2787208958534 1.168075964269395
2815.0990152408094 1.0679616893228747
2508.308285888757 1.1394915170796707
3724.6957554709957 1.075339006124512
2518.768686708126 0.8484044621923548
2923.457252542076 0.8244693988770178
2054.591617127423 1.1450271393054918
3377.0981627767023 1.0267155808071675
3571.903315932366 0.9032658541011197
2766.2431293078853 0.8990632684938779
2894.105055630877 0.948774471397255
3837.532578674373 0.8589620898427951
3298.601094496166 0.866667313482455
2105.072532972175 0.8487679869481388
3982.354977024185 0.8865395102322922
2169.818664359321 1.1704331749077002
1993.7959606765176 0.9300395399074803
3521.1601550437176 0.8941429107068563
4724.46657774873 0.9382117914861822
3260.9617486711377 0.9692168586875903
3777.208008803263 0.8533589584407623
2743.466404188579 1.1373578737966477
2494.9042464943495 1.1815567729783156
3658.765223082478 1.1153416078171916
2763.04281385574 1.130806310337953
3338.282169135769 0.8337454432154121
2219.130744529455 0.8366039921855113
5075.927974466351 1.0291888773801712
1501.0597530425214 1.164598368408158
2229.7462288410843 1.0840255304636632
2697.7652577227545 0.9396030128377475
2749.325304772772 0.9727957529875919
1684.0245561094252 0.9061917617373156
2261.2705042732587 1.1063054761800326
1997.076545942839 1.062228233324165
2614.6262296329232 1.071325917023779
2510.771101244247 0.9617421387123684
2837.110755092008 1.1239216584885143
4058.303623386345 0.9996763524405547
2876.992285756467 0.8797715901226402
3752.328719591462 0.9516333623182492
3004.1700456883473 0.8437238555728599
