6 50
0.8717207585423414 142.64850241365838 544 82 95 66 77 71 75 75 85 87 73 93 90 72 76 90 89 84 77 91 93 62 67 66 90 69 74 72 76 99 66 96 98 77 73 63 97 93 90 65 83 99 85 80 76 97 66 83 61 80 78
0.8142476859694079 130.8472430117673 617 86 88 70 71 97 90 68 72 71 87 77 62 63 75 80 90 95 82 72 70 95 99 76 68 99 84 86 89 99 95 84 95 64 82 76 77 64 73 68 95 77 96 74 85 66 89 93 60 99 99
0.8165176468935852 172.0864642984495 697 88 95 70 73 64 68 89 64 62 69 60 75 61 61 94 90 71 90 61 98 69 63 92 78 67 87 79 71 96 60 76 77 97 86 71 91 79 68 66 84 99 60 79 82 81 82 60 92 84 65
0.8664046769235185 153.84730735877164 905 82 83 93 97 89 81 98 64 62 79 80 67 74 76 87 94 91 87 78 63 67 65 93 90 98 69 63 79 94 60 78 70 91 61 74 90 61 77 72 98 66 96 71 60 76 84 96 78 76 90
0.8362546534538559 178.68792995716075 909 79 63 75 90 79 81 82 73 74 62 71 89 70 85 89 72 61 99 65 78 87 92 66 78 68 79 86 72 87 99 92 66 84 77 62 72 91 72 86 78 73 76 82 68 73 70 94 96 92 72
0.8245478256453525 147.34272651038432 986 69 78 70 63 61 82 62 84 73 62 94 70 77 67 81 90 89 88 88 85 91 98 75 86 60 76 91 93 71 61 66 82 67 98 79 68 97 90 68 60 67 87 65 61 94 83 88 72 64 97
3631.95696193231 1.1251847092389706
3068.5121718050664 0.8143461554534375
3004.0620796473004 1.0552001006044942
3566.3893805937278 0.9297553731119483
3264.3287575583313 0.9855433166016764
4023.42823537814 1.0818659370826664
4497.425248919135 1.0387187446349202
1762.8724686713958 0.9932828529069816
2253.8515977193865 0.864171063923285
856.8800335688193 1.0457115768887977
2028.624244319067 1.170403000133681
2105.5393102229173 1.0043078660563654
3767.589660616049 1.169214840282077
3134.3715364378536 0.9738719504239796
4501.396827232475 1.1323721145121577
1301.8390300373949 1.1295291631710718
3265.51937843208 1.1985135736263022
2804.29187969436 1.065687151734401
2187.928986032969 1.1641287054074256
2579.212612056655 1.1403267881215586
3427.589672962795 1.0603540788484047
2857.2382189563523 1.028041877501256
2461.188477557216 0.837384734619558
3560.6256680089036 1.0565334933228048
2513.754354201419 1.0681716325698385
3005.302782522052 1.1877066731926211
2578.3551523954566 1.1344923095718045
3556.4858722917925 0.8815649831089917
3819.195376583116 1.182097979431977
2947.7051727451258 0.9103190563977939
4127.288948332891 0.9076317765063567
1580.5535488796004 1.108523040383629
2715.4821781045516 0.8650550345556368
3138.6176874680145 0.8762609782916706
1639.20026419105 0.858711996777933
1946.7636484669483 0.8647856890764349
3122.613943046572 0.9428030630455055
3776.2438528654757 0.9954879472470952
2357.9711706464313 0.9410164184047769
2149.999701508822 1.1984179872799
2616.4756454947174 0.8576314287641581
1090.7673980846096 1.1164871888751366
2311.4441945162043 0.9717772444702703
3701.6735753233415 0.8068864486403934
3826.0026560434044 1.1164028448517487
3123.4991302156686 1.0615955440775169
2020.1667035943065 1.1277991961373992
2756.778833206117 1.1158696452441341
2896.039866133501 0.8440039745618488
1776.5430263697835 1.1000804325993094
