6 50
0.8815346337040266 127.57634266848133 519 81 75 96 88 92 98 66 75 75 65 65 94 96 69 78 75 84 80 89 78 91 90 61 81 68 85 79 81 71 70 85 70 91 80 73 75 81 84 88 61 97 81 86 95 80 74 95 80 87 97
0.853484371218187 152.6780665254211 558 99 92 75 84 93 78 97 65 90 61 90 83 86 93 68 99 83 99 94 83 60 77 98 71 72 79 93 90 69 74 67 64 76 66 79 62 69 62 84 75 67 81 85 81 75 89 91 78 78 72
0.801595991916979 150.13584817770774 787 84 61 98 96 71 60 77 60 62 92 86 93 97 89 89 85 81 87 78 90 88 87 82 67 84 84 83 85 60 66 91 87 97 72 86 75 68 76 97 89 81 72 99 67 62 84 76 96 75 89
0.8558615870702064 179.16402802010117 798 82 97 70 63 95 63 89 98 70 75 64 73 74 69 69 77 72 98 65 76 87 81 86 97 86 90 66 65 69 69 65 86 95 65 74 93 62 65 71 93 94 73 73 68 73 78 82 61 70 94
0.8358988530086569 156.3800106200287 902 97 76 62 77 69 72 93 86 68 93 79 63 87 77 98 75 99 73 73 72 77 87 97 69 79 90 94 90 67 93 73 70 98 71 80 93 84 88 63 83 87 89 88 95 96 75 75 92 76 64
0.8166786436201258 149.46017752781444 958 64 71 83 60 69 88 70 64 66 78 66 68 85 91 68 97 63 74 87 63 73 81 91 69 67 79 96 80 70 64 75 86 66 80 91 95 75 94 69 93 77 73 68 75 84 99 80 95 66 82
2644.938245454255 1.0801920504512674
3362.6879021484556 0.9470534665015176
3200.9276022929953 1.181216089951689
3264.481000008661 0.9458705548933111
3630.1111316728675 0.9432635969912306
3850.1297754552293 0.997192427694418
2514.9553917667154 1.0302355375749392
3055.724139773872 1.1382734763220212
3207.5102540049443 1.184284610392234
3556.80522595266 0.927938031903347
3054.559934472215 0.949394175234676
2163.9951465418594 0.8528393985472015
4234.125679742087 0.8245460004181548
3332.591133321574 0.9935970445373856
2512.5821190754696 0.9496134396558791
3034.6215002405415 1.114254786707165
2779.795523337325 1.0140921810600831
2839.565601323694 1.0333527671664349
3715.9169938508267 1.0761796531101153
2766.3011704598416 1.1852123168877526
3366.9723034393037 0.9702957127155827
3069.761517235898 0.8728319886757271
3042.711408336834 1.1263741246590053
2968.073241600247 1.0534454387546606
3792.295695208589 0.8599475066137907
2883.1199919588 1.0426338877908106
3673.290047793146 1.1177123841450232
3585.115137737048 0.8576814491026872
3224.1021947869817 1.0037228355902605
3611.2788314736777 1.1855887528798692
1678.737213053278 1.1100172125958063
3395.734719619508 0.9383960165800154
2509.140336818441 0.8915586338321609
4194.920781360531 0.9734722671937819
2280.3944956498462 1.0540101493793614
2963.903956982298 1.0127661939239005
3612.3370179474223 1.0774032970076997
3407.995623986483 1.176099067363349
1824.1889695108246 0.8308509009795287
1817.52460620592 0.9159214976410237
3900.6017596742367 1.1850370301014925
2987.999577348973 1.1533421917079878
4718.23035776301 0.8375436055555353
4491.647927959244 0.8256717800742053
3514.7830337375035 0.9411559375432911
2468.6495368767146 1.0691845693942597
3747.348931754995 0.8990989300332851
2792.877090430225 1.1915622715799419
2687.2589526869124 1.0665607397732229
3344.89656894419 0.9894464028244477
