6 50
0.8973500995650341 127.18791248913756 503 85 83 67 85 67 80 63 84 93 81 77 83 60 82 97 94 61 73 66 72 81 73 60 98 72 91 79 66 61 66 67 91 99 97 96 64 98 63 77 82 72 81 84 92 99 64 92 74 83 64
0.8698641963205987 173.31636091372837 582 87 63 88 94 96 76 89 86 70 88 82 78 77 76 68 62 93 81 94 85 67 65 61 80 91 76 61 67 83 89 66 63 84 84 61 85 98 65 62 90 95 78 88 83 63 63 89 62 72 84
0.889918842702958 141.02280985009335 638 63 67 92 81 66 75 62 68 98 80 73 82 95 83 98 61 98 69 92 97 87 71 99 77 83 90 79 70 62 79 71 62 73 84 82 68 78 75 84 60 82 96 79 71 88 60 96 62 82 95
0.8356225652792122 160.76351514178452 834 81 61 69 94 75 60 78 92 69 62 68 63 96 73 69 94 66 80 94 80 88 99 89 98 96 97 75 99 66 75 78 67 93 82 96 61 71 72 65 82 72 88 65 64 80 82 67 78 82 93
0.8356963000742793 173.98882516441262 970 61 74 94 87 86 69 91 68 93 67 76 96 71 84 69 60 92 63 78 80 79 85 94 81 92 65 81 62 86 69 98 70 84 91 67 84 73 68 86 81 62 69 87 62 96 88 76 68 65 89
0.8506307484427301 151.26603835024792 982 84 98 89 91 62 99 86 81 71 66 99 69 64 81 65 72 86 93 80 86 94 64 86 84 70 79 61 96 67 65 73 89 70 76 70 82 61 98 79 99 83 91 65 96 95 84 99 82 94 95
2374.834337742626 1.1460352269350345
3869.36513750461 1.0057457242148686
3284.4834191628865 0.8053342377169928
904.6179452534207 1.1060621819160532
2913.651102484542 0.8905611419297873
2299.7594775232865 1.0894909226918428
2859.5527517129 0.990354940326912
3041.2922779779665 1.0320530104030456
3236.6543665676427 1.0607062760107975
3276.4698562965186 1.0911913751845714
3363.53948574467 0.8899073484845625
3496.0643886458574 0.8217136042345552
3356.811804759263 1.0982397239945796
2273.227273531682 0.8323448660687799
2574.96585437054 1.099043285544588
3848.019284864112 0.891341146883035
1460.6369033864796 0.8969251169193074
3086.4110154183622 0.8783040765268981
2426.359249295527 0.8664547040531125
2806.109414177044 0.8294508626384093
3298.8142934734547 0.8418124908237974
3555.016433048582 1.0373223578888415
3269.651548656729 1.195006428778052
2674.1691541083733 0.8957184592248855
3379.8348501573905 0.9900926294573172
3981.433516610423 1.062254477482089
2598.4215189011898 1.0228476587098978
1595.6685078636588 0.98848288747464
2327.979190024468 0.8297622705779967
2777.9906183693497 1.121952176149979
2298.9451215165473 0.9761219432048218
3729.446354210687 0.9934468502976561
2979.7768016091563 1.105629165498834
3191.1404578333622 0.8473433332696574
2571.430091212859 1.0999369730530122
3479.4694974620743 0.8573074956383081
1580.0721487986043 1.1834125110930689
1773.6024820669156 1.1748607283400128
3641.464184535063 1.1571615866452116
3554.623003861696 0.8302728679131819
2244.213984705203 0.8127910471573873
2867.7060542161166 1.16311155181064
2711.440313143866 0.966900988596997
3063.400594945798 0.9354305155269156
3276.4829101803475 1.0851955021430046
3613.178674414744 0.9168630739870974
3105.203950052242 1.0706574581500579
3425.8127468206217 0.8029019759591658
3229.369047581765 0.9739459391186951
3053.1667843543078 1.1524287833091738
