6 50
0.8812601666462574 157.25597118846997 631 66 82 72 72 74 81 84 79 82 87 93 62 71 90 91 84 76 77 76 99 91 74 69 70 65 72 81 69 61 76 85 69 73 72 85 75 99 76 67 60 77 68 95 73 78 76 83 83 77 77
0.8170067480958906 121.88561325253738 642 96 60 76 89 78 84 92 74 82 81 77 69 73 93 78 63 97 71 64 76 76 91 95 68 65 93 82 79 72 73 61 73 83 71 88 98 70 69 86 85 61 88 68 63 71 74 78 75 60 98
0.8104259643783464 178.05688687147904 842 77 83 78 95 77 99 90 75 78 99 65 87 69 89 97 73 74 81 76 95 61 75 95 67 76 73 64 60 98 79 62 90 64 91 94 72 93 68 79 99 94 73 89 94 74 71 75 89 94 86
0.8660062798671491 155.60930555049774 885 68 72 66 60 92 77 79 79 90 77 72 87 76 62 83 77 73 79 60 72 74 73 89 73 98 92 97 91 88 94 82 69 75 70 83 74 95 95 84 83 72 82 93 94 87 61 84 91 60 80
0.8950493546754785 171.9288823337027 946 84 96 71 92 77 83 97 83 92 77 98 96 66 74 76 62 86 93 61 71 75 71 82 94 87 81 83 91 76 86 73 71 74 94 62 68 89 84 67 90 77 72 63 77 88 77 62 90 72 75
0.8658775390978044 120.87674494446443 949 64 75 87 69 64 90 91 86 80 66 97 81 95 81 74 87 95 66 93 83 83 71 84 90 73 79 96 83 98 70 80 80 76 88 92 69 87 72 88 60 87 80 71 75 76 67 76 65 77 89
3280.291844144595 1.044109748725266
3392.070938143776 0.9585932237761228
3096.8920827605543 0.9929579350830415
3443.390520876366 0.9911912019300989
4061.1099733304764 0.9863189165480029
3975.7351418493117 0.9125797866322082
3294.4863423235242 0.976344851403611
2954.9470903999777 1.087123674886215
2569.3949768165835 0.8388812602050408
3691.006079968606 1.078731420392296
1526.7728870801745 0.8560397605465941
3112.970586208492 1.192444737463341
4197.63455601283 1.0431930742525621
3079.1331099322974 1.1097247579579737
3147.0552166324333 0.9998611568015898
2558.8868000430766 0.9163745791132585
3184.6019645466954 1.0734431679452783
2708.4281322984984 0.8941539061225491
4044.9113426263175 1.0993187002789868
3854.5240421060607 0.853452354768274
1605.281074041861 0.9388512558068876
3737.0913246682644 1.0081395287143204
3446.2679620316208 0.9049522467807305
1325.0837185078353 0.9083230829585587
4212.070982626366 0.9223435341219345
3329.2130027501125 1.0556329582779715
3848.788701673865 0.8311577011878917
2946.847493898363 0.890641432784634
2629.0922754852045 1.0105526163961065
3037.478118257436 0.893199703528115
2265.745490690544 1.0417551182936178
1222.8559597823967 0.9867775278903034
3537.3886950031956 0.8400163977737913
2792.0091682776747 1.0347413661408147
3826.0499241655166 1.1747076837843757
2520.8362831504683 0.9276063072739862
4342.80257284224 0.8525327267096354
3631.121826485337 1.082209594060909
4401.670115390823 0.9125925761783917
3174.0463947025914 1.034789341493431
2547.628490871616 1.0035270972331134
2117.8054110696776 1.1073368462269895
2538.684144160026 1.1179955182306034
2983.596675483247 1.051763777515581
4745.509995265344 0.944788770020691
2804.2916108981217 0.8962401638712514
3215.2103576096188 0.8616909597838802
3348.245456004561 1.1689233101076915
2383.2133148849907 1.0798531002509288
2290.3273046380355 0.8168950358452746
