6 15
0.8843678514520752 155.2974989422565 521 76 69 65 93 87 73 85 96 74 98 88 76 80 93 90
0.8391469117321103 169.68714516830255 604 63 73 90 86 80 87 66 64 99 66 86 66 97 99 72
0.8806819579171024 164.9246741370522 620 87 62 77 82 69 68 86 77 69 86 75 77 85 99 98
0.8849670282460619 178.0080009515263 659 122 100 109 109 117 112 108 100 128 135 121 101 123 127 115
0.8391457553085614 174.2590425139452 806 124 123 135 103 129 129 103 136 131 120 117 105 126 116 116
0.8441583214630147 124.34960375816092 925 132 130 132 127 116 121 123 123 124 133 139 103 115 127 118
668.093359067731 1.0
1654.841088106884 1.0
1579.9406610174185 1.0
2333.9148153700353 1.0
1600.6481158101144 1.0
2660.4761312347628 1.0
2034.0490113852286 1.0
1006.9335079235731 1.0
1692.5005639636875 1.0
1537.6207670449166 1.0
1338.4254806472816 1.0
1603.4758473034212 1.0
1904.1780668546405 1.0
2144.5165418088045 1.0
1340.8649051639907 1.0
