6 15
0.8248270305562447 177.77324517875442 544 97 77 96 67 62 82 86 65 73 70 79 74 72 69 85
0.8560303212225444 126.53687192450677 604 122 108 103 125 137 102 110 126 130 134 108 102 109 120 126
0.8990820612235422 161.41076501513464 674 108 134 116 137 111 136 129 114 134 122 135 110 110 110 100
0.8132116415436457 167.73307814263316 707 133 103 135 122 117 100 113 134 110 103 124 126 124 124 104
0.8983920050399581 157.75035530341634 835 71 94 86 77 60 80 60 68 68 67 78 83 75 61 67
0.8991967515206233 121.4887971888182 983 89 78 72 70 66 92 61 77 81 88 98 82 93 98 62
2274.5304190897905 1.0
996.7063209344988 1.0
2020.9570622845627 1.0
1199.285215005612 1.0
1227.3271903617128 1.0
1801.4559603075688 1.0
2434.2408419384874 1.0
2075.113397027702 1.0
1594.1044743715274 1.0
1724.2244048087944 1.0
1365.0902801456682 1.0
1771.7001228798258 1.0
1571.8139797274218 1.0
2089.3608393456075 1.0
1410.9462725097376 1.0
