6 15
0.8848475124959675 137.18098410332638 747 96 94 64 77 82 97 86 97 98 83 88 89 69 85 85
0.8029898473227504 164.64699269768573 799 93 81 79 72 93 85 94 89 97 90 69 99 60 84 75
0.8695785542146522 168.11608781734185 862 131 115 123 125 130 135 106 134 101 125 110 121 101 131 138
0.8105939553567881 147.88396216819703 882 102 100 106 138 131 125 130 132 134 139 126 139 119 126 134
0.8766189325290726 132.62720169133877 929 70 73 98 62 81 63 72 76 74 86 73 82 78 68 92
0.8708928322986975 157.51259823896888 953 134 125 115 117 135 113 137 133 116 134 109 103 131 122 118
2453.022459154118 1.0
1770.031012361154 1.0
2357.5161908874175 1.0
1659.20474973389 1.0
2172.974885027026 1.0
1505.6315728534792 1.0
1896.5129118042187 1.0
2780.5540479135816 1.0
1907.7607558297555 1.0
1486.1356752807367 1.0
1395.534544298062 1.0
2086.6239032884223 1.0
1956.9424432778485 1.0
1714.654844716602 1.0
1904.5284844302328 1.0
