6 15
0.8494113375208696 125.29811478243387 516 126 111 139 112 137 107 131 106 112 115 116 130 113 100 102
0.8943493147524384 140.53591868120773 575 99 89 95 93 80 67 78 77 77 87 79 81 98 74 69
0.8380522055837392 121.65779700421716 735 138 104 120 107 113 130 105 118 138 107 108 129 112 101 107
0.8925264651940333 124.86292260587899 778 128 103 116 120 127 129 119 136 111 113 126 129 120 131 126
0.8436754391057291 179.28714732270797 938 88 88 68 98 85 92 74 80 68 64 70 73 65 74 98
0.8017841859951558 147.7224075432906 986 70 69 82 75 90 84 75 81 81 65 85 86 84 81 84
1458.7311607011804 1.0
2227.8990549432287 1.0
2365.0345384434186 1.0
1783.7380426329034 1.0
1272.6065540214586 1.0
1258.509117968676 1.0
2062.3565316492677 1.0
1671.5243558724299 1.0
1772.3929540967802 1.0
1943.846484861605 1.0
581.6074019072985 1.0
1680.2104495057765 1.0
1137.832309113323 1.0
1787.4946326481368 1.0
1400.9362730323644 1.0
