6 15
0.8325575848069516 160.32979347610532 567 106 139 105 134 138 105 116 116 106 112 134 101 100 106 137
0.8040626174863242 139.47782748268222 583 72 87 65 93 82 60 75 82 95 89 74 79 83 61 84
0.8906389180201393 154.44889796852905 616 93 62 82 78 81 85 70 63 99 99 61 94 92 70 82
0.8592022529009039 151.09184292866323 729 133 119 106 106 133 102 100 127 129 106 118 128 106 123 138
0.8430029401160883 165.70889132189137 743 94 94 93 69 99 99 83 65 96 73 67 98 70 78 74
0.8003989330926 175.54589636943996 831 123 137 123 101 116 123 127 106 115 124 100 105 127 130 110
1637.13778160777 1.0
1978.5095373993622 1.0
2105.733196717497 1.0
1278.5401754443644 1.0
1442.0083596867153 1.0
2130.555527475557 1.0
2335.6301543070917 1.0
1984.4087371265396 1.0
2253.4861951097782 1.0
1930.3042189888474 1.0
1729.2901907154721 1.0
2571.714386299752 1.0
1209.929186753696 1.0
1900.5009724303327 1.0
2040.8375325859186 1.0
