6 15
0.8750533290324788 144.56636909496422 586 121 109 128 116 122 108 120 100 108 104 129 106 132 124 125
0.8056415730894899 164.74642964605923 660 101 116 119 120 137 129 107 107 125 105 120 102 131 127 135
0.8419029311495695 137.3676545196942 678 79 62 85 69 79 70 73 86 72 77 90 75 88 94 89
0.8381627800460676 143.81648642172985 752 62 77 92 61 95 66 93 68 85 83 93 80 70 71 82
0.8456952514449353 171.70518672501265 863 99 71 64 85 76 61 63 61 94 79 93 78 86 98 73
0.8785283978372489 159.84286792161953 998 109 109 106 100 107 113 131 139 108 134 124 139 125 137 117
2291.8764866793695 1.0
1722.6407650955466 1.0
1825.2475860136099 1.0
1317.4322654163311 1.0
1821.5727978197283 1.0
1907.6869438366914 1.0
2078.0264951029 1.0
1014.4348602839833 1.0
1881.0890738901307 1.0
2600.2124387436725 1.0
1549.3902350503226 1.0
1477.1645653414444 1.0
2351.3776987855344 1.0
1769.3638115635606 1.0
1451.535326513413 1.0
