6 15
0.8664205932997012 137.35567312520283 545 60 80 70 98 74 95 60 66 66 61 93 77 65 88 91
0.8348377132230718 158.98439748174528 866 138 120 104 102 131 104 102 135 130 116 131 129 101 106 121
0.8673360574444203 155.84700400309669 913 89 60 94 75 74 75 91 81 77 83 97 80 61 86 76
0.8135805751885516 128.48220384382276 930 73 86 79 94 96 84 94 76 95 83 81 90 95 75 68
0.8083945488353139 169.91552545568797 930 104 134 105 138 106 122 118 105 113 123 115 139 139 126 112
0.8058859725551472 133.42854967204062 989 138 118 127 119 138 125 103 137 113 129 112 117 116 139 125
2287.621255403405 1.0
1916.9319131750094 1.0
2296.177922093684 1.0
2000.441865443161 1.0
2830.9449723122325 1.0
1645.07009766278 1.0
1375.3795470520859 1.0
1315.1511194892666 1.0
1528.6589479005247 1.0
1869.6876064764197 1.0
2129.1378003213385 1.0
1811.1524301395941 1.0
1683.6296228865572 1.0
1799.5864835459856 1.0
1192.7735618406207 1.0
