6 15
0.8938939455413668 144.0550253110904 528 73 62 95 83 88 62 69 98 65 70 64 91 86 96 92
0.8505212429616356 165.28618614751431 618 109 106 109 114 135 135 127 118 120 124 121 120 117 113 120
0.8356934877438702 149.098217432471 641 83 99 94 87 80 65 88 74 88 68 88 75 99 92 77
0.8786566301292553 170.50759971309438 661 110 132 108 135 110 137 103 107 115 127 105 117 113 125 113
0.8003952150402656 163.3055166625415 773 103 102 130 127 121 115 127 132 126 108 103 119 131 139 126
0.8942307675336436 127.26870796199692 947 91 92 65 73 79 83 74 82 98 83 99 67 88 61 65
1612.3320631577526 1.0
893.1988889435834 1.0
1341.0694167751794 1.0
2298.561195344074 1.0
1226.5419395045851 1.0
2340.929341857671 1.0
2166.6154954471776 1.0
1422.343032611846 1.0
2214.997677413513 1.0
2318.814397248855 1.0
1519.8415252359368 1.0
1914.3237316865652 1.0
2032.649766024849 1.0
2049.2373101207304 1.0
827.6130015113823 1.0
