6 15
0.8069499607117058 142.9157099731503 600 62 94 92 87 77 75 89 69 70 63 64 84 62 74 78
0.8115633381447221 171.9580289791292 677 106 110 101 122 131 136 111 106 102 137 123 120 111 109 118
0.8209472623688655 138.86592704409782 844 110 112 112 128 120 100 135 100 137 122 104 120 102 125 105
0.8053361467644236 121.97340725361325 848 126 119 118 112 135 129 104 138 110 100 104 124 123 114 103
0.8314505330009835 153.33425453264903 883 87 84 99 78 77 62 67 83 82 70 78 67 71 61 61
0.8341077230875908 147.81169553840036 917 84 75 60 79 82 60 96 71 77 62 62 94 91 83 72
1609.1332777819496 1.0
1184.8998442629081 1.0
1309.3437132742815 1.0
2222.1233730255562 1.0
1635.828893777159 1.0
1704.3650312751686 1.0
1272.5440060565124 1.0
1836.1785988712365 1.0
2230.1127181186594 1.0
1465.1252938139185 1.0
1483.3112664571256 1.0
2258.5502535721844 1.0
1701.8113836584625 1.0
1002.7469944063736 1.0
1972.81042889834 1.0
