6 15
0.8140859397417458 122.46772350662701 510 134 119 100 122 125 102 114 139 130 128 139 115 134 110 134
0.8396580833278556 127.41268856843155 679 73 87 78 76 98 73 68 61 90 86 74 65 99 72 85
0.858751541953189 176.502556118572 710 97 63 68 92 99 60 67 83 68 86 95 83 71 73 81
0.8969057829501222 168.23757688453196 847 128 105 133 136 120 121 118 137 138 128 102 125 136 115 128
0.820464493221885 141.37043856749037 897 87 62 96 77 95 99 82 91 92 72 66 61 60 84 93
0.8721764627713375 128.04482328165196 977 130 137 119 111 138 111 100 128 127 122 107 127 136 133 110
2231.4746273268674 1.0
1482.5163577993646 1.0
1660.7366391576136 1.0
1950.295953791531 1.0
1425.1877365704695 1.0
2389.171810507104 1.0
2139.3399128519236 1.0
1797.3954669399525 1.0
1345.576239674885 1.0
1715.2532163304832 1.0
1657.5310654444331 1.0
1475.3892625491264 1.0
1893.877803240816 1.0
2511.433100385841 1.0
1695.5113429978978 1.0
