6 15
0.8740717805722602 125.42092399354061 566 137 108 110 136 132 135 106 103 106 102 100 138 117 121 103
0.8168865639388688 142.59834834389335 579 131 116 101 139 139 104 110 114 101 129 133 122 111 138 131
0.8232401947654477 154.90298350496545 791 77 62 81 86 86 81 87 74 75 66 95 61 75 71 85
0.8388870268242261 174.63008082221097 881 106 132 138 103 125 139 108 104 119 106 139 117 123 131 103
0.8463160833311929 145.88691556188394 889 62 73 60 68 67 93 74 98 94 90 85 95 77 73 93
0.890196972848464 143.4906553609154 905 76 93 87 66 61 61 69 92 86 81 63 70 80 99 68
2405.2054249829366 1.0
1795.635832758627 1.0
1669.9571270371216 1.0
1263.241570843848 1.0
1854.5630063406727 1.0
2261.0505155927685 1.0
1338.054300083095 1.0
2103.7114988966996 1.0
2161.875537845931 1.0
1822.6571945874907 1.0
1932.9866775837406 1.0
2299.3484503481677 1.0
1443.9010982719367 1.0
2209.8089571089185 1.0
1916.8936562661997 1.0
