6 15
0.8778300849816797 177.40444182013204 638 97 60 83 83 72 60 83 76 72 98 83 72 84 77 86
0.8341231298786993 136.0365613756551 639 82 97 82 98 95 82 94 81 98 78 85 60 90 94 91
0.826438844433795 171.0618837488925 825 91 95 76 65 99 61 85 61 88 86 62 69 70 76 88
0.8647838180035966 146.5789524593876 826 134 115 121 100 114 104 118 114 104 116 105 121 123 120 135
0.8398703220355414 168.17229060999765 903 133 100 133 119 119 126 102 106 107 116 130 102 114 124 130
0.8352567481593451 121.83470456854322 940 100 104 127 135 112 125 131 101 135 100 109 106 117 128 119
1675.4520781695405 1.0
1756.5036005292063 1.0
1876.9000213265208 1.0
1204.761794719049 1.0
1906.7802582236866 1.0
1443.5838940360336 1.0
2159.3626747363605 1.0
1757.2986815163517 1.0
2144.4574517945507 1.0
1422.4330427545333 1.0
2894.9903087035923 1.0
1221.235054503881 1.0
2122.6683862775203 1.0
1191.6496377730164 1.0
2175.1989416241317 1.0
