6 15
0.8863553871977775 122.41982888987842 715 124 134 115 111 113 123 132 125 134 121 101 118 112 137 118
0.8042461587161612 158.646474709316 735 71 85 62 76 86 81 77 69 89 84 80 83 89 81 93
0.8970095015513637 162.1717526219627 759 88 68 85 96 68 98 87 93 63 70 73 62 82 79 60
0.8957288321025201 139.42695555065362 762 135 100 124 133 129 110 107 114 127 139 135 127 113 114 122
0.8714087989353775 140.9475484952295 790 75 88 97 73 96 81 77 82 99 96 90 76 73 83 96
0.8787035494681823 134.9177369819827 976 106 102 131 136 119 129 122 120 128 137 132 136 117 122 136
2594.521912231441 1.0
1885.3611124362749 1.0
1742.4168007197216 1.0
726.4857177855299 1.0
1658.810624887884 1.0
1506.935434426077 1.0
2020.6187893035467 1.0
2156.4216933978782 1.0
2346.8798602750376 1.0
2545.4548504147742 1.0
1860.5712684795596 1.0
1681.1523265893081 1.0
842.9584487546582 1.0
1927.3747661748448 1.0
1948.5476110589022 1.0
