6 15
0.8882685302507825 143.20889388282478 502 137 118 120 127 107 131 107 113 129 131 108 114 130 126 104
0.8376256034238863 123.5634623353754 556 94 87 79 69 71 71 60 98 81 95 60 78 98 60 85
0.8049227369421574 127.07457257559915 630 138 115 127 107 129 132 101 104 139 111 102 117 139 110 118
0.8201151439893409 160.95795478151518 706 72 88 63 81 64 85 98 93 86 95 72 74 96 88 82
0.8975431680267835 151.90216086249495 872 61 64 99 77 82 91 73 61 67 95 80 90 91 96 89
0.8093845467219749 123.22791068479127 973 114 116 107 123 137 123 129 121 129 114 136 113 135 115 119
2102.1303455763255 1.0
593.2391716453126 1.0
1054.8780112921313 1.0
2021.6386420057927 1.0
1864.0473109356499 1.0
1831.3201462334316 1.0
1811.3214065824427 1.0
1264.7384063473169 1.0
1774.1134369325086 1.0
1428.3485035832596 1.0
2028.346385407971 1.0
1513.2852999308645 1.0
1650.0253497125232 1.0
1100.9582419489361 1.0
1416.098969972834 1.0
