3 15
0.8680563512682937 194.21667368955457 579 96 86 84 79 63 64 66 74 68 89 80 98 95 81 80
0.8363754406502746 146.02997114517956 803 114 129 116 112 111 136 123 100 134 133 104 125 127 115 121
0.8385411698447609 114.1173048120604 956 83 74 94 95 87 78 93 86 94 76 93 93 61 61 87
1716.0515085724332 0.9691757929605698
1449.5644682092354 1.0947443880040097
276.32717233022413 0.9740090037556883
1188.703051152542 1.0270056707912663
1118.3543369221716 0.8363037084755648
1701.8165589195096 0.8742545263981446
1644.5330848946835 1.193230284619653
1337.8880987766795 1.1733564455650984
1448.3365589580594 1.0515861721538462
1446.9346786680012 0.8949020094667324
1580.7032503656853 1.068126262244602
1874.912184496424 0.8221818232183313
2041.2249894082922 1.0798318311589408
1103.929117440337 0.8461687224232706
1571.1621521621134 1.0473964152342858
