3 15
0.8625107606985642 192.8253902449434 767 81 75 96 65 74 89 96 64 84 98 94 73 78 69 64
0.8405378601865706 163.6399165054761 923 130 128 107 131 120 130 130 135 109 107 101 134 106 101 121
0.8582865655895906 152.30915320134704 967 90 65 78 86 72 73 76 83 60 73 92 84 60 77 73
1715.119948867204 1.097665163549942
1354.3698550459744 0.8222411967656457
2682.9853673404004 1.0364482920215572
2372.8531745561377 0.8530852035120013
1415.250140314472 1.1794017471442497
1516.4400257147793 0.8908381838263492
2242.601922254525 1.1188088429845338
1654.2792619494667 1.1875789481438075
2265.010691383586 0.8320027426806342
2986.188419000949 1.0214989734095195
1830.8529423010445 1.1060859225851147
1702.5818356357963 0.9097838523283831
2438.5628397653004 1.0380306988198704
1958.2355515601007 1.0266781514122552
2294.3437881699633 1.1963637052999745
