3 15
0.8227139522288777 157.97808573060212 685 61 76 96 66 81 68 73 85 99 82 96 80 83 98 87
0.8429823901774783 201.52341158427214 862 99 93 88 78 67 95 74 70 99 70 83 83 95 89 76
0.8920921105705295 167.71346894752472 928 118 125 120 115 124 132 111 129 113 134 125 123 127 124 107
1847.927515663916 1.1274877545790476
1648.7384023765726 1.1356775901113945
1022.5958950167052 1.0043450809414727
1290.7561027229608 0.8541918189251508
1623.3383186426445 0.9060360409865084
1698.9834966932804 1.1280291503212676
1576.9196849291154 0.8909476703777789
1892.9557570579013 0.8666717956755327
1388.2426909542733 1.1390171981036858
2039.7991366021054 1.1495303001339228
1205.936870528246 1.145963812860809
2163.2129173627804 0.9123970974428655
1232.7560178756535 0.9852037625779668
1521.8593390790168 1.1795019188228357
1056.2945619900481 0.9738536286422625
