3 15
0.8947651245951195 122.87050008002635 624 134 129 123 129 101 138 123 114 136 122 135 136 117 111 113
0.8820410593417852 143.90421042732078 658 67 81 78 78 91 92 66 82 85 85 64 85 93 97 64
0.8032845794415588 208.27254646927744 969 77 60 81 80 88 62 73 68 73 77 70 81 87 78 97
1869.9916898494296 1.102401477484997
1547.276383438386 1.0612977265499262
2166.4521585181897 1.1881668288460796
1863.4643904246473 1.1800252576441854
2163.630601640184 1.1806041840006016
1208.7230171576678 0.9465359681773358
1797.9633315147853 0.9171008673830962
1045.278646255029 1.1160265224933945
1725.861601439854 1.1153595248688322
1959.9391787337443 1.0642159680412442
1157.1780063500232 1.0488122537525355
1862.3112143172232 0.9264816424837312
1960.3371887507683 0.8123815476861534
800.6024866469076 0.8987898784339137
1722.0840965531218 1.1440592268338876
