3 15
0.8797600650516131 116.77157917500126 526 79 74 95 96 99 93 83 99 64 83 88 98 66 82 82
0.8956492180755015 191.34162149704187 581 96 67 71 84 77 96 63 99 83 94 67 94 72 67 81
0.8895496925449586 161.78895292359294 909 127 136 131 123 103 134 106 122 125 111 106 121 133 137 129
2205.4792084798332 0.952102752469364
1186.0687335763914 0.9047817897588488
956.4272979097923 1.1269153560595466
1265.4780446793081 1.012018280559195
1348.5130909062916 1.1889571154812275
1115.2912638753312 0.9213636534578811
1232.0368200004675 1.1438799004728493
2254.876221370685 0.8934470987636278
945.0849220443777 0.8513731244561165
1132.521224791797 1.1559814642287127
1005.7292659303712 1.056196475931724
1082.4896700889299 1.1864613346178838
1662.5002305500939 0.9246466577983672
1402.689453383218 0.8904307288322818
1277.0829808804924 1.1862566161615562
