3 15
0.8978453560722479 207.09091723385853 503 96 89 68 60 70 97 97 70 85 80 78 92 67 61 63
0.8258482499497818 105.43637412029044 593 132 130 108 110 100 124 136 127 113 126 101 111 119 114 130
0.8612468125006476 172.1300410970849 894 82 90 71 73 65 65 83 74 86 82 63 65 66 95 77
1907.0389617011058 1.0685748161142448
1274.1186949520386 1.1624040495369827
1276.778267835332 1.1758870401389327
1325.031886777069 0.9351758535655792
2609.667959187699 1.034646331849757
1932.7940133224943 0.9228459806965492
2051.591489808115 1.0547976598740239
1474.8613036782463 1.0298507781316366
1295.6615137323981 0.9939093636338748
1221.1981866281328 0.9816116387611876
1448.339958481318 0.8245341906356023
1551.1364787741986 1.1252848780156606
1931.197702981768 0.934987297077679
1119.7311979055216 0.8108794368600083
1479.7972135959947 0.8837749739651657
