3 15
0.816737454047441 97.16912749243102 516 65 97 79 97 65 67 88 85 79 75 91 60 87 97 78
0.8712495950812565 160.11305056517693 913 71 90 61 63 69 64 73 69 87 81 74 65 69 90 91
0.8127185386192172 127.25636305076551 981 137 102 127 102 121 113 129 107 108 110 129 124 130 135 115
1529.3129404401618 1.0421296022489321
1605.8353240990261 0.8863580644729312
1882.978023135497 1.049368789328148
2138.0410009385137 0.9013998268738681
937.4878250151282 0.920894692900999
1736.266286914807 0.9576052308444843
1586.8721911660868 0.8881832709239438
1040.695820837071 1.1789479319590686
1140.9391647043776 0.8830744743183803
1138.2419770699657 0.9008327032473356
997.308473673328 0.8108386409886426
865.3778945238105 1.1674252402091103
1930.0645821811913 1.014680854164837
1429.387062705211 1.0332121486190098
1715.6230962845516 1.0986543309490084
