3 15
0.8776953861805468 156.5771540073601 575 93 65 96 85 73 75 95 71 65 80 78 72 69 62 60
0.8147456102478408 115.91240487045387 726 62 86 86 66 61 76 70 98 90 99 80 65 60 94 86
0.8450265564709096 95.37037285215187 747 111 121 115 100 118 104 102 111 131 134 101 132 112 106 120
1570.5004398321614 1.1131755554026936
702.1968424101738 1.110703720975988
1742.5717307452976 1.153527162859069
1387.2871581767158 0.932623963911557
758.8486037232038 1.0148395292917984
1573.322827844335 1.0753511581854998
2232.00660614489 0.8632088209145138
1252.9491863294427 0.998826205605799
1838.5893346257658 1.0253101741315385
1014.9206147994181 0.9000816199470084
2013.0423775441766 1.1946611042801232
1251.4369365260702 0.9996048595734032
1619.209787886187 1.056635567740276
1440.9889822073899 0.837750953048982
1397.2909002332967 1.1139704906858994
