3 15
0.8462113856555573 186.9574882159347 674 91 96 79 85 98 82 72 69 60 95 77 65 70 88 80
0.8709606611969829 178.13008590305597 840 99 73 83 96 95 61 88 90 82 93 70 66 99 64 88
0.8705803697415075 202.71047614164158 855 102 110 110 116 122 100 126 128 114 118 127 116 132 125 102
1439.894895172387 0.8219926943375764
1911.6170991745776 1.021412320014253
1345.0942107363064 0.8131533107870413
1071.0343995203286 1.0592857062903014
1488.070753542953 1.1714464008261496
1210.543506643038 1.1659611182335614
1514.918407401094 1.1047586559934324
2100.713799459748 1.0414434888257045
1146.4845240483103 1.0260939152262787
1981.7930108462695 1.1680612290519108
1783.9841044432776 0.9800520679637333
1364.9403899479714 1.0376433668067253
987.7817209102673 0.8018821196190564
1398.2971187926787 0.9621826603685666
992.3194484682666 1.1572279064213569
