3 15
0.8641583344520883 205.31426686666882 551 60 90 93 66 95 96 81 64 84 76 73 91 70 86 89
0.859462924913749 191.40726213654216 593 128 105 102 109 110 133 131 114 129 117 129 129 104 130 124
0.8685529827241563 128.87976117571694 917 89 87 77 87 89 62 81 92 78 99 64 84 96 79 78
1262.618642357213 1.1323600192025638
2555.141673946101 1.0351636768967454
1021.1264543732867 1.0691813234305276
1682.414125288296 0.9290498765061197
1792.2254514101794 0.8855140945920953
1497.6465160805017 1.0628221973447831
1184.6689037569868 0.8657407903464591
1812.7263380092065 1.0573470603092385
2073.26589073793 0.9501180951478607
1325.5938609225225 0.8472579202071675
1132.2392389677786 1.127064318176331
1367.7660801173377 1.0972635401052715
1269.8693906715507 1.1173651915923997
1947.5390951597133 1.0888106349277997
1745.1335229730562 0.8864376747174088
