3 15
0.89367813867977 153.32686640134364 571 87 61 66 84 87 94 63 67 86 90 88 72 92 71 78
0.8299528132878558 195.11572492257125 675 113 117 125 123 124 125 118 109 111 132 117 110 114 113 104
0.8194036026409208 102.74788007433185 843 94 80 97 63 82 74 74 83 67 63 93 99 96 90 95
1793.4839118279374 0.8461573375820202
1389.6405620041387 1.1443618027804583
1437.9213710196855 1.1525981662041143
1339.4648786989349 1.122387905977089
2241.9143143339697 1.1254738423976032
958.1818114037507 1.0187725565880816
1026.3643263734155 1.1134552863124973
1382.5914497552324 0.833444077908201
1667.811591403654 0.8327845466157323
1399.632522244311 0.9797670349114999
1926.4425813482933 1.1041318462221552
1806.4313963728553 0.822174382252063
2021.4815444902288 0.8936659703709493
1347.4106127793507 0.9431708475915398
1646.8357114356602 0.9046755449424472
