3 15
0.8701323268256375 183.54985139998547 769 85 80 76 84 75 64 76 80 68 62 73 93 71 92 72
0.8529856932372059 184.66555323400576 859 66 93 70 95 84 62 73 74 81 69 62 69 81 81 69
0.8802415664315567 139.76827808976088 917 114 113 118 111 119 132 112 114 111 120 131 113 106 130 112
1230.4856614825678 0.9069618943749828
1565.8369721596239 0.8812690343055612
1666.0655437241426 1.1315500987202474
1410.996898023082 0.8732711707836287
1478.9053762596463 0.809636719250344
641.0403030292965 1.024823311589659
1262.0125855748236 1.1337116394986895
1893.9640267521213 0.8889099962059724
1599.0900584447581 0.8627183978728116
1380.3719889469019 0.9221914676834945
1957.819816089152 1.0081179061399883
1051.0139250799414 1.0983363890320557
1943.444875137351 1.0755370439156555
1846.3074279197544 1.1299488732894942
683.384592124715 1.0859684632234015
