3 10
0.8240127082121668 150.0 558 91 68 86 74 67 96 76 98 97 73
0.8960243314061899 150.0 589 106 137 100 112 111 135 126 125 136 132
0.8561037628032921 150.0 802 60 64 98 71 71 89 97 86 71 68
1765.2598778173237 1.0450714035881739
1086.5877671164665 1.0012169215673268
1348.6765864041906 1.194285488505779
1560.3638752249733 0.9993796481823187
1279.8122190307993 0.9208688777236728
979.6393202274255 1.1991150320740553
1133.7636193079663 1.1949305740765443
1266.5622466966618 0.9434092301452573
821.2478961920235 1.1016968182599411
1316.9448800749333 0.9549862738300828
