3 10
0.8060834129244293 150.0 527 88 74 79 98 98 75 84 94 81 79
0.8544465173974616 150.0 757 117 103 131 101 109 100 120 132 121 135
0.8078493646883913 150.0 776 97 61 97 76 61 61 74 94 63 82
860.5313256153411 0.9496840765590056
1326.0043134593755 1.166848217063502
1635.2931293284146 0.8290854263805078
1404.517855780957 1.060522069786665
1337.3341651641863 1.0759429513053322
1217.1170652309243 1.0658444549414063
1231.247459445209 0.9381954268091011
609.991706892311 1.039935195982714
1036.040446599557 1.1042672845561652
796.917219410624 1.181264738991022
