3 10
0.8734799181375237 150.0 792 85 84 91 87 65 70 73 78 87 85
0.8886275291221879 150.0 875 126 126 135 139 110 133 117 104 139 127
0.8898757709724013 150.0 897 80 60 63 89 88 92 84 61 87 62
1452.2332349671524 1.0562860893042625
1574.2296953363327 1.0097166370542716
1940.6577944261994 1.0179872073125817
1894.8987864118299 1.078606405839629
1994.2092779428176 0.9078578050054841
1510.261535851961 0.8480152943090716
372.3989953646635 1.0033490496448174
1222.965303085177 1.1859337197036752
1764.4583157253967 0.9657420985376541
1854.3011506691043 0.906577118486323
