3 10
0.8245732888936844 150.0 500 78 85 68 79 96 73 79 68 70 90
0.862530312786858 150.0 646 113 112 138 136 107 118 105 127 131 136
0.8125847902446228 150.0 907 92 96 85 60 74 76 79 99 95 81
1722.3587448218502 0.9872058573119755
1041.3698306004956 1.1677262126135033
1056.1192357840594 1.079484243710898
1606.6558557729304 1.0800427878191459
1363.7929096639928 1.032648349365347
1132.8679304986467 1.091545750519384
1608.3645235727038 1.0473754184074195
1499.848894415397 0.9869293505535053
1190.31759693079 1.1613708917617065
566.9972144982544 0.9146347021358395
