3 10
0.8241279069331814 150.0 636 96 99 94 95 88 68 65 68 97 75
0.8248990328748104 150.0 740 115 112 136 124 100 128 119 130 137 129
0.8072095080092032 150.0 775 61 82 88 67 60 90 97 86 82 63
1134.2598360529837 0.9085855834556847
1055.3896739692693 0.9523983474046231
407.68705063668267 1.0044435543004824
800.4445346273883 1.0131537797013632
1460.4112178006346 0.8033907892906217
1461.3031597427791 0.8189070555056486
1528.5574238401964 0.9344775521990687
2098.1538192447124 1.0450474825575011
1347.8300408937666 1.107464449744995
1207.6658537076573 0.9476611060212482
