3 10
0.8332035221787648 150.0 766 108 119 106 105 139 121 124 103 124 126
0.8827587529694738 150.0 782 72 89 71 69 93 60 83 90 73 66
0.8251898815436706 150.0 989 73 61 61 90 97 88 89 63 77 96
1673.938622432848 0.9449230907379661
1208.5028554930218 0.9805719980028758
1312.6606116741723 1.1470228461975243
1349.4564499000423 0.8061601513228233
1625.3275755173063 0.9377414634873433
1317.0833683303852 0.8415580296235816
1097.174442910392 0.8150901540498563
1555.8446294999828 0.9471811697229933
1467.5205943856283 0.831634096910319
1633.9996033657915 1.1285833548729138
