3 15
0.8041485894524038 155.667836228505 608 87 85 79 93 69 92 92 60 96 84 76 60 76 74 65
0.8845746910064813 177.08074126634503 619 75 94 74 63 88 97 61 82 99 98 86 89 86 68 98
0.8795455212497838 172.06192511185006 629 110 122 106 112 121 108 138 112 107 122 125 128 100 129 135
1835.6869652550135 1.0
1647.4386457924697 1.0
1197.652699113728 1.0
1481.1762921881364 1.0
1888.7078510957904 1.0
1810.325294989259 1.0
1490.497537145493 1.0
1553.977620847269 1.0
1463.152324803182 1.0
1013.2713544121684 1.0
1566.256858548837 1.0
927.2718377759834 1.0
1599.3279518663908 1.0
1072.397180137026 1.0
1294.7859815712723 1.0
