3 15
0.8932268324664101 143.5313653839068 737 117 107 135 127 100 121 130 114 130 131 121 134 118 138 108
0.8817201337004359 165.28294712118898 925 88 86 88 90 62 67 63 98 92 82 85 95 78 66 95
0.859309644201171 166.71680694836976 973 79 62 95 65 83 68 62 70 89 61 61 97 78 77 62
1823.7317441885182 1.0
2325.054320126442 1.0
2252.523296272011 1.0
920.7156294903891 1.0
1655.9134441335677 1.0
1785.0099463819554 1.0
1262.1683062493057 1.0
1348.0404387609137 1.0
2024.074189944036 1.0
1276.1410513279288 1.0
2254.922675684933 1.0
1709.3727967616153 1.0
2513.6980708893193 1.0
2111.5093011725103 1.0
1202.4808491977774 1.0
