3 15
0.8044208383430606 171.2623438325713 753 112 114 109 120 123 139 114 127 107 127 138 122 122 138 130
0.8693491165596644 146.1229049033688 939 97 72 76 82 62 82 69 99 68 99 78 63 62 79 92
0.8472193035011348 155.85223001977536 994 71 68 96 91 90 89 76 63 66 60 78 82 71 82 95
1541.4505701161754 1.0
1595.1757904439876 1.0
2009.8303282471347 1.0
1580.9053154667438 1.0
1548.7391878526366 1.0
1756.8539212872242 1.0
2375.687509162975 1.0
1972.8015416686435 1.0
1676.9245121147505 1.0
2033.0863543060032 1.0
1927.8090307882576 1.0
1472.3057795491968 1.0
2376.1427915057047 1.0
1774.9402943466612 1.0
363.5972144402883 1.0
