3 15
0.8363468282634018 135.29981005807772 799 65 73 72 84 96 64 73 85 68 60 65 95 90 73 79
0.8555369756659791 146.3348945145192 831 93 78 67 89 78 78 80 99 71 70 92 69 73 89 93
0.8884659368845149 148.29855598283416 900 115 117 122 128 133 109 110 118 107 109 126 116 130 138 139
1791.1474718106444 1.0
990.2967602471298 1.0
2110.1657052861824 1.0
1359.0753550215795 1.0
2230.8334907073427 1.0
1413.477768217735 1.0
1864.1300911788244 1.0
1097.9886436679185 1.0
1398.793842374081 1.0
1750.7353849335686 1.0
1598.9511961600547 1.0
1561.3481546445514 1.0
1286.6738924159245 1.0
1368.3918724266318 1.0
1094.0642701781053 1.0
