3 15
0.8473168760483296 178.56841640069607 816 61 80 85 74 81 85 65 68 66 77 67 75 73 93 70
0.8299078729795403 175.74515673747743 819 89 64 62 76 77 85 85 67 66 92 99 91 62 93 70
0.8838975871419529 177.43571758141678 901 101 123 118 113 102 133 128 126 100 127 113 114 113 120 105
1728.342639852295 1.0
1813.3721972050998 1.0
1774.2614954710566 1.0
1977.554081582194 1.0
1820.7550770349098 1.0
1062.3027360839426 1.0
2530.50049192037 1.0
1547.5093324234829 1.0
1643.837885312967 1.0
1149.4882283834588 1.0
1524.0703335861567 1.0
1484.102444023234 1.0
1492.0068760357276 1.0
1748.4627382466795 1.0
1871.9938991056454 1.0
