3 15
0.8470301674800593 125.6726902876619 505 87 74 73 65 80 62 61 98 87 66 94 69 97 69 98
0.8139721760873485 135.108224878851 791 124 105 134 118 127 138 125 106 120 119 100 109 108 116 138
0.8044237123173505 169.97593233539538 974 68 75 90 74 79 92 79 76 71 70 63 86 63 95 81
1271.3579265879919 1.0
1349.765610816176 1.0
2057.693963459098 1.0
1724.4123720927837 1.0
1230.6273876280238 1.0
1754.9995385890459 1.0
1560.941159365363 1.0
1053.5729586154198 1.0
1714.346276141413 1.0
1272.703685497399 1.0
1658.5808134199558 1.0
1567.3864662637438 1.0
1456.2080789432694 1.0
1611.339024155041 1.0
1940.8347660278778 1.0
