3 15
0.8122542135412354 149.60159977944306 868 122 111 135 103 107 128 118 119 134 111 130 102 106 120 134
0.8265479488719006 143.43300141761347 872 85 71 79 78 66 77 91 98 60 63 65 68 86 91 91
0.8396205118213024 148.9381370855868 911 67 81 84 62 64 72 90 71 60 93 87 89 70 90 81
1948.0244899270747 1.0
1515.1015093336507 1.0
1991.6839481545492 1.0
2028.9359492138847 1.0
1662.8544325558191 1.0
1868.5915130509038 1.0
2032.3799060689425 1.0
1797.6376812263563 1.0
1865.6817857162812 1.0
2084.6373414796785 1.0
1532.87587718704 1.0
2074.29876410868 1.0
1568.1798248119665 1.0
2139.067301526701 1.0
2013.0629720789582 1.0
