3 15
0.8361924926507993 150.90751738031219 567 67 78 74 97 72 60 81 86 74 99 60 92 86 70 77
0.8914653871672614 177.58967543513003 757 102 105 117 132 107 106 139 127 120 110 108 127 119 103 113
0.869184005818366 125.27865207578019 826 97 93 89 64 75 75 78 91 61 75 73 60 76 91 65
1253.4008793919872 1.0
1847.3780595538838 1.0
2356.6281539967026 1.0
1716.106931412055 1.0
1285.0334945672564 1.0
892.6340384159028 1.0
1202.8236784825742 1.0
1555.986963334828 1.0
1233.077226490763 1.0
584.3200134759068 1.0
1421.3155470027482 1.0
1211.113548974467 1.0
1349.0646580504101 1.0
890.4286940936918 1.0
1412.2851937683504 1.0
