3 15
0.8844586321457351 141.8873170918658 605 86 70 83 77 88 61 90 75 85 64 62 60 98 85 94
0.8186778441080246 145.17024917348363 712 67 89 85 72 85 83 74 95 84 74 95 99 77 86 61
0.8298013227028488 127.92133678564545 995 115 132 113 121 134 115 108 139 117 136 108 131 118 132 107
947.8293804842584 1.0
2127.844994240828 1.0
946.61819973021 1.0
1380.1534424917843 1.0
2196.139517952581 1.0
1459.1270835610148 1.0
1487.23540416331 1.0
1414.1238003000014 1.0
1666.7131511418888 1.0
1836.023809523487 1.0
2066.4081954029234 1.0
1152.8886620243388 1.0
1554.8165947292543 1.0
1949.7424428293546 1.0
636.134227839445 1.0
