3 15
0.8534080259974857 133.03197192591676 655 138 110 111 121 120 135 125 127 111 125 119 129 104 116 106
0.8999894672684051 164.5475411681418 924 92 76 79 80 68 66 67 77 63 96 68 94 66 88 82
0.8472463122604582 123.9992381654165 981 88 75 84 84 61 76 77 98 74 92 65 76 63 98 94
1526.5242717675694 1.0
1971.7405726615868 1.0
2703.932881841438 1.0
1724.856160627941 1.0
2490.4829324327775 1.0
2680.777098896367 1.0
2308.0331828609887 1.0
486.6242551276548 1.0
1411.7726932336795 1.0
1856.122442188247 1.0
1526.4382430211972 1.0
1789.9085013728068 1.0
1767.7312752664834 1.0
1638.6393966623418 1.0
1475.9317902859282 1.0
