3 15
0.867774294938763 170.43927632233397 603 84 85 94 97 66 89 65 78 68 76 96 87 76 66 81
0.8278827189795305 179.71630300003912 717 104 109 132 108 134 101 116 109 111 119 101 118 133 132 110
0.8129442305025828 126.48117052968735 771 71 92 77 67 82 81 66 66 81 61 74 68 79 69 85
1147.2427878301773 1.0
1255.1442864688493 1.0
1592.0969362893475 1.0
1739.0093786646044 1.0
1361.8479340901204 1.0
2206.3864160051844 1.0
1488.537994339174 1.0
1911.5780108648128 1.0
1659.2298566668046 1.0
851.0761164729432 1.0
2203.4025065577785 1.0
2048.563007801328 1.0
1594.9045547872938 1.0
1876.2100550692978 1.0
1534.5477967127574 1.0
