3 15
0.8521250967890147 174.55039393684086 576 65 68 73 71 68 96 97 90 88 96 75 75 74 76 81
0.8787907712950609 175.8085176550636 936 81 97 92 60 90 67 72 90 76 98 60 67 78 61 72
0.8068591000555929 179.1949436840943 988 107 108 138 139 118 130 106 120 124 110 102 138 100 124 106
1522.214401292596 1.0
1729.1124681410508 1.0
2223.523104747984 1.0
1372.4005458499703 1.0
1335.5871911615857 1.0
1625.8302644885375 1.0
1468.1402003156788 1.0
1958.2473283003746 1.0
1066.86069144371 1.0
1224.7094826586535 1.0
1379.3754700829568 1.0
1278.4662725221403 1.0
1956.9099511255808 1.0
1396.0465701728094 1.0
1958.7083078637597 1.0
