3 50
0.8756326403209183 170.5460315199876 532 73 69 93 85 62 60 88 80 68 97 60 96 88 64 96 76 74 91 92 70 89 78 73 60 77 81 89 75 65 63 82 65 94 79 70 93 60 61 80 87 91 86 84 72 67 75 99 64 96 64
0.8466273090543186 149.80910481918468 657 127 114 134 122 130 109 109 131 123 126 122 102 117 120 119 115 133 108 110 125 116 103 103 121 134 133 134 101 133 136 119 127 113 107 101 122 114 124 124 135 107 121 134 101 134 139 117 101 101 117
0.8543224855786226 172.13522205018938 756 79 86 60 75 98 93 81 75 84 92 78 66 92 78 98 61 64 68 80 81 95 75 87 97 66 92 76 78 67 76 71 74 78 65 92 86 66 89 88 62 78 73 97 93 67 86 80 81 96 67
3144.0357131732076 0.9133934788232648
2144.632239826538 1.15999879823359
1908.8072056753444 0.8595366001646197
2945.901597523457 1.186970722107481
3633.6387287325238 1.0023482135708386
2556.8006978858884 1.0229681060208693
2192.5648618661453 1.0027943742515013
3754.3867972302414 1.095523864170579
2481.9460186052006 0.8475184261298273
3330.7727410269968 1.1781274096710352
2754.146308365689 0.8626172569925632
2524.2062300695716 0.8791494219123107
2324.2967929928936 1.049473692212639
3442.977761245869 0.9839331148065253
3048.8625014101312 0.9664159575124845
2717.8493422154734 1.0356730038287945
1945.2461574336437 1.0712380312779257
3589.9175563510025 0.9992108517299003
2229.563582027675 0.8096875973583888
2817.118085601679 0.9212380122610316
3775.4214000287293 1.0562697948615603
2254.4210683895717 0.982144073345089
2141.661669653699 0.8650075217836147
3406.782432169891 1.1233528008905056
3905.6953117875537 0.8777463276205426
3067.5458461954213 0.8663670277447002
2868.9566699526436 1.1724648466674878
2559.166587848871 1.1831418015260229
1367.2965411021437 1.1490257584684511
1749.1189941743662 1.132188996507565
3382.583432767191 0.8163654863786323
2585.1436675544455 0.9912444101437322
1660.8109766849173 1.0160443020778003
2681.1990944890463 1.0461813153825392
2898.6224834305262 0.9487896464950283
3471.762722580239 1.174600066802363
2924.4607680191225 1.0505514996501808
2561.065549485307 0.9884598600821368
3432.050376837974 1.176957439276856
2316.7349739175943 1.108258483821416
1848.9651589206173 1.1205352205058483
3616.404773610626 0.9262137948143275
2014.2642864493305 1.1862758966809517
2146.219742591072 0.9515550462331684
3140.7060836031906 1.0481264386853888
3400.3279175678904 0.9610959470517817
2672.021080526789 1.0627999758549662
3041.2599843154335 1.071009362905908
2970.5982719379435 0.9399352826482477
1738.7728336458138 1.1843692044565604
