3 50
0.8687598665637075 177.7212604748768 514 92 72 70 84 96 86 88 83 80 83 80 72 68 80 70 68 69 83 88 82 64 84 87 61 66 61 78 82 77 67 99 73 62 73 89 70 85 90 99 78 90 93 68 99 60 87 73 91 85 64
0.801919520826511 154.6235123345249 726 62 91 89 72 63 71 92 80 67 68 61 72 71 81 87 73 61 68 80 60 78 80 80 75 96 96 89 99 73 67 97 88 66 99 90 75 71 77 69 65 79 64 97 70 82 74 81 76 94 60
0.8743790776706813 179.5364229117215 769 132 107 138 134 108 137 100 137 111 135 102 122 116 138 131 117 105 129 129 129 113 129 131 134 103 129 103 113 110 111 135 123 103 117 100 105 115 122 111 113 111 133 125 110 138 115 116 126 117 135
3100.340408231459 0.9579179510026868
2938.3589904178725 1.1834910109687158
2587.86388976282 1.0836309331034846
2697.699061390113 0.9821136287945409
2250.673476789683 0.9723517746259881
2849.2487587160904 0.9296292877690361
2080.574250163534 1.0395515523213228
1301.8987325223202 1.1776605000026943
2624.2249144424154 1.0492231543388097
3647.930148593785 0.800460245587179
2455.5475452314176 0.83188931360022
3578.7868425988627 1.084985661266779
3044.5158767744756 1.074163586456261
2058.954749525441 0.8100325955942866
2458.9484656309264 1.0734339866155507
2568.921270124488 1.1757974286785753
2425.1169559445793 0.8895526041932071
1127.0732839479335 1.033685795886386
3052.3306762985785 1.0100085809627701
1437.675296230143 1.0703361313216821
3220.0468203293517 1.1603934826202424
2372.682222593976 1.1385641821383266
3174.5835685047623 1.0035553762899334
4225.970074076036 0.8273663331430685
2675.544979374351 1.104736719481862
3170.2432701132266 0.8110972591873659
2622.4532210481375 1.1686541089193987
3297.809766743856 1.0073401922198597
3355.874482096742 0.9093329026482886
1808.439749837043 1.0174905204569846
1631.5160839759724 1.008911824516633
3085.089931007557 1.1498247534852157
1623.3905585123402 1.0479771033850167
2796.1851049463457 0.8366352044181777
1968.2200975228207 1.0362250232140109
2587.349139365404 0.9494880811021716
3356.5778827174277 1.1017224610599277
2202.962600530476 0.8119142336491436
3281.6685184727985 1.1742439267214921
2521.01879354057 1.1824996877328844
1750.3750833167787 0.9456456158796539
2776.4938200946835 1.0376587324897915
2985.0325053296338 1.1975912458445355
3157.4474152142457 0.9111022848688861
3948.8570212619634 1.1092916655866965
2016.8685526402005 1.0812923146457287
2473.3031523778204 1.1948663724398267
1764.8805035459327 1.1950753366951
2710.1706274506964 1.1257563009071936
2232.3126821053347 1.0830941234846692
