3 50
0.8322007910066667 122.13084310164749 697 85 78 62 84 66 82 67 89 91 80 77 98 71 81 81 89 76 75 76 64 78 86 94 90 74 65 91 89 76 64 70 93 70 60 90 79 80 86 79 63 97 87 77 98 84 90 92 67 97 70
0.8914904782678458 178.13780876279262 730 88 98 89 97 75 79 63 94 74 72 65 66 97 89 82 82 67 72 78 96 97 84 70 87 67 81 60 97 93 72 90 72 83 84 98 81 80 90 70 85 60 84 74 72 72 78 74 69 79 66
0.8377487808233544 161.1084596862184 915 136 112 104 137 101 130 126 130 122 116 112 102 138 126 110 115 102 102 124 136 126 112 106 118 105 137 107 113 117 125 131 113 110 107 138 132 103 121 121 128 100 122 109 139 103 126 108 105 124 108
1767.5443859008708 0.9455908297012554
2521.993854564804 1.0491247166711795
3697.437296684495 0.8304255066489541
2678.8107269063075 0.8298112397601412
4225.980582164888 1.0620176131535755
2819.5089320023385 0.9111369474660554
1108.9213080317732 1.1634001953218551
2787.1210774363776 0.8684585767490063
2876.26213537229 1.0831753546514085
3723.8394971821253 1.1208890469307402
2535.590340158935 0.8936537944253808
2980.3763537131854 1.1102942723851055
3088.529118373712 0.8438768315364095
2390.5438941194093 1.0431180398345323
2665.4425480087275 1.1012899130994327
3061.8196116913427 1.0761872489018418
2506.25953267966 0.9233378886917123
2447.7463248632007 1.0273773369408024
3448.511525320928 1.1683800126756476
2396.835310653546 1.1273397864093873
3121.493466281291 1.03209331857275
1748.581974425825 0.9656033573673117
2929.3802144046003 1.0599866185834885
2171.8594862256673 1.1920010509097112
3570.538616572153 0.9627345443041799
2485.3114220661773 0.9442996899507112
3109.432014485486 1.1597497639337628
2880.0215728037288 0.9615865609724119
2582.85134981015 1.1761551005795972
2557.1636435052483 1.0761834085201665
3980.5688316656688 1.1706610006460885
2175.3653115810803 0.8531720136404761
1953.413018153124 1.0384113620125437
2261.420380469293 1.0293126617275568
2808.815863088967 1.086653826215695
3068.943461586482 0.808947508259424
3332.1565171635143 1.1456800008363222
2447.3502769084785 1.197174621259065
3262.0893377423713 0.9472327732854721
3062.7885334670254 1.0172042332097526
2461.3761673836493 1.1977525504935722
3096.831158590171 1.1266108952955451
1637.4827257260354 1.1497826134650204
3223.216323440708 0.9787438788099456
2243.786788338521 1.1694132949259606
3442.5181976161525 0.8467756220490913
1923.524599053941 1.0624948759424755
2488.7695512808473 1.106619628635494
2772.5037311204896 0.8462079522771639
2312.6157248413424 0.8182583564416054
