3 50
0.8926700945506922 175.6090527759224 500 86 99 86 99 71 77 66 65 83 67 98 98 89 94 79 78 82 84 86 60 66 77 78 68 92 72 95 63 70 92 73 85 89 62 71 92 85 90 84 63 64 73 70 67 66 60 99 68 88 66
0.8577331298441212 145.3051094021542 617 130 121 130 131 120 101 103 127 137 122 104 121 138 114 126 127 116 116 123 136 139 119 128 132 118 110 122 128 111 121 130 132 126 129 102 117 139 127 104 104 114 137 113 130 139 109 139 103 118 135
0.8541187924713896 150.9842861877549 997 61 89 73 61 90 73 78 66 63 86 72 75 85 65 71 91 73 68 86 96 87 75 89 64 92 80 77 86 75 88 82 66 80 68 87 72 72 87 60 78 84 65 98 84 85 84 98 95 82 66
1998.3880361148235 0.9982982355635757
2829.2874145689684 0.8739772118769925
2713.825341590372 0.910829763050729
3800.108523655702 1.1306808166553344
3037.79106854053 0.9895212567030118
3708.7594081058446 1.1182966082364756
2327.4517323355985 1.0410243973214168
2588.598957057237 0.8049163386304882
3434.4814971043625 1.0868012421180033
1599.5754195888774 1.0142846166547426
3086.45926608456 0.9970831574968623
3121.356531426966 0.8407822502901579
4860.770875827946 0.9842416400036366
2630.6517720733664 0.8895576849264744
2944.7418737866656 1.0908899223039519
3371.22617798347 1.0615979823501702
4162.758715827859 1.150712358473667
2732.3830808548587 1.1533273240179076
2972.3239725210933 1.07961160178023
2186.3053490253205 1.1590860454324154
2512.1890848744333 1.080674479775365
2228.6349852449794 0.9677849404308171
3296.2681803674795 1.1165230652428004
2229.391122451833 1.1965204533501255
3066.431079644463 0.8147158639467543
1805.9316364499432 0.9418337073022955
1897.202415199013 1.1606852570045891
2906.898870594549 0.9806671317578669
4217.0961966647865 0.952154280327804
3127.699123212684 0.825842471007826
2099.089883628203 1.1261110091270932
2635.5238449880685 0.8432518865883672
3017.3824364952316 1.0910490240032726
1967.1342648371365 0.8807432918497041
3732.0307386322866 0.9890177418381891
2537.7700991161287 0.8313826100434671
3805.5250151309288 1.0022341477498282
3825.6469325911 1.05977143534447
4375.868153715508 0.8566482897387346
2193.4031286562845 1.0913134669354305
4139.806112925078 0.810375848582888
4058.5844444449826 1.0298151139065566
2915.257094186104 1.0261070646190293
2302.967165065794 0.8942172857124044
1968.913065088064 1.1049231218395992
2376.7429936107233 1.124115952128706
2414.1684518306897 1.0614737942709738
3102.4063829808233 0.8323631320138942
2132.291153626891 1.1442663486567262
2997.382695443581 0.8170575136248466
