3 50
0.8256071316953614 145.10915831803493 564 120 125 113 124 115 118 109 137 115 137 128 115 103 129 107 139 118 135 133 139 108 138 124 132 132 122 134 127 127 109 123 110 125 122 133 117 104 109 106 115 116 136 118 124 101 119 109 129 101 114
0.8228308427936417 136.68234475346222 790 84 81 95 92 73 82 89 90 82 80 94 71 61 70 85 78 91 99 60 91 88 76 89 83 63 60 72 82 99 82 87 82 90 84 75 95 66 81 94 75 76 82 89 90 74 96 74 69 94 82
0.8758434255147527 155.64949636648237 917 86 90 85 97 83 97 89 61 91 90 87 78 87 66 87 87 81 87 99 69 78 89 92 79 73 64 96 65 81 75 62 78 82 67 75 83 85 95 63 81 75 75 98 65 83 63 66 61 79 95
2385.4669577748496 0.9822952584470084
4200.78269407883 0.8904145274924095
2124.932971006552 0.8386164442044328
3483.2774939372293 0.8285369586483196
3261.279482253396 1.101695585142513
3984.5955397472035 1.0155982500154361
2346.65405696907 0.8383250525641546
3060.7047456363503 0.9145698173317011
3246.370903172474 1.1467973537273015
3524.5589620779183 0.9627161313949898
2905.8651342786006 1.0952448757527224
3729.7862349240586 0.8532823495782977
2995.4101100155194 1.1274074920948929
3473.41050964084 0.9481739747784944
3866.004000092381 0.9644107718564665
817.1007079580795 1.0109319535458061
3545.534078240879 0.9105313282924091
2812.1027682895233 0.8204627916424029
3315.4625950371014 0.8667283895434392
3565.1243897975405 1.0141788334830535
3882.8506489377437 0.8719382305372337
2381.119763293103 1.0002460464635643
2067.315281706212 0.9127607903628608
3488.625313454421 1.1489460047986588
4179.006588170395 0.9832165969734143
3514.064854628578 0.9606269248641035
1905.2858077532467 1.1959592651370123
3064.9787916965734 1.1237853971540515
2236.22526271415 1.172037426073478
2807.0616247722687 1.1288665794970316
3500.2872686594087 0.9359224771138315
2493.5346369708413 1.0979667334747178
3530.9540320036394 1.0749922439726856
2822.024224905721 1.1732382128212697
1146.8868404192267 1.1927063300378582
3870.965489911151 0.8965713558022604
4469.953289770319 0.9298360903562277
2947.3478849657295 0.9709875016597981
2290.078174545449 1.0453852085698914
2649.0460136167912 0.8787204538365359
4182.391677545719 1.1248250332352456
1616.7856632942467 1.146437562244667
4141.799306620541 1.0436217063693158
3828.044809970029 1.0337629688298853
2480.335794544044 0.9334628172058916
3549.5052280178616 1.1096899358055912
1918.2543987747385 1.1564157290830346
1548.6718953627126 1.0302191880133555
2944.2294036730686 0.8419963036140089
2175.5560756818886 1.1419496267555767
