3 50
0.8698279606814943 146.26608249495615 553 67 78 61 75 73 83 65 73 84 71 99 89 60 62 66 90 88 77 82 84 96 73 67 73 95 98 76 87 91 87 71 81 89 60 72 78 92 65 99 62 90 88 71 76 75 66 87 79 85 97
0.8636347392869242 157.77397285347965 634 111 109 134 103 106 139 114 128 106 109 119 107 102 109 113 131 134 106 114 138 111 139 113 100 134 133 133 116 111 128 134 132 113 137 102 137 138 110 139 116 101 128 103 129 125 105 122 100 131 103
0.8153843384853482 178.08826578426977 723 67 83 82 85 71 88 97 69 79 76 72 90 81 72 74 78 88 63 92 77 61 85 95 92 77 88 91 95 78 75 86 74 73 97 60 65 70 61 74 88 62 97 93 66 64 75 80 63 86 71
3806.081008499329 0.9415259931855429
2743.319698571108 1.174401731812569
3363.6225547472854 1.1027052597888378
2348.7744203749994 0.8525613893990207
3241.5552274057995 1.0161782734685714
3632.565125742902 1.1804641066592112
3335.0022007048156 1.0158070285817906
3085.2505946450715 0.9152439827834462
2577.218863650479 1.1313629744594036
3114.509966484958 1.019382019528876
3022.90625432613 1.042790792385504
2639.328324078182 0.9669595096750014
2198.313604173053 1.1437770292136684
2388.0346250815296 1.0156088903312885
3898.472733236358 0.9751059297671478
2472.582840432728 1.1880314074128733
2684.332648076405 0.8106407564863233
2552.4790953735833 1.1046505181100323
1243.8480583496691 0.9199273445374717
3702.8126684819763 0.8700461978479179
1697.619759814652 1.0517286453718229
2651.732125124105 1.0514217305813751
2893.3788259241514 0.885795073205956
2765.4527784085853 1.1079824067017305
2292.8978528629996 1.0395645714485675
1952.997182318495 1.0208146217657033
3326.488632160035 0.9306289649664954
2442.936481106377 0.9005717195193716
2673.463709205961 1.091813703060617
1079.65377126927 0.8564263334817683
2093.251816626474 0.9967413764850205
3394.0220953199114 0.8602532097774558
3091.639594344464 0.8879839474559725
1745.6605454776188 0.978803805298203
2378.9273778940988 0.9680653753438792
3843.5733251852434 1.1190780187821892
2810.481232318685 1.0186015247498668
3367.932078767314 1.0381219198486447
2329.128987214059 0.9933089167961613
3565.238207655599 0.8413673623970169
2887.7393300390395 0.9250232509298981
3794.3897037396273 0.9182483070744528
2972.5175045250076 1.1960968076645297
2769.2798875394683 0.9717989481575436
1982.3623795620133 1.1977422736900372
3034.2185879519197 1.1229825483178093
3547.43700816007 1.033032620216774
2656.3663949488814 0.9008331387230183
2878.162774174612 0.8953534185940972
3200.453916961931 0.9328826541439149
