3 50
0.8777834143064928 140.3836792481051 716 122 105 110 123 122 132 135 124 106 117 111 139 121 138 105 100 107 135 134 102 137 108 123 126 136 135 103 110 112 136 116 101 103 130 129 102 137 104 122 135 117 104 106 130 115 104 122 107 136 118
0.8680592245595656 160.9394798025882 794 89 60 85 60 92 77 86 96 68 60 66 90 73 83 87 81 81 67 84 95 79 65 85 62 65 66 70 83 77 82 64 92 67 77 66 81 71 97 99 84 89 99 62 97 88 88 70 91 96 98
0.8464237235847485 144.04157075602868 870 66 65 90 84 67 91 71 60 80 62 63 93 85 84 72 92 98 85 86 87 76 64 62 93 60 94 71 72 75 67 93 71 66 81 80 78 77 73 65 80 67 78 94 73 94 74 67 88 87 72
4339.452735211573 1.0501712174688906
1418.4988529697657 0.9745785909740702
3217.1218454288824 0.8745638499568756
1506.2291869690441 0.9522321771546916
4349.48042148742 0.8074706314059317
3066.7903934760834 0.8262845772383959
2396.5335230149053 1.1363222183127366
2391.8056839005258 1.1605222111615816
3475.3586049746145 0.8488704015349009
4186.709037022144 0.9298518724311968
2094.8877145936303 0.858244646219097
2592.7406041144013 1.1805367813496725
3045.3531385592637 0.8082663275488353
3687.609625810445 0.8106877903362179
2354.465246101216 1.0339487942547176
4315.207391514537 0.9724564939024565
2911.1431263770287 1.152428978972969
2900.6614034586605 0.8889802265100625
3534.00159597019 1.1366896277819816
2575.8940655504884 1.099416999774058
1835.1791756654966 0.9583873279589064
3589.815307889272 0.9608622815672581
3978.696232401646 0.9579181942689331
3666.681027811475 1.1931823821070386
5160.246503133005 0.8379015826591995
4518.2399160997 1.156227299950641
3314.5455450890186 1.1627032934640469
3412.1516020045206 0.9781376263631465
2029.7780660785158 0.8031762187524973
3129.902944888846 1.1344242049793323
3089.352360943384 1.1459819824679056
3003.0473932443037 0.9585395050671259
1639.4432672552728 0.8161720726060537
2574.6058755725603 1.0251977686536664
4305.092381562458 0.9262501185005205
3764.914526069421 0.9373815491029003
4011.429979258936 1.0560982539828816
2559.2129310782016 1.1511499823114604
3108.327018711037 1.0190349685802338
4265.493722529399 0.9699840080791966
2676.9300966983888 1.1158080302865327
3955.5500282566845 0.9911111739970353
4054.456912892863 0.9058092335814802
4266.852426303477 1.1440445297980082
5040.856621525593 1.1007990743906368
3659.948943949592 0.8075019244092725
3227.099107746517 0.8689870833505312
3468.662703198836 0.8904109789838617
4103.48821317887 0.8663920754598768
3735.720075739124 1.0445685418502566
