3 50
0.8358982523314191 172.40305880291555 500 89 92 62 86 71 98 67 78 86 72 80 91 65 99 93 81 92 98 70 85 81 92 61 89 69 85 93 73 77 66 61 73 62 85 75 63 74 78 70 98 83 79 75 61 84 66 64 98 86 79
0.8767008560039631 145.571695286138 518 92 86 69 97 89 61 95 95 87 80 99 60 94 89 95 80 74 75 78 85 97 79 71 91 94 62 66 76 66 97 61 74 66 98 80 64 88 97 73 61 61 82 81 86 80 63 76 76 78 82
0.8866801923757204 165.55076830067202 979 112 138 107 130 106 102 100 101 127 103 111 119 101 108 110 127 106 123 121 120 136 120 137 108 129 112 106 136 112 102 114 120 111 121 134 105 112 128 119 117 138 130 138 102 123 118 122 113 123 101
3363.336086315741 0.8751195898862947
2932.226510813361 1.1665172571686466
1524.8515579167165 0.9007842494581532
3408.949385776928 0.9945369776465127
2422.505462474095 0.8737781734672905
2876.811360068979 0.9981882305180527
3178.6962158505644 0.8501992785828143
2826.1570773036606 0.8592567352854301
1264.5088488539734 0.9733665709997622
1699.20150446985 1.0528709183834242
3583.6894179434394 0.966698331593325
2410.3175891905316 0.9627203829569724
1930.9014282547478 1.0574530137483982
2538.339271157021 0.9033211222086706
2249.7256581207253 0.9453613559729781
2479.386585660228 0.8034456048693487
3030.340905998437 1.1525146246364664
2833.203014697529 1.0181223813343379
2606.5201874487866 0.8822196104585353
1228.6875987260926 1.085175559750793
1559.6734002070239 0.9594585987699954
2825.6587155524217 0.9299181505875616
1934.516681791084 0.8490255529477058
2732.086854250035 0.9824402550467798
2314.9883760841094 0.827118260045281
2765.8005686617544 1.1240713148292236
2462.5038965981307 1.1634283794989106
2671.345254001091 0.8939742020813881
2921.969432563207 1.1812111047099247
3604.530667063854 1.0735088491302303
2529.6064534141083 0.9632723458011959
3815.1690087252496 0.9727002455470233
1726.2695582030112 1.0570889352747947
2088.0285140644014 1.080046406206289
3469.3916862960796 0.9071172566000028
2922.3985376881633 1.0495276787955894
1850.9622161953143 1.1701739304221523
2605.8168103778094 0.95076588521809
2515.3672068695 0.8944719136440394
3813.937908394692 0.98420132503201
2855.836032576152 0.8351737299467782
2753.7425859094556 0.8680897341777383
1848.635170891587 1.1451328108841785
2716.9864661912525 0.9984242334629836
2014.5820540577636 0.8459902410959059
2051.9907232859514 1.0863845005693495
1741.4119674627411 0.8065885115933376
3315.853663643733 1.1053908621877246
1744.1203471513377 0.8158951146047719
2075.214983030288 0.8270052563476059
