3 50
0.8246938179835557 160.65045088130304 692 117 131 110 133 119 118 118 107 119 109 119 133 130 119 130 111 112 117 104 127 110 112 134 100 121 114 120 110 111 125 136 111 126 102 125 102 108 136 125 133 110 112 114 119 134 113 134 116 118 126
0.8342818804121005 138.73558731443728 720 97 65 64 93 69 66 99 87 88 63 84 93 96 96 86 72 62 64 98 65 68 79 82 71 93 82 75 64 70 81 97 89 81 76 93 62 73 62 85 78 81 84 63 94 60 61 79 80 99 90
0.835524798601726 158.88177964558713 912 63 94 86 73 60 88 83 88 94 68 91 94 87 85 75 98 60 83 64 74 64 97 64 61 92 82 73 61 97 86 77 82 74 62 90 99 84 82 89 71 80 79 92 64 75 97 87 71 71 69
2940.083957959956 0.9615002174437649
3283.5542415293007 1.1312595467649778
3859.901288636577 0.8691536257818886
2501.2976861449706 1.1627721834781963
3028.2711897792087 1.0887298821691325
3053.5787976786996 1.0484465380253416
4210.956647469338 0.9497756442750889
2988.979922957478 0.859703732489162
3096.1987690497604 0.8794902392553836
2711.174595826427 0.8321926406822614
3398.6114911597583 1.0442662988468134
3279.4057289674392 1.0672352030659118
3366.9389463617626 1.1878259522621102
2703.5466921693464 1.0016062340527883
4335.630554008847 1.155556234415862
3820.005780789573 1.098166442117602
3485.7386779279864 1.1455375576011484
3833.9086504677975 0.9742502560390536
2142.0857727660696 0.8815554940250203
3213.541487667016 0.8331593888068205
3551.2328712391554 0.949541533680428
4348.5735758100545 0.8979431757554575
4026.1151488488586 0.8901349404450585
3739.1850103157185 0.8337688590664004
4640.628873738373 0.8061934164670519
2107.7527484162583 0.8616213417810348
2241.307422913939 1.0590792424681557
2016.1854372894375 0.8196669536543008
3610.5791063425904 1.1214506204538723
4343.3969845165775 1.1671087124885107
2934.350678476225 0.8484381023949027
3331.128921310632 0.8001000006484205
3660.144513852531 1.1634624068240678
3354.2356155269995 0.9419340265643654
3822.855932956335 1.1257634776736172
3825.6931974845775 1.0622158214984943
2839.2043724160544 1.164259196777665
3168.8882331025097 1.0939189065622685
4368.062674995828 0.883921837653896
2440.465937142012 0.9513519670818409
2406.825726498102 1.0180434598263326
1758.2065220361908 1.148513148243002
3548.206169045348 1.0528968373534229
4206.777467952608 0.8370918443045812
3890.584584028339 1.1971440272397444
3524.3424963870602 0.8166753124018009
2642.286142518649 0.9476898676700184
2475.121131775395 0.9247368149309627
3645.774097959971 1.0154549791605485
4234.544058699629 1.1984783277591455
