3 50
0.8118569690812354 126.34649344034064 566 137 127 102 102 102 100 116 120 121 109 114 104 138 107 111 138 108 109 121 107 112 109 132 116 104 122 118 130 109 124 104 138 104 108 108 114 110 112 134 106 115 128 102 129 103 125 132 128 132 101
0.8784901692076081 148.9384555060934 702 98 72 62 91 98 63 66 79 73 60 98 61 93 89 65 61 85 61 68 86 65 99 64 99 83 82 90 69 99 97 76 97 79 95 75 87 71 83 74 60 87 73 82 64 93 63 66 68 73 65
0.8655629133395711 126.21449282392092 706 64 86 64 73 68 74 97 65 99 79 80 98 68 82 97 67 88 72 77 67 99 78 66 60 67 97 76 84 89 92 72 63 98 60 77 93 96 68 97 64 70 80 78 83 70 95 82 77 62 70
3390.176531928035 1.0764031089064292
3297.7187536077727 1.0454774409491647
4551.118093209207 0.9437509821809926
4728.3798388411005 1.1866370952908292
3365.0595522639915 1.1723577083884726
3128.342885028299 1.1578763516438442
2602.4420618635204 0.8932736026068092
2339.0892485099826 0.9862172026887495
5245.077825478411 1.0594698802446776
3984.1022195406426 1.054480069310264
2704.135731220909 1.0512534135940137
3031.8821640225365 1.0720058698527657
3735.7712929656527 0.8497722810485304
2414.9288314737973 0.8115216934393048
3830.956638466518 0.9892897729915074
4090.983833626744 1.04322421066137
4055.08665733807 0.8013302425324997
2303.7991531029393 0.8745062887011844
2514.7493237759127 0.8326108158143397
1765.30811493615 0.9383223738015203
2967.690987827955 1.1402142087724316
3459.7185008734114 0.8037701563673595
2979.069632043746 0.9781568359560311
4029.625576075073 0.8558733114831614
4522.320399223943 1.1073382379121286
2866.5616457735287 1.187005362477759
2578.757265005123 1.1627240572163218
3141.8346061861394 1.1164814058389816
2783.153545833148 0.8296451550826076
1579.9187999049998 1.129752508669728
3478.614972052864 1.167074350572529
2383.177031086152 1.084550242013283
4609.7753421791185 1.1206599257626932
3213.496624048559 1.1723000853292442
3609.5018052346436 1.0271350891841449
3392.448618444126 0.8227816802270034
4847.0910117990215 0.9976983996164404
3515.7145794328576 0.8993897145768817
4092.5665290385296 1.1047449483356704
1442.3965373464189 0.9422643619189542
3175.256591504904 0.9864786923312738
2083.057847338082 0.8561892006353784
2678.9456911259485 1.1103926067636254
4111.041451057717 0.840945660283143
3772.8106527704927 0.9895862699253775
3697.535579365286 0.9443876096041414
3962.842795912587 0.9054651484872943
3918.5600780870554 0.9621635073475678
2566.8138061103464 1.0369043542566603
3025.5790107331813 0.8851450008909116
