3 50
0.8957991079450058 146.4513083168424 513 127 122 128 117 120 130 123 138 114 112 134 107 119 125 129 103 129 124 116 105 130 134 114 112 102 116 102 125 132 127 102 129 131 135 139 133 107 119 110 113 139 122 127 137 114 135 116 125 105 116
0.8680355676826828 125.16281605336502 794 89 71 76 79 94 66 65 98 63 96 92 63 68 94 80 67 79 76 76 88 80 85 90 97 77 71 92 71 94 66 91 62 88 62 93 61 83 70 67 92 73 62 77 96 61 81 70 84 99 84
0.8260408733470911 153.65086452420744 965 86 81 99 76 97 75 70 61 99 77 60 68 71 88 87 76 66 91 91 86 78 62 83 87 68 86 71 88 72 98 93 66 99 88 74 98 64 82 63 97 73 62 78 70 64 60 91 60 65 63
3281.069300983749 0.8691129631788221
3687.485922143133 1.060371209586689
3028.8269800672433 0.9173460338953692
2777.2641355988185 0.9286044439468298
2182.3927278539486 1.093237249297506
2510.427521677423 0.9997994291047048
5364.7828905954 1.026436642670254
1937.0824257583502 0.844360509540974
2626.3723677590356 1.1868223446133153
3212.5062105675697 1.0311251393687382
2107.58499101214 0.8270432958481936
4837.028934810883 1.1683896447609856
2228.1660599834568 0.8895891751319306
2591.056775209843 1.1641291750554819
3872.890983266231 1.137320073831297
3033.204308698832 0.9808464200534294
3534.7974164566626 0.9037355710655001
2494.191141904416 1.1651809088196454
2653.8423021346116 1.0160417007119227
4740.9230361732525 1.044895330841355
1753.2994986472104 0.933342933449092
3326.562974456886 0.9275580919142505
4174.2140277211965 1.1277091614642079
4228.1350388933915 1.05973022684319
4581.421013802037 0.8269910195972718
2099.524426527075 0.9665198064641654
3381.1638201984315 0.821706658966197
2549.44627138643 0.9257424591718942
3741.400294088446 0.8814586281159222
4424.029631353148 1.186643707613186
4141.8478478982925 0.8763564869403011
3205.5928610382825 0.8897213011627323
3332.8150136167274 1.0793669564359978
3669.9870128316907 0.9990355298102718
3359.9917874415946 0.9566576919221358
2513.122039070842 0.9503453616683761
4149.56719312346 0.9997811383103927
3863.6609533311057 1.1558671648445995
2783.8013816207645 0.9617776560913597
4398.615974726637 1.0761097123620822
2665.614752415098 1.1734402635781054
2947.953830122121 0.9279764418836317
3930.249805881618 0.9091818051595385
3584.3149247934266 0.8523055487311615
4375.6699138611375 0.8807290055602831
4204.277147295206 0.9654350265758667
2992.2160927957525 1.1737445718461272
3465.5490907975127 0.8009283144949756
2654.192685717464 0.9851608035040766
2012.6541414565002 0.8745851354118007
