3 50
0.8864451776599115 154.18563821712283 611 98 74 62 91 99 82 79 97 86 77 66 76 68 79 70 63 71 96 74 80 96 84 70 89 62 79 72 86 62 72 92 92 82 72 87 81 97 62 95 80 94 92 97 95 95 61 98 66 75 71
0.8509001971873973 136.38868243903875 775 105 103 111 109 126 109 138 129 119 138 118 120 110 101 134 102 110 109 124 112 126 114 103 109 109 111 131 119 107 104 105 113 113 124 134 117 118 104 136 128 127 137 119 113 117 101 112 115 132 134
0.883082461194278 177.175484400773 783 93 63 86 92 66 77 98 97 75 95 83 91 99 86 88 93 71 99 69 83 68 79 97 73 76 64 74 88 87 67 94 85 96 73 89 99 85 89 75 84 93 60 75 91 87 65 97 71 73 67
1584.8598015169543 0.9838691835515385
3206.90381749567 1.0467130169528411
3355.095469120122 1.1845482528384876
2432.570791853956 0.89445675832708
1938.0298432469813 0.9886350211685967
2338.342994120224 0.9321201493162805
2242.4461080124283 0.9717390073991273
3338.19488217937 0.9955266663151274
2271.217596965735 0.9707943140382775
2562.6282788866038 1.197806522869395
2306.782891681306 0.883212833130429
4941.267948652368 0.8879227884634763
3547.022354643531 1.1729598273129498
3276.79759369846 1.0092792364788605
2208.192157700354 1.1541741834979828
1222.5105123958283 0.8771733627780005
2400.2135025536345 0.9088769769201747
3282.6281148406797 1.1792510907229328
2489.795484804427 1.0836618931287583
1735.3006231956483 1.0912555490008629
4163.538372777019 1.0684476068141269
3011.2478734423603 0.8892046758058822
2703.046899652223 1.1800126295676365
2476.400934775383 0.8555294256068738
1112.7063020871967 1.139010841315387
2620.290733787209 1.160783754666129
3266.211240760019 1.045076229241791
2713.237230127492 1.1951049204443072
3682.608848538864 1.1253713709318827
3842.08916841588 1.15473227297822
3241.02083850554 1.0610292712267588
2378.1553516431927 0.9623650721083917
3412.5205309136386 1.1591178884862194
3749.587759081165 1.1743125552665945
3391.3645833413993 0.8993024871355002
2976.75732267874 0.9360967145972532
3298.643441381764 0.9462155115482169
3467.5713490524618 0.8692964611024672
3924.061833164701 0.8760036036257052
2518.7998928730494 0.9170918439480877
3521.0745242404687 1.187000924455876
3643.088936339985 1.1816201904079544
3000.0365995926454 1.0911899897073334
3538.361338632596 1.122247920159669
1794.8028666262148 0.9381245085702635
2682.473781876807 1.1887275804205335
3158.9531139429305 0.8796359423232022
3557.2516224244364 1.079400197377625
2592.906979576725 1.1891412039676799
3289.931024658462 1.0131803790275224
