3 50
0.8580160000620676 158.73096001148892 572 69 63 84 89 61 89 88 95 87 91 92 76 61 88 67 91 83 76 92 74 90 98 67 90 72 62 83 86 86 63 76 90 63 90 74 61 82 98 65 73 63 60 80 64 91 77 87 75 72 90
0.8091773303480698 158.56948318887464 617 71 73 98 79 81 92 88 61 81 65 98 96 81 71 61 79 88 80 94 68 68 72 86 85 89 81 63 81 96 91 85 75 80 68 82 76 88 96 91 60 75 88 73 77 89 65 99 71 82 62
0.8365795524616054 161.8662414644217 707 106 136 101 107 139 115 137 112 123 114 112 106 127 123 100 103 125 105 137 122 105 119 109 128 115 116 110 133 125 112 130 113 108 124 120 132 114 101 113 134 114 121 139 104 100 114 133 123 111 121
2326.613803181627 1.1886410052371819
1871.0805712140793 1.0814786154531797
2911.4647784259782 0.895682248814098
2846.2099523905526 0.8901787586714441
2189.882008219554 1.1804624195924727
2614.724332279551 1.1898458243842764
2260.573069840467 1.0300541954006859
3117.2467254436833 0.9627380611215276
2545.294819546869 1.1397526842015429
1613.716004918552 1.1902338570043764
3069.4738280272795 0.8679410887159963
3633.5835062829733 1.0992330530004772
2930.6015713127545 0.8130093644452122
2559.816514212567 1.0683897669837694
3612.167889987388 1.183507831997947
3279.1731328725336 1.1401624650675153
2381.992613164254 0.8820993158251271
3394.297481629077 1.1604197026686138
3385.8632634001247 1.0893537417399455
1915.0882590082274 1.1571850060377555
2606.431732922239 0.857834451606845
1224.9267856143574 0.9241364292025881
2099.1380829902105 1.0670794415786662
2224.2554450075295 1.1023760574338528
2633.658431277806 0.8745660800355558
2234.438824786612 0.995956431050383
2429.1076141102235 0.8815495218497608
2596.3350760217677 0.9039356710667588
2067.1792647846687 1.000371022309609
2465.2602825352133 1.0980896868307768
3710.93835301117 1.0128050987412052
2310.014822142516 0.8628232612726396
2233.5491730288195 1.0547301178528448
1710.906383764078 1.1186605490983323
2533.778455858567 1.0898569127732647
2591.1891812861263 1.0105369748927282
1628.273582815956 0.9176526121441908
2144.032250418155 1.1484443951931056
2633.7111107509827 1.1901214104593647
2514.4696200397634 0.9205234974202694
3325.1080787936316 0.9681650219021835
3566.364209319522 1.0378830372933796
1979.578298760524 0.9915830326371695
3441.7009165748455 1.0118016183799063
3083.7736484836314 0.968909883686996
1829.6575501928446 1.1401259027497317
3023.3488508784844 0.9298749950247409
2993.499735763951 1.1441543763844182
2224.965508728533 1.05095890314541
2695.0607809783655 1.1158525988058237
