3 50
0.8302664269452419 132.28632743441364 574 134 118 135 109 128 123 111 123 108 125 127 116 138 129 112 111 104 120 117 129 103 132 125 136 132 129 100 104 119 132 104 135 126 106 106 111 104 107 130 129 102 117 118 139 137 114 123 131 105 119
0.8816076838923615 120.14064118098807 703 66 81 86 65 65 78 84 60 73 60 89 67 82 61 77 63 78 95 75 68 97 64 80 94 62 61 78 82 99 81 64 71 87 92 75 63 65 99 70 76 65 72 78 62 79 75 84 81 87 89
0.821432530605251 161.22983627636873 941 78 98 82 81 65 84 72 69 92 89 72 82 63 80 68 77 96 68 76 77 87 99 73 90 79 82 62 73 76 80 71 74 63 98 64 78 85 98 76 95 71 82 72 93 71 77 72 75 66 60
3892.238597574837 1.1290032236318552
3529.377386363325 0.9252903842628203
2268.9124788225777 1.026966144799319
2594.659252934935 0.9873291114401412
3598.520161241499 1.0425059024893093
2404.938358656871 0.9979806425341233
2348.8022685126434 0.9484116180427977
3564.823974314122 0.9405628937624746
3805.3337447356807 0.8360112617199312
2464.62331050159 0.897901176921646
3700.5579533629148 0.9184747475846641
2609.2835695952513 1.0579813531478803
3476.389402834469 1.0880852409318869
1773.9153324765828 1.0886940748580072
4947.840129822858 1.1555291030657087
3304.5741635070685 0.9831705645093898
3152.956843016211 0.9318197381527137
3299.0591247168377 0.9996755118531532
2340.0329051651556 0.9329816628647881
2971.5924711154876 0.9194015437640224
2196.9430332950897 0.9079257062328847
2180.253657800108 1.1329702142675313
3754.4186598211045 0.9426360654859985
3155.9987710945184 0.8635692196704509
3118.940295079745 0.9186118453040484
4463.469260242199 1.0858666535174346
3419.2667750530472 1.1570359757174742
3559.7396222389125 1.1985044645242824
2087.352371135078 0.9233143363242037
2641.760650507943 1.0495069926654101
3695.817343932083 1.0451109844897457
3757.7101699069017 0.9695498365410932
1938.113480832408 0.9618940617689751
3468.543492744177 1.1081161708617155
3180.083308315196 0.9122617520776426
3195.7307472717325 1.149967342181702
3804.4780626459365 0.9510150932515706
1942.2514114250673 0.9961789539673738
3930.1323876718175 0.9903033383650306
3385.9221462924584 1.0335945664444486
2720.4344439638685 1.0381056559446067
5058.503471277841 1.1651320896785926
3901.6798345505217 1.1297399470850193
3064.2629315996674 0.9217896351018037
2804.380611168847 1.123901725398469
4017.8843618495875 1.1191368303769915
3697.4769112524386 0.9900844546614085
4509.2177451948255 0.8662596820537001
3137.5204504757403 1.1357294845093442
3366.4050991589065 0.8643616820829771
