6 50
0.85 174.77798272517813 530 129 130 112 111 119 113 115 123 123 120 115 133 101 101 118 120 138 129 123 134 113 132 108 132 107 104 137 134 129 124 105 116 114 114 100 112 129 136 120 112 124 138 133 108 139 132 106 121 124 128
0.85 127.83301263867187 554 98 68 62 68 88 72 86 93 68 84 74 67 64 80 67 68 79 97 85 94 63 83 63 95 68 95 94 70 61 91 92 99 90 79 96 89 76 72 77 70 91 71 99 82 86 64 93 72 85 85
0.85 168.17680169228547 574 79 70 61 67 67 65 64 76 64 85 91 66 65 61 76 95 92 90 85 81 79 76 68 64 92 97 72 87 65 76 97 98 75 68 77 76 95 66 77 76 72 91 61 75 93 98 84 68 88 69
0.85 132.27411423389836 728 103 113 138 126 136 100 128 118 101 117 124 110 115 132 125 124 111 115 134 137 129 138 109 117 121 120 110 125 123 119 135 139 139 111 129 113 113 114 127 130 105 114 136 105 114 112 110 105 100 104
0.85 146.86979578090688 776 62 68 81 60 95 88 85 90 86 94 63 80 98 98 95 68 83 91 97 77 74 97 62 90 89 71 79 86 66 63 82 71 70 71 98 85 66 62 75 66 63 63 96 70 73 88 98 68 62 94
0.85 134.31121666696328 884 103 124 137 129 123 126 137 122 110 121 102 120 102 115 139 109 132 115 112 122 138 120 109 123 127 126 130 118 116 108 132 125 112 100 121 126 106 115 125 120 126 105 116 125 135 104 107 110 122 139
2910.335189768229 0.9120534083485702
3993.0242146636997 1.0656617100314403
3668.1302075795093 0.9497107206714572
3111.4268786674147 1.0373846389536492
2962.1901160430225 0.8746991091037015
4785.482913102943 0.8355269779135222
4137.651743864311 0.9523468890860819
4019.5445144416904 1.0278838967493225
2160.4244798878044 0.90417835043352
4278.908264380552 0.8508381519815371
4178.306312161156 0.882449273969979
2638.558524174888 1.1926520789186308
3700.701661195548 0.9494737218690906
2629.8622744307195 0.9774442995979834
4284.551286895363 1.1197520537106436
3665.2358784752855 1.02767040232257
2407.706669371854 0.8905557428370275
2535.238040815415 0.974388360132625
1368.7128450005503 1.0270125708855609
2217.2185892447515 0.8275215519488036
4376.040748124566 0.8402357952807524
4427.983727556638 1.1103943858738905
6179.128347825861 1.1684642251533401
6189.831527588254 0.9514725259870669
3399.5980634277867 0.815680197664344
3250.4600885403556 0.9026082125209932
4918.7858776201765 0.8580862322354996
3893.995994088135 0.8470175595248755
3410.0598265760923 0.8182177669119866
5914.3382540301045 0.8850319886885991
2713.070543064289 1.0566584896727789
3304.942662353491 0.8544695219582629
4186.072521542324 1.0536979253354277
3118.0704948386874 0.9860294925005244
2174.542648381698 0.8858059535512138
3958.7009764234713 1.1881373071539842
5696.15939037576 0.9001253774808633
3576.5443085933107 1.1529818120547843
3975.9829490714237 0.9701371154855798
4291.402357366935 1.0473931592403223
4698.844185921599 1.1611381650524426
4453.055297439576 1.140012238103467
3933.753712755517 0.8593665628348434
3153.2752025238215 1.052533025695938
4410.568252922856 0.8967931736517615
3427.5582391920325 0.8535619003860617
4181.876861509071 1.1885210577194276
2604.6790813443768 1.0249772346591226
3964.2593022276524 1.0850759421163816
4492.0397601805325 0.8956780580770205
