6 50
0.85 160.51651675074575 547 124 135 110 114 129 133 138 128 100 127 107 114 124 110 127 130 117 114 111 109 122 113 105 119 136 121 107 100 111 113 109 119 120 106 131 138 106 111 136 136 113 101 111 128 135 108 109 116 135 139
0.85 126.99860973867332 640 67 95 76 62 64 90 74 79 95 72 84 76 62 98 76 60 72 69 71 76 70 75 87 90 72 93 68 60 64 70 75 98 85 69 99 85 95 75 71 86 64 73 89 67 93 65 74 78 76 60
0.85 156.767900599607 684 61 63 92 82 87 69 88 81 81 61 68 87 80 87 91 80 83 78 96 60 62 77 80 62 73 93 66 86 61 87 72 95 72 89 74 77 94 63 76 78 89 66 86 86 69 66 94 66 64 63
0.85 149.2140119360963 698 105 134 134 116 106 102 124 106 138 117 118 113 117 106 139 139 112 131 138 106 116 126 135 112 134 135 128 118 119 122 136 139 122 114 122 108 132 121 116 121 116 112 121 118 106 115 117 113 114 131
0.85 125.13609160567056 805 118 132 128 111 127 109 120 101 129 105 102 130 102 114 135 138 102 132 118 135 128 115 122 100 138 125 104 101 121 139 128 102 138 111 102 132 116 103 109 117 125 101 105 136 132 136 136 127 120 137
0.85 156.43629555315596 973 77 84 65 96 90 64 69 74 71 76 99 97 74 97 67 91 84 61 96 70 93 80 74 83 62 93 90 93 76 97 91 60 84 61 99 84 82 99 68 74 78 75 78 60 80 64 61 63 63 80
5919.221339615462 0.9583821799238958
2141.3814393826906 0.8714306728095271
4895.140475135525 0.8295745953476069
4457.812154798705 0.970392666202235
3649.14937813137 1.1078823967637823
3863.7649419602285 0.8297721252401792
3705.1234086105605 0.8145767844400781
5504.674858642967 1.008251680398934
5410.753669871868 1.1153620734823535
4222.87945742201 1.0464583132472933
4067.7245943318735 0.9004053834949953
3693.179811484148 0.9500535943381878
4730.318872307407 0.9057805108922813
3566.1063903083354 1.0244040137356518
4495.56531206724 0.906759540073364
3017.158262388652 1.050410309943603
2828.232033661193 1.1357075405591515
4056.9659009513803 1.1834427656695725
3932.505973016451 0.9898713782378042
3353.8257925431553 1.052474593670842
4437.071465672917 1.1446816825610702
5830.940512933311 1.1587225605463811
2936.19459808584 0.8114463615893985
3917.3430354838106 1.0906886443804213
3818.8759887461583 1.0537068089806747
2136.192758679367 0.9061214658525424
3335.5238037868726 1.157353635838165
3144.9344365866427 0.9391561820679033
3541.4204188757362 0.8067698740341962
2873.984543391264 1.1869793992614852
4705.57373841522 0.8319985509102534
3987.9814755285474 1.0478273331499597
4185.440723833304 0.9616747673538686
3919.8603607574028 0.9767261115651988
3948.138793942035 1.0098191129340066
2923.0206356079207 1.10944533385807
3834.0996986553378 0.9931923943266135
2793.797356463845 0.9945307411491299
4343.043996451694 1.1731434320230745
5536.603374870859 0.9019976980061833
3915.9824116522605 0.900836943806525
3978.8712369556474 0.8070647453308687
3084.8765239350137 0.9165831261269074
2945.523259404137 0.8473409617736238
3954.4136758195023 1.1761498828663743
4122.185834117677 1.165537802884303
3341.1225102025737 1.0051086371446727
4155.193729180887 1.0881800105035728
2944.285121890807 1.0478942173657402
4139.21821919148 1.1532549676278634
