6 50
0.85 124.06906098129738 503 120 108 101 101 123 110 106 110 128 126 109 103 136 133 132 137 124 118 118 103 116 107 137 100 124 104 123 108 133 106 134 130 118 134 128 128 125 110 117 117 128 105 124 116 110 112 131 123 123 122
0.85 138.37438733839065 653 84 84 62 97 92 79 99 86 92 89 99 85 94 88 92 71 97 86 93 65 81 83 69 81 63 97 82 64 89 82 74 83 73 94 97 68 86 76 91 69 84 73 89 81 99 66 67 66 74 90
0.85 126.47584928686291 802 118 117 136 102 110 134 119 104 139 115 118 117 128 130 126 103 106 125 105 117 109 116 109 130 109 120 126 113 114 112 106 114 106 118 117 136 116 135 115 125 106 136 125 115 109 137 137 115 119 139
0.85 130.15398371635268 920 62 99 73 72 61 92 63 88 91 91 87 74 99 73 85 80 98 72 99 68 67 65 89 79 81 85 86 60 91 62 88 99 80 97 66 97 98 80 94 75 83 72 91 60 62 98 98 79 68 63
0.85 131.49937854624744 964 127 103 105 139 120 131 122 110 132 139 136 113 111 106 113 109 126 121 124 110 135 105 120 132 134 105 125 116 104 114 113 107 120 110 115 123 102 101 124 108 115 139 101 126 134 113 106 117 120 105
0.85 128.3498211128117 994 79 64 66 92 94 65 67 89 62 78 61 93 81 66 73 88 76 77 76 74 95 64 63 61 81 89 68 83 60 86 93 68 62 82 99 72 89 81 73 71 86 93 77 87 66 70 99 96 89 82
3058.682529256846 0.8332485728888498
3816.819919456755 0.9814609201887466
4412.661241287519 1.0697300650038295
3461.1585591257167 0.8941829341766477
2965.861470623783 1.0160750867362793
3142.879334761719 0.8942017368764992
4548.000143240063 1.0981150827244655
3244.485763739102 0.9218155530488734
3586.453545067414 1.1434786904913872
3446.6275909928913 0.9386523666074729
3816.577795657516 1.0625566252928926
3654.0320994766284 1.0410075039937565
3524.6714562319307 0.907353716603786
2483.2232981186116 0.987526270066345
3683.3424758590913 1.140514364628288
4360.106782926157 0.8301772927654827
4472.589252926346 1.0815708345067376
3058.4075781758384 1.0723194406749261
4755.299060303129 0.8183779586810749
2849.406290556839 0.9691265969196411
4916.495230204995 1.1840886020427193
2672.597467728562 0.9595694527876345
2742.122657641743 0.9772307310576266
4097.411330107096 0.9537300307249769
4752.26388312321 1.0935193487956711
3003.4036633403693 0.8187335264298291
4175.310828606401 0.821684356203412
4286.745218349128 1.1421788563366357
4852.315292169346 0.8459777205553455
3908.2423565073427 1.1635547523560308
6777.307867908317 1.124242986339544
3443.2478400027926 0.8043324655354934
3626.4209496219014 1.1229197430459168
2858.7683798735206 1.0833940130964959
4010.4999022572297 0.8876286463918167
3197.2606189795833 1.138059517519943
4179.143057870238 0.8232567310446919
2316.0977135667918 0.9449720295572727
3813.854761669517 0.8744274051893093
5680.043635979726 1.0241732641559098
3615.9772760018723 1.1538255596749876
2103.771427613133 0.8644591693350722
4685.716278521748 0.8128683613050354
3837.1919769201013 0.9489636996880267
4649.636941828446 0.9427480638830992
4420.999992317274 0.9838036589242267
2806.0111940668594 0.8264791487141154
4938.745941747802 1.0016725881171968
2536.3057762397048 0.9639387785887383
3679.624360672878 1.0283940650743266
