6 50
0.85 149.71950495321195 505 97 65 63 75 78 72 85 78 64 61 94 63 73 69 97 69 83 89 92 69 89 80 63 84 96 88 66 79 80 63 80 95 88 67 84 61 98 65 62 81 75 91 82 71 91 63 98 80 80 63
0.85 137.01565224416197 512 131 134 108 120 125 138 108 105 101 135 109 123 112 128 139 122 120 125 113 117 118 117 137 137 103 129 110 114 120 126 132 108 112 139 135 128 126 134 122 136 135 107 126 110 125 119 128 104 132 115
0.85 161.93281087047905 529 74 81 82 98 70 78 61 67 69 74 99 77 89 91 60 80 87 84 78 93 93 95 77 77 92 85 99 76 81 66 86 99 85 64 96 76 80 88 88 71 75 60 68 74 93 91 60 75 86 66
0.85 143.18946755359002 624 77 79 74 63 71 88 67 90 87 90 94 66 68 79 99 95 91 96 98 86 78 74 86 80 75 71 78 78 60 86 73 67 65 80 71 64 77 73 67 60 63 60 96 99 63 99 90 67 62 77
0.85 137.68972496867005 638 125 116 139 124 110 119 106 116 134 106 114 110 139 112 116 113 105 102 116 119 136 138 107 134 120 114 105 104 138 127 122 111 124 126 110 119 103 137 115 132 108 135 134 134 122 128 130 120 105 132
0.85 179.55068550657413 683 113 132 120 135 129 113 126 108 108 117 115 110 105 130 124 128 104 100 117 115 105 124 100 117 110 118 114 123 128 120 135 124 100 126 103 112 139 133 121 126 138 133 116 112 129 131 115 114 107 131
4383.70228405202 0.8729188420289994
3613.9114675929704 1.1139776020839218
2371.074093747042 1.0914401378066922
1932.0515966198382 1.0784257407477291
3570.2233225230584 0.8670699999473475
3795.9289828730784 1.1373850764464903
2833.704635892167 0.955684699704102
1833.0212409086762 0.9774534866117334
4609.317622562756 0.976814096118034
3286.862126907649 0.9259253388139532
3709.5033605932185 1.134317666340688
5245.513189861807 1.096225375850629
3938.84130241001 0.898219047216965
1980.1194372922214 0.9944712822921334
3676.2348141445414 0.88956720678795
3371.858512369282 0.9670860531927424
4653.410499271728 0.9565148202813324
4058.6517174117876 0.9905987772315887
4474.649377630441 0.8094582840723121
3976.9872359405053 1.0912344429340646
3334.6087090563037 0.9666221209542162
4682.6863966509145 1.0679913393406455
3589.8080401377083 1.1933655051204313
3233.4329846848063 0.8051618815710446
2982.917709278966 1.1737617203322324
3744.848467538598 1.1260707022981313
3594.442902692068 1.089830780627055
4584.117083414347 0.9370232025281295
2653.5910283560515 1.0000158400049226
2505.559182331775 0.8810286229409804
2524.993779112059 0.9076004183329145
5060.090560061483 1.159246427580559
2603.887509768263 1.018036634531551
3150.4794472852436 1.0315668639760318
4926.191851255253 0.9053465680826148
4092.9121778532103 1.060318516587183
4514.7713442221 0.8402044778064744
4877.554656183946 0.8729783912586002
4175.93688411637 0.8298821878959997
3793.614624176497 1.0405413689305643
4983.986258822436 0.8446118057884844
2101.6372277633036 1.1313932684110823
4486.72123939182 0.8870052193031668
3900.3227273204266 0.9360283552088118
4511.394890115042 0.9018001675916437
4773.1450096101835 0.8373137327568526
4287.252933514714 0.9583392148002197
5694.285307393609 0.9939246608679753
2057.1327647502394 1.0683832824238788
4074.128078591409 0.8124101007703565
