6 50
0.85 155.3800852783647 641 90 84 97 93 79 78 87 93 69 72 86 62 71 79 69 92 97 61 96 67 68 80 62 66 92 71 95 67 73 97 90 97 82 88 96 84 89 83 64 94 92 97 95 65 71 69 76 82 80 88
0.85 147.2076168517067 660 106 107 115 123 123 139 125 104 103 116 123 122 103 133 121 113 113 122 135 116 125 129 117 118 129 139 110 110 110 118 124 120 120 137 103 114 139 124 121 125 100 101 112 113 130 139 133 139 116 105
0.85 141.18900905602328 694 103 107 110 133 115 103 100 117 118 105 125 129 119 133 134 136 137 129 121 105 135 104 106 104 121 129 114 134 114 112 117 121 132 107 116 133 112 127 126 108 120 130 136 101 120 100 114 105 120 113
0.85 139.99802276025997 746 93 79 97 69 62 82 87 73 75 99 75 63 87 85 82 69 74 85 80 63 67 73 66 62 85 93 86 75 66 93 95 81 65 69 72 71 81 98 89 70 63 61 79 64 95 80 81 87 94 79
0.85 171.87908353756575 787 74 97 93 66 99 70 88 92 65 86 89 88 64 87 94 82 99 75 88 63 74 82 60 91 81 91 74 89 99 78 77 85 95 89 80 64 76 85 88 74 62 99 98 98 99 64 95 87 61 67
0.85 147.01566022397714 806 121 114 126 111 103 104 106 134 129 139 107 106 102 107 103 137 136 139 117 104 110 106 105 103 101 136 104 137 133 131 136 104 102 120 123 113 120 130 108 138 112 121 101 138 108 102 125 131 119 128
3109.219399276129 1.1910435604449008
3118.2049401658487 1.088233715508973
4438.43195392541 0.8147277545950655
4458.240729436616 1.1214565313968485
4169.304543766565 0.9188090449350759
3571.2475946207674 0.8687039607825208
5705.874277377663 0.9603623106125753
2448.5578528025876 1.1493678758961041
3821.776614910337 0.8920162491281546
3176.6516346065237 0.8182862804506252
4599.132089531093 0.9931191026501688
2759.4360169268202 1.0424537677134718
2557.180686670028 0.9862845326102689
3972.5469177914315 0.8686065603025576
4837.171570833023 1.0822002650414038
2292.1785171434294 0.958992711533285
5238.901954695006 1.0480988395554014
4238.035787101208 0.810762775399657
4513.5138973505045 1.0582341292138486
5039.894278756134 1.0408548315877446
4705.95633615885 1.1067565450656422
3399.1284374130455 0.8442292235407819
3429.415158854173 0.902282257171099
3024.20305618079 0.9704894323613377
3740.8925577497594 0.8818368719816768
3517.304520348281 0.8880572717606616
4462.228813052811 0.9508646131982115
3718.3904553531515 0.8121539346701421
2676.599174885102 0.965568248765321
4695.10281159816 0.8869630690147562
3841.146670699394 0.8299363026978132
3695.9847797286648 1.0830428824614367
2459.762361149083 0.8508630453630531
2631.19206532921 0.9603902051778667
3592.3648644947143 0.9127652351904513
1904.2620363611522 1.164640936542068
4451.78835073048 0.854178678774997
3681.8971634825784 0.8304700859782665
2759.932562989548 0.8842631906455186
4991.914159265319 1.1020215403039073
3748.2654586140716 0.9379853481002912
3718.2992725948247 0.98377340819667
3281.484393038014 1.034260159596356
4117.843844342507 1.0408943894261622
3380.1590470917026 1.1595531388873788
3082.3059888592597 1.1148331881757727
4410.296722265926 1.1117961792718658
2996.5719799471217 1.0090535659037558
5304.135945514594 0.9658276366193776
3760.6071782820527 0.8814652935859223
