6 50
0.85 173.93975676164365 623 74 82 96 76 72 68 66 81 62 72 64 94 95 62 85 70 97 86 69 98 91 78 91 72 68 84 95 82 64 82 65 83 96 75 80 94 81 94 90 73 69 75 90 75 83 60 88 93 80 97
0.85 143.06786721282649 662 107 134 129 103 111 131 107 131 107 135 131 125 122 130 124 113 122 113 118 125 108 102 126 136 101 117 114 125 109 112 134 134 131 120 119 110 116 112 122 107 112 118 120 128 120 126 131 102 109 115
0.85 132.34780518375004 682 136 105 135 125 100 113 111 134 110 122 116 109 136 103 139 113 136 105 119 126 100 136 100 117 137 106 111 111 113 111 107 116 104 137 119 110 106 106 116 109 129 118 113 119 117 136 110 138 128 114
0.85 137.96618252559176 757 126 134 126 138 130 123 111 134 110 105 116 117 117 133 126 134 115 106 102 135 119 117 121 114 129 126 133 116 131 113 123 102 132 127 102 116 124 113 104 127 107 129 118 133 105 122 120 106 117 115
0.85 137.59112895368867 867 91 67 68 75 69 82 99 78 84 69 96 75 84 74 67 65 76 62 81 76 79 81 68 63 89 84 81 99 99 92 85 79 68 68 71 68 74 67 84 91 97 78 74 71 96 87 90 62 81 89
0.85 151.82460372215508 894 86 84 78 91 81 94 93 71 66 65 73 87 72 78 75 76 69 77 86 71 61 91 71 68 69 62 79 64 74 96 92 72 93 67 84 70 78 94 92 67 67 67 69 90 76 77 93 74 87 80
3053.4534884495733 0.8057825484288965
2504.9472201250774 0.9438261301134557
4979.950131956481 0.9143838732382229
3970.8287754192256 0.8116936813943891
4139.276927396779 0.9554383165893123
2235.400109719679 0.9569010592090723
2751.0017436107432 1.071118256308857
2670.3031485404917 0.9354202576013769
4321.520787583266 0.8811335359681847
4074.2946015076836 0.8123791466147472
4680.51325045417 1.0458908141850103
4002.3039383758005 1.061656194062868
3937.5534179131423 0.9369187948460056
3010.690164158082 0.9732961183177447
5412.419603745706 1.0854986668425264
3491.5621635637776 0.8702545386827043
3957.348398665937 0.8994624308006324
1936.926501098391 0.8094243988919694
3990.313749151132 1.0577697278467635
6508.754010465466 1.0648811401370497
3709.4941760280535 0.9976921243893319
3607.2754426943375 1.164847337604088
4607.2474339262935 0.9525280696745683
2303.2222542367667 1.03382718965119
3205.1317839420813 0.9888391153069256
2485.901117864014 0.8264760585104354
3279.379442181902 1.183505846352962
3664.466504959833 0.8209425879697079
2690.3238097265703 1.0588490584809707
3910.1794840710872 0.9891469269317573
3275.473554097725 1.1746680180691862
5144.088958649625 1.1667385077603651
4652.799128207892 1.0919512110680158
5545.792728595633 1.1793599739999658
3394.2351938830175 1.0994538160605238
3711.1293560719746 0.9109277666920071
2426.714552769203 1.1469438302110455
5273.699095521973 0.9773166235653314
2017.662830803768 1.1471769021876643
2042.388087713881 0.8930744696757352
3802.237785590943 0.9139025476915476
3208.506390129664 1.1582387980199678
3333.6019351357368 1.0017399237608824
4489.577481738451 0.8602588001087619
3563.5968005936147 1.1517454829446219
2838.104734371002 1.1604113557317361
3856.322211197172 0.8038632934834141
2922.0388381685107 0.8391909015067416
3953.062307900297 1.045490269729123
3850.2214095999675 1.1596929760105024
