6 50
0.85 167.5634126517734 506 78 62 93 93 98 83 84 94 93 61 84 60 68 89 83 85 61 96 86 94 74 99 62 77 94 88 60 98 63 72 63 62 74 92 68 99 64 68 71 91 74 60 70 83 83 98 78 81 88 74
0.85 127.42247152622464 605 104 137 101 120 123 123 121 127 137 112 133 133 129 132 112 130 105 109 106 119 100 110 125 114 124 112 104 134 128 101 139 130 100 135 128 130 130 137 104 133 108 118 130 109 109 125 136 113 109 102
0.85 146.68641972069705 647 82 87 73 67 82 90 90 73 81 93 86 84 87 68 68 79 80 66 61 90 91 88 77 87 79 93 76 78 80 92 80 97 74 87 93 73 75 79 75 64 68 64 96 89 74 65 78 79 70 97
0.85 163.97000574767168 668 135 127 119 113 106 113 120 125 116 114 137 132 130 102 118 114 125 133 123 138 139 111 110 113 135 134 123 112 106 138 103 139 132 129 117 134 132 132 131 107 106 132 127 132 133 133 104 110 118 118
0.85 126.907120686852 811 75 69 60 78 66 87 81 90 96 89 73 84 93 79 73 91 60 95 90 86 62 74 79 75 80 61 64 92 90 96 91 76 99 81 71 75 63 79 60 90 81 92 80 97 72 72 83 95 75 79
0.85 158.49827094734502 901 134 124 128 105 124 107 131 119 124 128 104 135 119 137 106 101 137 116 117 135 136 129 116 136 109 118 133 107 118 113 109 138 130 121 113 134 128 136 136 124 105 120 109 106 125 139 110 103 133 126
3480.815597831808 0.8416251365272588
5263.69238422743 0.8121442126666388
4583.41458202904 0.9808212348704393
4057.467358792405 0.9204027984603601
1927.489054398133 0.8123189447359944
3266.698011754943 1.0898544271074173
3857.287399960776 0.9485806320964512
3662.2529487758716 1.1154782158353351
4924.459893351008 1.0775641254522348
4182.181707714892 1.150593189620936
4490.2438168964345 0.9945248495807868
4817.253395699965 0.8695570540425506
3659.0483304011404 0.8881632662709599
3156.2217484136468 0.9756136941236031
5084.264872073909 1.0614665932030407
2837.962057797783 1.150983393789059
3719.5558487981884 1.0642145795539084
3130.1471428324558 1.0484067685648242
4486.17882661452 1.1632832695969408
5200.855574442567 0.9971228422005664
3170.716544600953 1.0906247047759363
3032.360685875334 0.8523168413189125
2485.9286498585316 0.9920645148591272
3849.415231536298 1.1540388993498525
3279.509334291062 0.9890206787396391
2842.1607628769643 1.055724767467814
5104.4901464690765 1.0053459141856147
5448.149906242393 1.1722326876889384
2889.4220877854227 1.188702390974964
5215.325208588622 1.0566853108671146
2820.1248348189115 0.8548765595063336
5183.896074444521 0.9202202047636192
3100.9676328341548 0.8830482857920458
2974.507906138546 1.135656887011352
3136.53772619281 0.8730474655440654
4116.1407187478535 0.8740591442131607
2257.966038075717 1.1285376645391911
2125.5719453978736 1.0490828099253777
2999.5413900962612 1.036668622463286
2757.7275171160163 0.8654369402406877
5752.898094575821 0.816536102114136
4674.748241599778 0.8041311599105341
4010.2983895973475 1.0838997746975947
2309.8564605855045 0.8842187035299567
1688.6945834986745 1.1549435382076556
4468.422860025041 0.8799718551217731
3396.7882229504376 0.8923831660258116
2950.4129832968274 1.097255326393574
5263.680405363552 0.9200036667239886
6386.270353414662 0.9133267847601775
