6 50
0.85 149.9944840136448 662 106 108 115 105 111 132 122 116 117 118 120 111 117 111 108 128 124 121 106 116 116 124 121 134 113 101 101 110 110 103 114 136 127 103 108 123 123 136 129 126 119 112 100 118 133 138 116 118 127 131
0.85 132.35578759952926 696 83 66 83 63 61 67 83 63 72 83 70 76 98 73 74 95 60 83 71 76 80 83 81 95 80 64 84 81 81 77 76 84 98 67 88 69 76 62 69 64 86 85 80 67 92 99 87 60 64 91
0.85 160.0977259904721 715 65 99 90 72 79 77 64 66 68 74 96 84 84 65 75 95 97 82 77 89 78 61 92 94 89 64 72 65 92 66 88 74 70 81 64 98 79 77 75 68 94 70 89 97 61 86 97 67 70 88
0.85 171.49399629196986 807 139 112 139 127 116 135 119 114 114 138 127 112 102 106 132 105 105 103 113 120 133 116 112 135 109 129 129 105 122 138 115 111 121 113 131 139 129 113 123 102 125 101 134 110 102 136 127 102 122 135
0.85 158.60750164092926 936 109 139 107 124 106 132 119 110 105 138 103 110 133 110 125 127 118 126 108 103 127 108 114 110 101 112 123 130 127 109 113 100 103 129 123 108 114 105 114 113 127 119 127 108 126 129 129 138 132 113
0.85 155.60495928704572 967 94 73 81 80 99 65 99 89 78 87 72 68 92 73 77 84 99 82 93 76 81 88 60 74 94 69 95 71 97 93 61 99 76 72 75 61 77 70 65 82 81 60 79 77 85 96 64 75 72 82
3509.5721189323554 0.850309616264228
3226.6853356036754 0.924783950367253
4489.567809348913 0.8653479997141659
2230.7720994748843 0.8558496471024949
5700.442395422977 1.1445162151003225
4969.339145482636 0.9308428363095892
5261.136477149508 0.8013948290207251
5689.2743521185475 1.1968806023598042
4898.115389667134 1.1343511422899826
3814.1983535308063 1.0136222636808225
5182.50608218136 0.8101266122597004
1877.5067976430967 1.0603016823135347
3951.4103822915613 1.1753307593510849
1972.5724682357334 1.0974497656921054
5499.248721857348 0.8828418031545525
3888.0138476846914 1.1237784832495008
5582.538798612115 0.9036202038660781
3847.191318435543 0.9396437069203959
1931.5987303854272 0.8820240955309244
4294.178473804272 1.0875993100509531
5551.828733299999 0.9380729899838529
3675.5725541395736 1.0382419751221537
5832.552897674562 0.8313171090643329
3136.6847932903092 1.1105065699028662
3772.153516391067 0.984125815038433
3770.205574034565 1.1405019084902814
3365.9616322669954 1.167195479124121
4215.944345857555 0.9446486734850588
5054.96340616654 1.1813256076449639
3797.2131390073096 0.9762945089303932
3661.7054706852005 1.1653639733897365
2141.3764570785343 1.0866735525111404
3320.8551208267672 1.0699539051204898
4246.061941308477 1.08258165633415
4084.4400015949573 1.091789810087131
4717.932664330797 1.0642161243979258
3534.5656798679333 0.9187521750220032
1759.7910427208249 1.0370012521931526
4246.960679891884 0.9733451704732383
3063.426008798722 1.130868849504276
3878.67702660834 0.8965439273926753
5443.8262753706695 0.9705032200792334
4207.366473512351 0.9649418049633497
6745.996145932124 0.9772836842808676
3971.8335952965376 1.158685359984034
3005.0287162382624 1.0180960796439287
3575.7475230371997 0.8497576786881081
2766.6170386893696 0.8861508331397255
3723.5022060801784 0.8966797061692033
4019.7702451874056 1.0009933226810261
