6 50
0.85 170.6946732373111 596 81 86 81 77 96 84 83 60 87 74 97 64 75 96 86 78 83 61 90 86 80 71 87 72 99 60 93 92 86 90 75 82 70 72 78 84 89 99 87 75 63 82 80 65 72 81 69 98 70 89
0.85 125.2750576536769 630 90 65 78 91 81 63 71 73 63 81 71 60 80 97 67 96 77 61 68 90 75 62 78 80 67 77 90 71 83 91 76 96 79 81 94 62 82 62 67 85 61 86 73 65 69 98 98 97 60 85
0.85 167.89006619235408 698 132 131 133 101 109 112 108 107 122 112 139 126 136 105 117 128 111 135 138 116 122 131 126 138 113 129 102 129 139 124 114 134 136 130 110 100 100 118 119 129 108 105 129 136 105 107 134 127 113 100
0.85 157.4752393189773 790 104 135 129 106 124 138 115 124 121 132 101 124 111 105 115 104 116 136 112 122 132 122 130 110 117 137 112 123 103 118 131 113 102 112 128 112 104 115 107 136 104 127 122 116 133 121 117 126 104 129
0.85 129.12327754516122 841 134 110 101 138 110 111 109 100 128 126 110 112 113 108 118 119 123 113 112 109 138 102 130 107 104 135 129 107 108 132 119 108 138 124 104 130 122 103 109 119 134 121 120 129 101 108 117 133 117 129
0.85 158.2735233252535 847 83 83 89 62 90 93 94 84 63 91 98 91 96 95 77 99 76 87 86 78 93 75 97 89 83 74 69 64 63 76 98 76 64 89 82 79 70 97 89 79 91 75 66 66 76 90 62 74 64 92
3692.936814151401 1.109706707934203
4025.09107019169 0.881413252803869
2989.505103666123 1.0661283732595106
3227.170786851953 0.9824860569500207
4870.983972390233 0.9753042498449285
4645.7547885648255 1.0511604868809323
3424.07694437357 0.9060972578140258
2856.3284149048095 1.1194515273181578
4105.508362597127 0.9283023412581713
2851.2012218101786 1.049490934465135
4173.602852145134 0.9408158713533323
2042.153749853832 1.1859887345831295
3552.9809933116258 1.1715020177861761
3426.0738786673874 1.1100788145927816
3380.5692576916986 0.9896414352824572
2801.2102241698894 0.9778266027738733
2519.791950797639 0.8783826543681391
4012.581993499789 0.9308707755156911
3555.0680668458263 0.8631339627869552
4048.731570861444 0.9683523967792486
2904.9946585825596 1.116998624735929
2874.251425904512 0.8267029860782429
2723.8230714536526 0.9380281386630195
4260.789229695486 0.9989334416853293
2797.9846121671326 1.055307290972176
2259.1699217295163 1.1765360081143785
4267.1764908531 1.0152387234011622
4185.427941183125 0.9613364126952928
3232.562606732305 0.938076754830328
5694.032193632182 1.0116615326594485
3126.283297772537 0.9218086437996418
3875.7117294420204 1.0786293320142892
4681.001483058886 1.053860974629459
4703.253870530697 1.1979390495927504
3118.6430772195017 1.1191755835117132
3195.717891497445 0.9127271693629068
4706.35347916586 0.8646295269053524
5262.618224763148 0.8297535465692905
3334.8772987726684 0.8602409345956569
3496.0334893497575 0.906883029597633
4456.99569436347 1.0771500448556508
2622.986173421002 1.0855633903735273
4176.72192028492 1.1596062624264765
1617.1332740298067 0.8670429586184061
3430.7825135938883 1.0288674829817281
1354.4136262405027 0.9193901060993547
4106.247085003884 0.907263550594564
2332.8874774067995 1.0298221079566485
2773.0020059063627 1.1098112875931128
3776.8243267233 0.805360998835701
