6 15
0.8556675828337479 168.07729791447093 702 112 112 103 109 102 131 129 118 133 114 136 102 133 115 110
0.8271377095572231 176.49891064542632 748 90 91 65 65 71 69 99 88 73 96 82 73 64 64 98
0.8985254162403058 177.39402886370618 758 132 135 114 130 139 116 115 125 133 118 137 101 106 108 121
0.8050172949951412 137.97283462189046 760 78 86 83 78 94 92 67 80 91 97 90 98 94 78 90
0.8162179556630428 147.41605021533934 771 70 72 82 86 84 63 91 83 72 88 62 84 78 83 62
0.8833257160862518 167.14595759688973 979 110 130 128 137 125 138 135 117 139 101 115 115 111 135 134
2151.9747130319197 0.9255514637965131
2598.2074120193697 1.003648379364624
2076.4288897856222 0.869641700197407
1983.0014518058351 0.882257171726314
1685.5284729185553 1.111111932973212
2280.5221166799024 1.1108942930035752
2240.00885938581 1.0149492903160076
1179.546513713708 0.9780955964951594
1683.6529876245716 0.9541960187252242
1787.686571948286 0.9809535125465142
2097.721024908364 1.1848751030738573
1728.7315180225269 0.88642769872279
1404.6532937595366 1.1327582462385775
1595.8456773559387 1.0410136583539118
2484.3627694016545 1.1413777369489624
