6 15
0.8054090678560264 145.12582982606142 606 117 135 125 127 128 121 132 100 128 109 110 134 122 134 118
0.808787314542571 172.4118360418968 632 67 92 80 77 80 72 81 66 69 96 63 71 77 90 75
0.8946197238965649 144.90178926171092 712 80 73 75 70 62 77 76 85 82 73 94 78 90 71 83
0.8508507155245147 157.42051070152775 800 107 123 127 107 113 117 108 137 100 131 133 111 105 104 136
0.8574667465710137 121.72325441888249 972 129 130 108 130 118 120 113 128 126 128 124 105 134 101 133
0.819234178726697 147.6970087018932 976 78 65 95 80 86 91 79 94 70 76 80 76 63 66 62
2755.453398858895 0.8409323843241818
1480.5713317888105 1.07011522691568
1339.668039914215 1.0451251217150432
1840.5575924189673 0.9692387460344354
1623.404290783386 0.9930389716783639
846.6401821211925 1.1639606584271174
1875.3598489319488 0.8322082075421686
2118.179084550887 1.0099228390136692
1679.6579102243495 1.1614629468856512
2525.9150412132653 0.9728185292232809
2220.026272824073 0.8275940859633034
2463.6851877899103 0.9876613373659165
1242.8496095008095 0.8953122707507062
1834.4197808522422 0.8847568707093153
1717.1001102126163 1.030739467415325
