6 15
0.8128584384230566 126.57101773503263 575 111 100 114 119 103 136 112 111 120 109 121 130 125 123 111
0.8875534092027335 147.11641006127047 605 90 69 97 93 72 78 88 60 69 82 81 83 85 84 87
0.8059177836158801 164.58431610495524 637 122 122 106 113 130 123 126 102 107 105 133 131 125 117 124
0.8461260704360783 125.90420375241753 654 134 102 112 100 129 133 112 135 116 119 122 129 113 127 129
0.8918869565820091 177.254265364951 697 78 92 79 93 96 64 83 67 89 99 77 79 68 83 93
0.8728688680472878 133.8744635963349 898 89 75 60 65 88 60 78 63 74 78 89 60 91 73 85
1843.0189876804736 1.0646693561658291
2179.6190600955265 0.960157739679604
1650.2600704649897 1.0867202596893677
1635.14150867755 1.0137195301688744
2149.333797355865 1.02346459461818
1794.4440377351889 0.8410210940918055
1433.62451025177 1.1181485856177176
2823.6684176045246 0.8589820243669579
1741.966653763124 0.8892961176757896
1579.2658169585554 1.00833226305932
2452.396293246689 1.0352032027893523
2095.781532425216 0.8660629916078099
1792.4793723780363 1.0572391553759086
1732.2170975829786 0.8122843050911256
2124.119824533751 1.0275846674915923
