6 15
0.8385159753478404 158.62089138053213 604 102 118 106 133 102 103 104 114 121 100 133 112 117 113 133
0.8229188093164184 174.0412273042751 616 128 119 120 119 132 119 133 134 126 131 130 130 131 118 132
0.827088505110579 139.9978369483777 647 89 67 83 97 71 93 78 76 69 80 88 83 93 63 77
0.855605565010977 141.58422268296664 820 77 85 68 73 71 74 85 83 68 97 94 99 67 99 81
0.8916152485835782 150.89046976267815 858 114 133 139 127 127 117 128 139 109 112 129 114 132 103 118
0.8908516841928351 170.7184510758133 942 72 79 65 76 72 69 84 68 98 78 83 86 87 83 83
2601.3322253733722 1.1320666660023713
2191.8995013021686 1.015498635919845
667.0876767429932 1.0591553505881925
1846.968249187536 0.9011019420450653
1923.536722804662 1.0155116626973548
2353.5497262179047 1.143807809544299
2191.835508834323 0.9337917885573164
1238.9640300264114 0.8994764300730459
2092.419749068651 0.8138486310678567
2672.274108120039 0.8803803054265891
1648.0559511974902 0.976329870530754
1705.7013253336816 1.1009506490429932
2893.2040452922274 0.8618526096031096
2229.242770638135 0.9607558699347047
1627.1670772219418 0.9415456027531742
