6 15
0.8438072579248798 160.24218089310665 552 91 62 62 87 97 87 92 69 85 64 95 99 97 72 79
0.8872635021409297 122.49212093623002 607 123 124 138 136 121 133 136 117 105 132 120 130 115 136 107
0.8284953393697513 122.9450554334621 686 96 84 60 62 80 61 96 70 67 76 82 72 65 75 70
0.838734761121066 136.2556215352498 871 128 113 125 133 128 122 104 123 131 117 124 118 139 103 114
0.8583151050805857 139.62729941613745 926 73 94 91 80 98 74 70 65 65 93 69 87 78 88 90
0.8848297718965582 145.4793270989831 948 126 112 125 127 120 138 104 118 130 137 131 100 138 129 138
1327.011944142345 0.8834011096798698
2245.9844911900545 0.925676702585589
2569.064315133489 1.0124757935620428
1678.6794681276463 0.9273167493391035
2318.3829796039745 0.9087661804800421
1599.243553254103 0.9929990976708477
1876.7677365336083 0.9192065872812651
2202.946976117778 1.1241367284457873
2358.2495387975828 0.850539446402986
1818.4482093904612 1.0551028916617131
1479.5308709261756 1.0295139218167908
2872.4102978575215 1.1919515384155204
2586.963576791108 1.0320413044984291
2164.8558712479376 0.9080660422268934
2467.686246397065 0.9809632735062033
