6 15
0.8502501180507297 153.11492165556928 553 135 112 101 128 103 109 108 106 125 120 103 118 114 112 102
0.8543541028032167 132.41924787115704 609 89 64 69 80 80 84 71 78 84 99 74 74 83 64 85
0.8102991692530919 122.68963445837962 675 138 100 138 114 119 124 110 106 118 132 106 125 132 110 128
0.8566886468671401 146.95003767170087 725 88 73 80 64 85 91 64 93 80 68 86 66 70 61 96
0.8406969955377981 144.4824850520161 729 84 84 95 69 73 89 79 91 89 69 96 92 83 90 73
0.8803425813874375 145.7742732524985 792 122 138 127 129 134 104 104 112 117 110 105 101 139 102 133
1674.3895841930091 1.1936645709591713
1493.0775696518178 0.9089829351653773
2569.4851687302908 0.8089054796777917
2327.401745998105 0.8827093228758519
1605.0456095219706 1.1602145357429063
2316.7638727825592 0.9705827862314628
1627.9145575948096 1.141729724735049
1896.030658840176 0.8188863330038201
1732.5651090834367 1.066020428405099
1754.0022323037456 0.8690360773227734
1876.5147416590296 0.936298716950461
1313.7196731628833 1.1994241498536986
1775.2073652541076 1.1272020046589248
1194.735608808421 0.838704932569785
2152.2254890979284 0.842501297692466
