6 15
0.8080187033466335 156.8203094915776 597 101 110 133 108 114 108 100 122 119 100 121 107 131 126 110
0.822642096992729 128.0986658266058 624 93 70 65 80 98 85 73 61 85 89 91 71 81 92 75
0.8239630599483156 151.90247272790592 670 84 76 68 86 98 77 84 77 76 90 89 77 74 75 89
0.8369947596946726 176.12937574497977 712 100 138 137 115 126 127 138 132 115 119 114 112 131 105 100
0.8639442726276813 154.22774457398214 762 103 110 112 121 133 105 120 118 114 111 100 128 116 125 106
0.8448477061536517 178.51332535746928 837 78 96 63 91 85 78 94 94 64 67 63 88 81 78 61
2364.1171303016818 0.9896771911209667
1587.087868942836 0.9995933775591537
2268.6296153484063 1.1689237825721548
1430.7916846489738 0.863370005896014
1764.8681760497382 1.0578431113386357
2567.158031612108 1.028439100387208
1215.7321092580678 1.0143991492468185
2110.4957515893807 0.9957708988132613
2024.6171789420341 1.1293479840103045
1435.368561649393 0.8888691831201192
2320.736479468758 0.8263749552052462
1851.8328202438881 1.0657606893426412
1762.4015916496837 0.9030121565102535
2196.885573941378 0.9868960064201453
2906.571642673576 1.1269005471177824
