6 15
0.872194562044381 163.38535642850297 518 100 139 134 127 113 108 101 125 107 107 107 105 137 115 120
0.8187860974621267 141.14758380347376 564 96 76 95 62 70 95 74 60 75 95 88 67 78 85 72
0.8291386986379978 151.0367782794287 602 65 95 90 91 81 99 91 85 94 95 85 83 68 94 62
0.8117741047817539 152.8893111745191 687 138 124 121 128 123 124 136 132 128 103 127 107 114 110 107
0.834167438406063 144.9850159238852 883 102 130 110 122 103 137 129 135 119 130 116 111 107 139 109
0.8380171894421454 124.01910640290852 928 72 94 93 84 61 95 75 99 99 83 71 93 95 71 83
1613.3763252706003 0.8490094915625743
2498.1996653453093 0.9618599005669142
1839.3238765494204 1.111573179489771
2480.596104179079 1.1629277431264828
2039.461460071142 0.8120423185678909
2027.9856810281426 0.9097718962158456
1769.669405160755 0.9633762346995335
1954.623125011521 1.0926318492675924
1440.863701566746 0.8491566105904833
2137.175418626564 0.9047733880962342
1192.5151585928074 1.0857782049581264
1544.0182185389122 0.896847563089831
1368.191792777001 1.0225936086354772
1376.2705386750886 1.0060526049275988
2677.1716800372 1.0673229747649655
