6 15
0.8495726762961281 143.16949726070504 655 89 70 88 63 83 79 63 77 94 65 67 84 88 92 76
0.8714430091679222 146.2606145986352 664 100 101 121 113 120 101 128 107 114 138 120 118 130 120 139
0.8937527002573933 134.8040354144453 682 68 95 69 61 91 75 98 93 65 99 65 75 96 96 82
0.8090645604306468 148.06346352866595 787 73 69 68 98 95 69 85 88 60 78 61 98 80 67 77
0.8399721114766622 148.03028283577083 957 112 125 123 125 133 137 135 112 117 121 103 126 122 135 120
0.8615468554022887 130.05644042427022 986 120 112 139 122 105 119 134 136 139 102 137 105 115 107 130
1815.4431631454577 1.025767880206128
2005.10142230898 0.874625848662619
2276.751228915213 0.8018827512709163
1395.0275897059241 0.9174341837356272
1196.8900255504961 0.8052409461046046
1279.4870765552919 0.944753644640712
2661.9194774799817 0.981797561804313
1575.6575324419373 0.8913654508969382
2732.6552614125867 0.9656835121263807
1466.261305572457 1.0781574995178558
2062.0388107237795 1.082911674050792
2062.7975702231674 0.8734762810028947
1952.4586584922918 1.1711380759813377
2679.513533014577 0.8597982620301402
2024.4751047105512 0.8112932837860992
