3 100
0.9291266779461316 152.12318493579238 548 62 86 84 74 60 70 75 75 88 77 66 66 90 85 91 77 60 81 66 72 63 99 89 96 63 65 71 80 61 86 89 89 64 68 86 91 82 68 69 69 76 91 64 89 75 67 93 63 72 69 89 65 69 80 62 91 86 67 86 85 90 62 82 77 69 89 92 98 68 91 69 93 62 61 68 72 86 68 65 71 68 87 86 86 87 69 77 74 73 97 67 82 92 71 76 84 74 78 99 86
0.852946153699655 139.7030386286328 754 112 131 130 128 129 106 101 117 112 109 114 114 130 134 134 117 127 127 135 136 118 108 138 118 120 101 106 116 102 111 104 100 117 121 130 124 113 124 115 130 112 125 133 104 111 135 116 130 124 109 135 118 135 110 121 122 132 128 113 101 134 129 124 121 132 119 123 133 117 118 105 101 124 138 136 102 127 128 118 104 132 117 130 100 100 125 107 115 136 101 101 132 114 121 136 105 111 120 136 100
0.79415183707542 168.71676306910652 802 76 97 64 85 82 78 75 85 90 66 79 63 98 73 64 65 85 82 76 87 98 69 92 99 64 76 79 71 64 85 60 68 83 73 93 98 72 84 74 93 94 81 85 74 63 69 80 60 71 61 82 88 80 64 87 85 74 81 80 71 75 74 90 71 83 88 62 80 71 78 70 87 62 97 88 76 73 61 70 97 90 86 85 73 84 93 81 93 75 92 66 88 65 81 78 76 90 88 77 66
6499.825559175353 1.1148027417299757
6248.944709850437 0.8020652394142905
6678.532352034599 1.0455181944565337
7803.716537936428 1.0102072143846834
7085.505395485076 0.8738896853572367
5100.845948623933 1.1711375624040679
4386.304270310612 0.9718023967192292
5480.958434314798 0.8400646711898037
4354.085045851578 0.9840364102121094
5588.2506109162705 0.8397430675897676
7077.954384653523 0.986190984157588
3199.939906536175 0.952771549138466
7925.534230536176 0.919494890512232
5379.305950311481 0.845075096299595
3298.2572772281806 0.8933904699446455
5277.751756366405 1.0819510098524723
4233.750401354567 1.119448994095367
5024.092106990261 1.1802623901796547
5055.173204571074 0.8084666256251376
7131.538487849689 1.1489916852594488
7372.649613642738 0.961171881345108
4472.490632973873 0.9730785831078381
5509.625398009961 0.9609997579554181
8089.575470543393 1.1905608038356972
7423.543303814968 1.1389832681799872
9434.093757544399 0.9391222381564064
3298.0031895683833 1.1586159834508394
4435.974648847678 0.8679393599470258
5044.581658005686 1.0198782166511857
4962.716681696627 0.9721070226271342
3669.0704789794063 0.9399207132128021
4229.925703987611 0.9199611968611767
4445.073413791606 0.8178897933460555
4715.383879075116 1.1164021225820262
7148.776509482638 0.8217644034498752
5150.788714232871 1.0543932883455316
9067.903924534954 0.9376539617165257
5745.433014338432 0.9971998967249848
5849.436832752803 1.195756917571532
3998.8143442270475 1.0481004609633415
8363.440145254503 1.0620851698799656
7748.352797971688 0.8643023718133688
5670.131100677864 1.177696939323364
3932.717275199803 1.1860307753925852
6623.089664815305 1.046979725267785
5659.54661713021 0.9931679113474705
5193.206373757972 0.9930592293597031
3746.1463393994104 0.8834253205890092
7888.893457191393 1.0156276819164178
6538.720851089542 1.0887336254464692
5590.657726010013 1.1810038714178572
8051.856175228668 1.131684492538141
4036.5492468130906 1.15716184095678
7629.504706805154 0.8115505455139883
8089.693658879976 0.8660762173028884
5055.830779225148 0.8968990568520043
7536.905587859552 1.1073861034473762
6171.4832158691925 1.095773320339957
6027.275245131777 0.9427312425542211
7940.493488399166 1.0817537207846124
7431.0692583351565 1.171348837618973
4278.177561608384 0.8489855480240454
9162.735141146812 1.0851455572113395
6555.156879977918 0.9691107989326784
5104.59988659168 0.9766667920267429
6835.631584187182 0.8990493442766432
2032.087271653747 1.0554001755955358
5534.922756641204 0.9553468218616302
8415.614400446233 1.0055417959946134
5062.831161543365 0.8055265971071377
5967.148383172141 1.0456952327252735
7810.560521647133 0.8348620130819724
3663.428476717105 1.0871441068786392
4504.830681074614 0.8401747109498792
5410.820633110043 0.9494715321002816
5056.0011312561255 0.885682290536729
3734.793750299148 1.1483859949422448
7574.434981552491 0.9166609184100911
6236.480700035551 1.0768003137227946
3900.260083200514 0.9481790970919795
3221.3909198635993 1.1104934479005393
6762.369722838581 0.8389004561293227
8626.907025996115 0.9682262812863314
5902.446903773424 0.9744316887137414
7768.177716729012 1.1163204360065682
5354.262545334413 0.9222080071557652
3835.840356896288 1.175156015713594
4901.1468326004015 0.825334476384009
4483.595609592272 1.0385430283273132
5553.12782818498 1.063046627480355
3452.2671367987577 1.1039689673104944
6122.529603386645 1.014846997071678
6718.983459265766 1.1185424568834008
9425.18119783029 0.884271053410352
5308.053312869396 0.9863115467344965
6001.60405094997 1.1096554367511806
6098.357541167325 0.8369663568832177
4949.037444161224 0.928707261208781
4770.349791808122 1.0048303170638893
4567.789366323586 0.8234269263882816
