3 100
0.9004892706899436 124.9620356038769 581 62 96 83 64 83 67 83 68 77 86 73 77 73 61 64 66 74 88 87 98 65 64 98 93 72 75 82 78 74 64 97 63 95 68 89 94 72 87 87 75 75 67 87 97 95 90 72 77 81 71 84 76 83 66 98 87 91 66 80 74 80 77 89 69 67 66 67 73 97 76 79 85 71 78 77 63 78 70 66 71 89 71 63 93 81 95 71 98 97 86 63 90 94 94 65 77 60 81 64 81
0.9119048624049716 146.97617361297932 812 115 125 126 112 103 105 135 111 115 125 117 118 118 105 121 110 104 100 115 117 104 126 130 130 117 132 136 133 106 106 119 126 125 100 119 120 134 120 135 111 100 114 117 136 120 134 115 102 125 103 103 133 104 110 111 113 101 138 110 130 110 124 108 121 132 133 115 133 123 125 124 131 100 104 133 114 139 132 139 116 113 121 116 118 132 133 120 114 119 134 105 127 114 128 118 116 101 133 102 122
0.7670588610147396 123.74183716260461 869 64 67 98 92 73 75 62 61 89 69 90 78 76 82 91 84 76 73 70 71 70 64 67 79 98 88 66 67 88 61 83 68 79 64 74 82 71 70 90 68 84 81 88 95 67 88 83 64 67 99 94 66 98 61 85 88 89 81 93 85 62 85 85 84 81 72 74 79 69 88 88 70 74 74 74 85 73 67 81 72 64 60 87 61 70 98 65 83 85 96 81 80 87 97 82 64 66 74 98 80
5353.212552033514 0.9903636854656566
3421.614793579219 1.1447216141079963
6162.215186678594 0.9109140142640202
7204.654431865517 0.9582184316907566
5419.634286688288 0.8905075881201924
6893.926838805203 1.1465850440419243
5055.56349056623 0.9110911383584205
4143.264390355054 0.9607426092234229
5734.458055270341 0.8410672778712915
4729.33128986126 1.055478521637244
6366.6139889994465 1.0354090771947015
6365.3041842568755 0.9649427622768108
8320.688771242007 0.9242527509091648
6005.144571072556 0.9415186133615725
5953.2396000408135 1.1210433546248841
5146.3985030033145 1.1839477594079755
6934.813729069416 0.9835886517913255
6366.268785404442 0.8256393336999817
8645.163695138383 1.040020526205693
5617.568065006692 1.030508345191652
5961.434659370105 1.178153888335297
2766.4349728024417 1.09655010188093
5536.545730400917 1.0804243194177243
7166.007623692558 0.895524362056035
6683.886575170093 0.8126237551167462
7651.469866914204 0.8100158682912036
7147.643960701291 1.0248248990361981
6533.025869845587 0.86672783417886
5112.637878412125 0.899332699951885
7458.3516438154775 0.8324569595990979
6261.07441040426 1.0015233002123487
4022.676272116015 1.109599959317947
3618.0825849989264 0.8852180109557056
4904.587529526765 1.034778120574937
7185.7572310196965 1.122838227396993
6250.9637922394395 1.10786679071446
6444.5224497602785 1.0669725463685016
7833.416440949372 0.9962113623240147
6982.875988140165 0.8829949285771511
4493.784386123811 1.0699712575413098
6181.943662653445 1.1827816616638511
6388.952154915175 0.8094890273349047
4814.434304438419 1.180754083666099
8126.982979020277 1.029997625442289
5753.591381111606 1.0872358624072882
4082.68164708968 0.9338758023214635
6729.145137619875 1.0385747389054345
6777.629912694889 1.05196903346627
7101.602558560823 1.135749899486654
3948.4160525671955 0.9413881970208174
5261.238879288749 1.0096487204797877
3573.092842871874 1.1467316839183954
5912.813208587414 0.971560869718528
5467.541243812181 0.9692689153260373
3991.5458028674557 0.8435262267712922
5612.29125810892 0.9401478381342037
5559.310209024999 1.1641878648330204
7345.072305140598 1.1999282943764458
3973.228531222831 1.1260285265446477
5637.569956908101 0.8005167111430942
5120.56018429915 0.9736028670864046
6625.725285805544 0.9797009815365101
5459.701984171458 1.121694595303709
3873.01904995782 0.9126981786303394
5734.408797105542 1.1120390642693814
6111.776799058255 0.9640322606903036
5699.963801423092 0.8145164165963481
7292.65189560369 0.9641864060767102
5350.854980994628 1.1232945532706484
3721.69359655644 1.027853718031562
6512.196420779759 1.1870777798690126
3694.5419190977273 0.979134499287683
8659.584317951252 0.9152901496800736
7201.8601621143 0.9680735911512202
7965.022868389691 0.9651370867002067
7077.291537808073 0.98986483357256
4745.995690559299 1.0725506162089609
4521.934940389563 1.1290129274393648
2749.446835513538 1.111906164627179
6459.948998274283 0.8084867512448402
7457.429767709713 1.0829713659026337
5891.690166923162 1.194118569774114
6889.690000238757 1.013412312973512
7004.021910768731 0.8056222590850818
5276.973182224957 1.1467345448102477
6852.52486851431 1.1856234442832332
6621.614077510993 0.8289778179715085
6230.801958656452 0.8804200273714833
8503.700098203975 0.8541972864116204
5955.055258670752 1.1219404434561044
6665.190637855909 1.1771796628067337
8494.843170202914 1.0311667538375964
6093.284815699665 1.1905328983539207
5734.476759308457 0.9550967855477803
4331.832947460701 0.8063623797851862
7487.200429409706 1.067711067609316
5119.558703006363 1.134217441991882
5518.304394553249 1.0798009923055325
3810.7449756978544 1.160585072599212
7425.328090824518 1.1942470042113031
