3 100
0.8259383317734372 127.65329011760302 567 90 80 75 89 66 80 83 99 73 80 92 78 91 86 61 66 86 65 61 80 64 83 78 72 78 93 68 66 77 84 93 85 77 61 97 75 79 97 84 63 88 65 98 64 83 61 85 62 85 63 96 93 78 65 97 93 63 75 70 80 88 89 60 74 90 98 80 74 61 79 62 88 69 79 67 84 63 99 88 66 78 79 77 60 82 80 81 84 81 86 99 88 84 63 95 79 83 74 92 81
0.8560391758493858 170.23790900865725 680 128 138 130 135 116 125 120 133 109 104 111 125 124 101 109 102 118 137 135 110 113 137 131 138 130 108 114 130 106 128 108 100 105 105 136 104 108 123 139 123 100 110 113 133 120 139 111 138 124 129 136 137 104 101 129 127 110 128 123 108 100 103 137 122 131 105 133 101 103 127 136 112 125 111 117 123 139 107 112 129 135 127 122 138 107 102 125 133 113 113 123 131 128 107 138 126 127 133 121 106
0.906482579742357 159.10314822081213 699 95 98 83 72 98 67 82 73 73 69 63 60 78 96 88 65 88 84 62 84 82 96 61 98 80 63 69 91 61 67 89 85 99 77 97 91 79 67 75 67 62 99 65 94 88 75 99 74 60 88 84 68 74 69 94 90 66 71 64 91 68 80 95 65 89 76 95 74 81 82 83 72 62 77 64 97 84 74 92 94 87 76 68 84 61 78 95 93 83 86 88 94 85 93 93 95 65 86 99 90
6914.401991524658 0.9686654299189923
5519.916363951899 0.9233540788830166
6706.936660018492 1.04385271449963
5480.492753758144 0.8795066064012609
3185.2721991371604 0.9778115770261482
5177.968445915422 0.8243417557987588
3593.182712344245 1.156584317951325
4399.370372877091 1.1736357202481205
4483.006251580758 0.9390465543220019
8185.294641913173 0.9585106705075539
7071.424084474835 0.8260936171139496
3899.6158030401625 1.1481387651979607
5708.5517784130225 1.193417627358707
6941.5640373135975 1.0010380863545123
5774.354669358707 1.1364387124156095
4230.357640184715 0.9559790808139526
7781.500296217382 1.0972881078824335
7654.053422964112 0.8063383061932745
5446.270082581813 1.138607530006062
6987.9513394676205 1.095002000283824
8150.74294778185 0.859847182553429
5911.199711660308 1.0137517416445487
5249.062766762953 1.1381156476887029
6319.362798961524 1.0598593943601815
5806.1092119987925 0.9084487876840904
4242.121801389417 0.8634851791893574
7888.694951707139 0.8511593284425815
7463.1647367938795 0.9319951588112823
7416.675311876609 0.8569290893489107
4543.113691805294 1.1152961982314962
6885.726105307101 1.0287328268934366
7720.521343256716 0.9545032067109172
6040.530673644974 1.0471884381286847
6307.990607768918 0.9421398521374893
7175.159907126816 1.0451419577479655
5633.037953596232 0.8959916302681853
7374.638232032742 0.9396364694260687
4615.654648051225 0.8205604218252102
5544.801726088951 1.0002721912892887
5887.597214767336 0.9985948799099916
5830.080913322228 1.0266274384400282
4410.554943218049 1.0050642084690182
6211.6180772923035 1.0754259475003076
5815.710731455691 1.1285133411902335
2765.6511572818513 0.8289084368350673
4827.6030830178215 0.8324593038094923
7354.5088583023735 1.0148643675803382
6285.194588742372 0.8847087398912786
4921.1732538084125 0.9571164002398432
8219.09145354474 1.026202886130868
6009.440742615014 0.9614436465449979
5281.528139888882 0.9422583590901722
5734.024291250496 1.168262947964364
5867.638375892284 0.9063547974320336
5792.236963988348 0.9285195519071235
3669.356035600382 1.0869288028074258
3110.7660306132243 0.8664478530922879
4968.351989181729 0.993523113797876
7797.967420609731 1.1038024910841218
4408.710737754322 0.8517369656991175
9027.99191791202 1.1104502541999333
4092.1765709170795 1.1239018101305756
4485.4828570566415 0.952161947612235
4971.507829539703 0.8519719188237336
6396.659489317868 1.0545392930624853
8527.874185629164 0.8369544849864867
3973.469908999422 1.1526586816391637
5910.51164709124 1.0320860800037037
7213.609005942882 1.0605104204000733
7377.509748976425 0.9347201705487342
8536.202586531785 1.0014941728343703
6707.085651246479 0.9206040769632131
5289.286458961495 1.192999786343349
6465.538015875827 1.1558833651926808
4149.738915756565 0.8407060544703892
4773.438537473358 1.1769388229157043
6816.873004273274 1.0994894338003414
4336.131210688003 1.0328941562682639
4431.6944166092035 0.9063259199255022
5629.557995871908 0.8772383693095
4094.185234569326 1.0532201133406756
7323.289333954161 0.8936252986821511
5459.9597222732455 1.0027535357927861
6306.064470100675 1.0243067230274439
6392.003341024955 0.9807551443665796
7264.387632680589 0.9565402126932949
4694.421950878111 0.9548322558849295
7762.050589733137 0.8385508636991503
4228.005122355238 0.9173022007991278
5575.713932842609 0.9668067145270131
7675.005679563685 0.8792627687899702
5141.203074931467 1.1297686583055764
6947.578796617019 1.1420946554331621
4548.7797029748535 1.0317244739962803
3430.0473379836617 0.9927339547825178
7366.294896371108 1.1686676708345147
7625.550451076595 0.8893662987687613
4367.302592678565 0.8020166382553364
6377.279399741899 0.9976322909830446
8022.699750415056 1.0031111015436585
