3 100
0.8614768725425779 152.96046245209942 506 127 114 102 100 136 134 105 120 104 128 121 119 113 121 110 128 104 100 139 131 126 112 116 127 109 122 106 101 136 126 138 123 131 113 107 131 138 134 119 134 127 103 139 108 121 111 120 121 127 134 124 134 101 101 116 130 110 107 126 106 108 133 102 102 110 101 128 117 103 117 120 127 135 106 130 103 115 110 137 133 131 129 118 133 105 112 130 128 115 121 122 122 113 133 107 120 127 135 134 113
0.8996284979793723 153.8911502424435 512 80 98 79 95 80 64 75 81 61 68 61 85 70 76 86 66 62 65 93 83 64 69 83 87 96 71 85 96 65 61 70 80 96 98 93 85 80 95 61 91 82 93 95 80 94 76 88 92 95 74 97 67 65 61 74 82 79 93 86 76 77 78 88 77 73 87 88 73 96 91 71 67 82 82 85 61 85 67 77 91 99 63 94 89 93 93 80 85 82 95 62 86 81 95 60 98 75 79 90 75
0.7834183640405606 150.90831074275428 566 89 69 63 66 70 66 67 76 96 75 60 96 76 65 82 85 94 61 88 71 98 69 98 61 88 92 78 83 80 96 65 80 84 97 91 70 95 92 81 77 60 77 76 64 99 87 90 69 67 66 96 90 87 60 96 85 92 87 73 74 79 74 96 99 93 66 97 77 76 71 77 91 94 94 97 69 85 74 94 74 83 93 72 89 63 93 62 72 88 94 93 65 72 85 87 79 77 73 72 96
6244.72456750759 0.9869221249508654
9135.776959087869 0.8679439035524663
6722.842892016677 1.03462466904402
7193.746801114692 0.9908429549463432
4671.013014435602 0.8936252205905026
6665.565323265793 1.1675894522380161
5621.463926650967 1.1620336082301275
6435.154507000578 0.8336267461189626
8603.817236307515 1.1693150091525022
7456.4388819477945 0.920684726656737
4110.069859172947 1.1174570443823155
8560.56416902953 1.1747587995672457
6686.885237282207 1.1527174470258732
6503.998693717008 0.8076340499056042
8417.023428350538 0.8519462061684705
4789.620224692139 0.8719661268313808
4567.4667182694575 1.114496207880357
8870.089120911485 1.0019369740998358
6803.071017026311 1.0811398133466104
4300.235033875937 1.1505792801353627
9705.11064746068 1.1671360076540622
9063.011732497745 1.086152503674356
5255.358795510973 0.8082337983973562
9897.905396299779 1.0052187886177035
6522.3766881235915 1.0957695449910916
5885.912216773278 0.9609420764999976
4403.969766324065 1.0999643143727196
6371.383089220084 1.0354204704324834
6909.991180511066 1.1421204826804732
9134.913881709885 0.9936224508524937
9859.358267313131 1.0131948159491604
4534.552537053686 0.9826505184330371
7140.059130848114 0.9520952439118122
4327.630360634575 1.0176166679976204
4642.358880228235 1.1945542489331742
6392.61843985282 1.0892887213259577
4627.789747968923 0.8457002403158688
7853.93054383034 1.1140744212884113
6255.651882769775 0.9594671722368059
6363.9047680893555 0.8724295190622762
5885.786312760659 0.8629547429807235
7418.228171214337 1.1751365891101333
4081.1301164468327 1.0070928921923594
6240.333257291953 0.8893792894144729
5531.61792455568 1.1064343642723324
6777.519085307688 0.9725182815793212
5947.860020500961 0.9697531190022559
6136.056591023113 1.1355643011150587
5565.855916274863 0.9960568832180436
10126.684729040888 1.1852548087815933
5847.56375971833 0.9020060028861431
9210.448835196712 1.0311047168968734
10311.97841089922 1.045939532376143
4568.072411664421 0.9424376615896388
8219.254889014226 1.0557801430444498
5559.159748772165 0.9105398083576298
7496.607386126133 0.9840506667527772
6248.839785562315 0.9294309584332252
6211.961198314244 1.1890469464697
6659.117806889756 1.0954376495255866
6196.404312900866 0.8575984971775186
7609.302955169612 1.0744590906692362
7572.427614522491 0.8060101482935296
5639.868158769012 1.08074387131025
5553.716418796821 1.1103591466057796
4541.7726874924765 0.9858590087098973
4751.883661303349 0.939245274796476
5237.439847616729 1.142476757285147
5648.235495534644 0.8683050468929778
7083.429632344945 0.9599206606789974
7756.710136476233 1.124265189587134
5222.783596623458 1.1424808583009927
2269.0958502584417 1.1375195983866833
3387.055716537558 1.0156613922398945
9963.547481610858 1.0480546646619893
4440.66400125402 0.887680883890311
5256.869909677752 1.174160558771963
5918.344489597187 1.1642104037246246
4260.516772878977 1.0407153682196857
5365.807233295648 1.0210046755069362
5314.083152983973 0.8429064112634496
10424.77897250266 1.1199989958152283
6115.00317640308 1.1387643725603147
8065.825520959745 1.141371882646332
5064.364340938037 0.9122601282006085
8554.464648684147 1.0934770923604091
7059.097781048568 1.033748887752245
5386.320551364504 1.1920659226707064
3899.0604714099813 1.1394844452624797
6108.58998342995 0.8349528217341522
6890.593502219508 0.8128008801234221
7822.769734954743 0.943256570105737
7558.705228462602 1.1133393347730358
5145.4860406046355 1.0679288352214324
5867.304421289184 0.8650482375801498
7068.1356128206835 0.8258851942039922
7151.93521608107 0.8410800158945609
2427.8528509238176 0.8899430776522691
7712.727908385514 0.8979933790945779
7700.277343942625 1.152200299253368
