3 100
0.9050847721398572 168.28266792807514 630 135 105 124 112 113 134 126 110 118 131 128 106 132 104 134 134 107 123 112 124 119 105 108 136 100 112 101 122 125 132 136 139 108 132 128 117 106 133 136 119 124 124 122 136 132 121 117 119 115 110 101 137 117 132 113 115 136 122 130 100 110 120 127 134 137 115 127 120 109 112 115 121 107 130 123 111 128 108 106 132 103 123 127 115 127 127 138 131 128 110 131 135 132 116 126 139 102 130 130 115
0.910130822058375 162.13562631355555 921 88 60 97 99 72 90 73 97 63 90 92 68 82 92 91 94 68 76 90 85 89 87 62 67 96 83 91 95 94 94 71 81 74 96 75 83 76 72 63 94 61 79 99 70 72 63 77 65 93 70 83 92 65 98 80 61 63 77 92 60 70 85 85 77 84 79 85 87 90 76 62 62 96 85 71 78 99 97 62 79 87 79 75 92 79 64 63 88 87 74 88 78 78 69 85 64 87 68 97 81
0.9234202148981083 120.71200460391006 971 96 90 62 95 86 69 98 72 84 75 81 92 69 78 63 64 85 75 63 64 75 66 60 75 88 65 70 77 91 76 61 86 90 70 80 82 98 70 93 84 68 81 99 79 96 89 84 89 94 92 99 78 95 65 87 95 91 99 85 60 85 66 68 88 88 92 98 70 82 74 75 97 82 91 61 65 75 68 60 90 91 91 85 83 62 75 76 62 79 80 95 86 79 85 74 60 98 80 81 94
8024.482926914172 0.8932794722427057
5569.32602149677 1.0079812188386355
6681.889518764532 1.0352876235639252
7598.901484069887 0.8742220679822104
7637.0796425845 0.9019686446112091
7207.521633642209 0.877978113126161
6896.918130298832 1.1826401178947314
4416.313116447433 1.0024025756392638
8554.300849978485 0.9350358082046761
8867.38131494671 1.0639111343960428
5811.652340239945 0.9475291038154507
5145.333172830652 0.951471525585465
5893.580784075446 1.1003279614606871
4752.9647911792845 0.9879040589148176
10151.949240573776 1.0596939293821435
7246.776115862167 0.9497149768862208
8039.789440375225 1.0668756912339563
7512.796021551487 1.1161921532459056
5883.646573183773 1.074948638854258
5284.541603347974 1.1785168367858394
11574.569761180432 0.8114634118092838
5684.875218103938 0.8356153319941086
9415.853059617173 1.16326770307721
6039.221244874005 1.0757363937242435
8421.672598028104 0.889676775662695
8320.481530875504 1.0143968718900669
1944.982311414351 1.1267059742640813
10314.285028760509 0.8784210852873288
7019.223968717634 0.8874569271903239
8064.249293412486 0.9348998207199795
7853.61591839816 1.1280614363579102
7413.3435044524795 1.0011278198881672
10022.148652152044 1.0575344166205536
6515.68630220577 0.8061748967206978
7942.482706742582 0.9253650236048754
7904.479369848511 1.1175011377651685
6295.0986639597795 0.9962656308255226
2749.5334046501375 0.8001244772347691
5106.045196217092 0.8123301002886827
7877.142024214066 0.8395944723045682
2996.8687467224972 1.0923973911730396
7671.953823988816 1.058370180656887
12371.646990258767 1.0511859920451678
7138.337122872397 1.116412738188888
4186.409176686171 0.8697201744929486
6057.442560478649 1.0816419763734553
8677.346305795985 1.0238901167078225
5020.368568938593 1.0959518131031099
7548.565008682779 0.993307793211128
5369.484617741888 0.9867047410991834
5042.774241115374 0.9729260588979832
3763.809438549877 1.0831943037378355
4495.713042895586 0.8321150168117842
9041.613626348535 0.9621125068817298
5917.22511253077 1.1677777501006605
8007.708570635186 1.190187817974762
8108.567380416621 0.9034024882843344
7260.871733089748 1.0308287942276282
8063.244854253773 0.8267706128081894
5858.684127961272 1.0212499279233798
7048.631461799049 1.0822777986700283
7707.264467827892 1.1190977333476713
10725.998844622092 1.0279386212089179
7378.683460291581 1.0090316358146896
6533.437662689404 0.8522707758939577
8137.391321593321 1.170644300388879
6945.732368548467 0.9391203299819814
7498.3161745219195 1.1110466442467737
6373.930805155447 0.8264125098971209
9085.442850591884 0.8924538974530926
8815.6137784389 1.1875349697140742
5851.469621884098 0.835816476825556
7425.874789375383 1.1900382474957445
3117.110565623792 0.9546493081506036
9173.803897803804 1.1151264354616315
9023.957379739813 1.1977104827994078
6481.269489511568 1.1588910110722899
8932.946951199094 1.148719114151682
7398.750624306763 1.0102658904732198
6612.997591151824 0.9410918508865417
5115.974977267152 0.965335063644272
8331.860030446232 0.9939791811630121
5504.499609430162 0.9546697033891779
3888.4789353266706 1.042131902786327
8841.871316561084 1.0839717395655961
3850.3358950438255 0.9261282449081742
3872.996895929625 1.0824629904321685
5784.934429132485 1.197625922808473
6259.805216760446 0.9250583331673193
8465.151632522859 1.0511399885081083
8198.439465833453 1.0330811322806241
8402.709242170571 0.8337561501850601
6756.810671316556 0.8152433864218331
5329.989107460051 0.9852157612935821
9669.892492348707 1.0094636086176514
5181.721413914587 0.9426490342625563
7226.862494459502 1.076395222330096
7476.784883257903 1.0104594697636038
6443.525524442212 0.8381225890429692
6218.407078067075 0.9707995567097688
