3 100
0.7862614338595465 121.22910484070503 517 90 76 92 61 63 74 91 96 67 79 99 94 94 99 86 79 98 66 88 63 79 79 86 65 61 81 65 87 86 85 81 75 86 82 99 93 79 72 85 67 60 85 79 83 91 97 68 93 82 78 72 85 74 65 84 70 66 92 76 86 67 72 65 95 71 68 99 90 71 86 96 79 91 89 68 83 84 95 73 92 86 75 69 89 80 74 82 61 78 84 98 65 69 70 84 92 86 99 69 93
0.8627155732807312 146.06382628273596 518 125 119 134 115 130 111 132 112 102 100 123 109 137 122 100 136 127 135 108 122 135 109 106 110 136 129 111 125 115 132 101 105 123 105 120 107 102 111 113 130 113 106 119 123 112 110 122 123 128 106 138 136 139 109 110 132 119 139 102 127 134 130 107 129 136 134 105 138 137 107 105 133 126 129 110 118 100 128 138 138 106 110 111 104 123 105 137 123 134 105 103 128 106 118 116 113 112 117 109 118
0.8303218961673295 177.69751181647538 706 89 74 89 79 67 66 79 64 81 92 62 82 60 99 63 64 70 93 73 96 82 97 98 63 88 98 93 85 67 83 78 66 63 91 97 67 90 78 85 94 94 87 88 99 63 65 62 89 85 79 64 79 68 72 91 78 96 84 93 61 98 85 64 69 99 71 64 64 73 98 86 67 67 80 98 88 84 64 84 73 78 96 63 92 94 72 62 62 76 66 68 98 61 88 74 77 74 94 60 60
5664.543602626059 1.1382181801506497
6533.0121994059 0.8347780257944791
7573.969278939074 1.1352596074788883
7375.509591256576 1.1805550604532096
5133.427922604171 1.0485966003192817
7460.088886537289 0.9454870040063786
7485.804931531139 1.0293963324129047
3855.439377454433 1.0126260427600138
7697.892746908988 1.1280842195592085
5318.524653519487 0.8068998925919834
7009.34531164334 0.9965453675213549
7135.6801084922845 0.8852343815022297
5520.209755401544 0.9840550336643813
5028.185714911815 0.8688711504083619
6260.531374677579 0.9384065169121341
5854.916591885184 0.8057456696583841
4784.736429526787 1.0207354348239084
7216.20151321487 1.173764204743979
5867.7302429999845 1.063535047812395
4975.812119860372 0.920629588468453
5953.765619792328 0.9906951117548615
6782.222062565356 1.0846715084257301
6034.393048281781 0.9234590920820086
6037.503200534383 0.934381087375562
5786.7961185819895 1.1631133611643536
5233.128041904904 1.1748849001188637
4921.320221523036 0.9823998447963757
4033.6067927143267 1.1656572016252864
6112.202619403848 1.1320830422347241
5718.592555102493 1.117655440368852
6973.350724775736 0.9497486718703165
4904.9429262858575 0.9763691799594372
5622.904901432752 1.1871115811775992
4903.049111806035 1.0252706077632012
4699.789316351503 1.1074276103919265
5802.073210103054 1.038227509852224
7018.604749880363 0.8183041467017583
8307.239543110773 0.9981970313754969
6487.056794364296 1.0920692931721887
5642.558535982996 0.8248940115060261
6984.91281089941 1.1590768419770725
5316.473633539787 0.9492893897294304
5167.506097816179 0.8494507725285272
4866.71534969723 0.9577661856118552
5597.805384383694 1.1945238666701898
7755.284011292823 0.9725242112342491
4130.459213801601 1.1466126464267008
7477.24981701353 0.8446499815850512
6180.877485541611 0.903900624201205
4099.4420966591615 1.0053208323839335
5683.057001450932 0.9939632759675309
6645.252998744615 0.9796363783703993
6161.5217702071295 0.9165265122254239
4525.876441497732 1.1314215839924104
3270.485660882361 0.8425260484673787
6238.876650449883 1.0710029725436547
5865.791363128362 0.896576137890544
2919.690199576958 0.9052998734803949
8598.730575376476 0.9605556775807501
4501.112037346773 0.9449375547473813
5814.792519405429 1.1300585558534946
9831.168597706175 1.0329056225220488
6009.2748544813 0.9620408728415616
7603.574088579134 1.0957902555778551
5313.405060521103 0.8562407008865305
6876.413444559546 0.8275481773315969
3316.029784473412 1.0315734116254909
5837.911871401475 0.8036274743307531
3137.2901248464286 0.9355101120730469
4094.4080232255583 1.086733306166201
7087.053655645336 1.1008531551420642
1762.6311992168776 1.0559994797042682
4481.414597143466 0.8498239748900127
5250.289876923702 1.1487328635637366
7377.01140779126 0.9280135683560005
6725.100447969674 1.0903474531516397
6557.585395019348 0.8084817178273648
5477.880140931149 0.8195113409922339
2697.393851257959 0.8244951800672119
7027.896478512812 1.048483473859177
9144.04316876265 1.175306694076189
7308.777016854852 1.0080854366964402
6658.900359078469 0.9486631764707255
3325.061483302616 1.0396425903967725
6372.569424171386 1.0593508682062145
6303.675179366091 0.8509085742106448
4711.980409062966 0.8327667701159468
6675.798521017067 0.8511253503507241
6795.712077205641 1.145509338343593
5521.023763427739 0.803139996442318
6835.618154147461 0.8796057857126437
3704.0298454814056 1.009518589541787
7005.887738726739 0.8479893376541267
5157.528468688877 1.0070691513845862
5885.197420024684 0.8721349787778871
4360.392057359612 0.8691385916664339
5674.410310167369 0.8793143082578037
6176.225515481981 0.8554825122297086
4137.370918241318 0.8033624150527805
5345.46646501905 1.163842832888274
