3 100
0.824291369063954 165.15737597466656 511 89 77 84 68 90 77 62 92 88 84 99 65 89 72 89 60 77 73 91 68 85 82 83 93 63 60 65 61 66 77 72 81 74 69 98 74 93 93 97 84 92 93 69 74 86 69 86 99 62 96 97 87 82 80 68 96 71 93 68 84 79 94 66 96 78 88 93 94 64 88 66 98 65 92 68 77 67 86 78 73 97 83 82 95 74 80 81 93 78 84 73 72 78 86 64 72 75 93 63 98
0.815059626098404 156.39881074013573 699 125 132 110 116 104 136 138 127 125 115 127 138 101 136 139 138 116 108 130 118 134 103 103 120 124 123 134 127 101 110 122 127 122 111 126 113 112 127 114 111 118 121 113 105 130 101 134 108 109 108 107 129 135 134 101 130 105 127 136 106 116 102 134 117 107 133 119 123 107 121 132 131 110 117 116 115 135 116 130 136 117 117 135 103 133 138 134 123 127 107 122 133 137 118 111 106 122 138 111 102
0.8854105165076527 157.46807052507216 751 90 97 70 69 79 71 77 64 75 77 94 90 77 66 84 98 98 60 81 90 78 71 70 72 95 98 83 65 81 62 72 88 82 65 93 99 97 86 78 65 96 89 81 95 91 92 62 78 72 94 70 75 90 83 64 90 89 84 75 85 91 80 93 82 66 89 96 62 91 68 98 67 66 96 64 97 88 76 89 90 84 70 87 94 84 65 84 88 80 75 75 63 85 83 74 67 75 85 81 82
7171.97804664553 1.0474300355349921
6679.212606133413 0.9912172374931203
5008.505825488788 1.092555816008629
7590.142413204286 1.1211908896932652
6215.919481162578 0.9053186597843805
9784.162079124604 0.8029769081883535
6603.467773955546 1.0120619236666957
5375.668374361378 1.1475293155988826
3459.433818668472 0.9845991879434344
5476.194364391831 1.0449184516902652
6689.801449795865 1.1930329047135533
6417.062560709633 1.1901793967352887
7955.176072583395 0.8726847925889201
7196.940416821033 1.0543521113123453
5378.435759934469 0.9209424425552459
5480.8603327867 0.8998633588812422
5093.446090956718 0.8341795118755824
6343.517127728255 1.1587364654574936
6539.444823555773 1.0776003321171777
5165.345237251421 0.9122788959704647
5768.953702870299 0.8227382066453158
4698.029158482386 0.9332272196890276
7791.601099831475 1.197794917686657
4869.426378508206 0.9913622652010184
5720.639342524897 0.9911301230078418
6492.589215175483 0.8703326702523855
4561.7485348141645 1.105496267627213
8817.747012030411 0.9188372557858997
6297.31075940699 1.1593406279798262
7659.965853708434 1.1059777063977454
5754.531588526618 0.9685436807951995
4158.254888468272 1.1397391557125789
7957.941829429302 0.8409447545598662
6253.910609603172 0.8277854943979424
3429.9226205344476 1.1709873100941164
8000.253931840103 1.145539331072559
7498.871965733316 1.124647003559558
6090.038158042221 1.1606906137513573
6794.291353119631 1.1826521087986466
4026.264810779401 1.0930189735859972
5251.796662585341 0.8424134829094294
5782.907348102481 0.8885442974715537
4471.2441561181795 0.9899909269510073
6084.94687615533 1.1598474155878
7444.972467357818 0.8677922133249865
7405.5980414273 0.9303515000321371
7393.388013735203 1.0605464967930276
7110.849422706649 1.1819724879045364
3895.660292211028 0.951849128022563
7290.546200155061 0.9814758134230245
6615.000485990767 1.0266956425289695
4585.204934816227 0.8505127414252969
8293.231710544147 1.167904848454711
6575.445817954968 1.0329546268343757
6887.527877070014 1.1669245697200517
5844.227200480146 0.9220333884121082
6086.696803980901 0.9430887080765369
5761.27016023081 0.9341741565590908
4044.9539625153284 0.8061772859362587
7623.495976855292 0.871799506813179
6566.291931705648 0.8004675458977332
6744.184488817395 0.8819080627896458
6925.270314586061 0.8669210884192742
4705.086843609755 1.0351264625602876
3410.9015744320764 0.8709608443742378
7431.227371361219 0.8790314770853505
7073.496753828701 1.1536164005642737
6998.977914492346 1.0544572433327193
4707.783021345043 0.8421470970092387
4588.641417967876 0.9581932117889724
7923.8743906607 1.1959383048902015
7515.032769740205 1.0240325371539252
5412.1841706138575 0.8495816837369163
7335.358637073957 0.8481860578494097
6194.383900532924 1.060063931497184
7053.312971870829 0.9535157044510767
6179.0761870589195 1.0649880265860008
6586.456667212391 1.0521896513364424
7058.06755716395 0.8805606487444273
8277.685412375882 0.9005039631744115
8605.788558639551 0.9397431307233766
6866.278463954558 1.110153279882833
7297.795466832082 1.1460367985592559
6216.758471268515 1.0385013248821773
8256.188414100416 1.1861878139440662
6651.613772953771 1.0398896469135643
7120.306097824818 0.9019543622624602
5679.855171631285 1.0209859084385207
4932.014955629953 1.1174812784199535
5964.607088696091 1.1338858349227163
5186.148861337233 1.1271224789713252
6721.848425800675 0.8114814243520926
7722.910336688138 0.946214587847997
7496.633227221967 0.9106480343579649
7591.870946271693 0.874871700871078
3843.690791096101 0.8017734625711469
10249.549443731954 0.965693459278615
4218.023076231635 1.0729071282518976
5754.916598575623 1.0658443079911086
8072.22027571447 0.9614213233366755
