3 100
0.9156002605039832 152.41494664297792 597 61 95 87 82 64 63 69 86 98 61 63 61 69 87 85 92 74 90 86 89 77 67 95 86 96 99 91 66 63 97 84 75 68 65 84 80 93 99 73 66 97 99 67 65 86 95 98 67 72 82 97 74 62 94 95 81 76 84 99 87 92 67 76 94 66 69 67 65 61 88 67 99 87 60 94 80 90 70 95 91 66 63 93 98 91 78 62 74 82 60 95 90 80 68 88 61 65 99 82 78
0.852851966001423 154.9892626548793 687 68 83 64 95 62 93 94 92 96 66 85 88 69 82 67 68 66 80 63 83 76 73 63 86 87 65 94 71 83 98 63 80 92 98 62 62 97 99 83 91 65 96 88 64 61 69 84 72 64 82 75 60 78 88 67 89 93 78 81 78 75 84 95 84 84 90 75 98 74 87 63 78 92 67 65 98 99 85 94 77 70 93 68 61 93 90 92 84 61 61 64 83 83 96 64 79 68 87 79 66
0.8962018463341183 129.2398164196013 831 101 131 125 120 101 114 137 121 113 110 100 128 137 126 113 133 116 117 136 139 136 103 138 103 101 129 104 130 136 115 107 120 118 139 116 100 111 134 137 106 100 135 121 137 127 101 137 117 137 120 112 100 100 128 110 103 120 109 108 100 129 102 124 134 137 112 127 137 128 126 104 120 100 112 125 134 118 101 100 139 124 128 100 126 110 110 106 126 105 130 100 106 124 136 115 135 133 136 129 111
4250.823840022719 1.183168589129354
4920.352577498943 0.8626562303474414
5429.186214464815 1.04276595311479
5958.988522021016 1.1407049633121558
6226.551207359608 0.859676169070502
6248.283530582456 0.8632579255762652
5560.142563089467 1.03079830722484
2989.444027486888 1.1815875557654651
5063.686976758103 1.0324249574549036
6881.0422572666785 1.0292937858966262
6349.747930234316 0.9035129040178967
3001.1512307421995 1.0856948512900222
4534.67339484046 1.1825169653493237
5530.071952118767 1.1705147887480467
2999.8199922627946 0.8389268153656803
6113.798540585874 0.8993877507924244
5515.560966879811 1.0661936785712625
6980.229601245024 0.9105398131010036
4645.440434147304 0.9776454071532346
4501.253189758416 0.8137112191093887
3726.0185758768293 0.8679932899006402
7204.655999377027 0.9682962680767202
4339.785599879546 0.8638578615455705
3337.6780253506777 1.1525741284109001
6138.391571118287 1.1805149741805032
6285.920246636662 0.9514419553205398
4385.197603094093 0.9420493672882423
4163.556819094631 0.9559196916481444
4077.097808585955 1.0618394858217415
4299.166871695094 0.8884731396502442
6261.412351461588 1.1403491214533432
6174.294629806154 0.8815199414439115
5833.470172290101 1.1541198394504169
5009.236578644487 0.9505905889558851
4285.061061806934 1.1710278076696308
5054.406067316947 1.024945750643902
5416.838440024278 0.9903314879280314
5549.1767516296395 0.9861353500836048
4978.261955698859 0.8113361299679187
3953.9631150874693 0.991843359230419
6076.967007944366 0.8166362369026414
7596.580250247664 0.984102613367751
2813.194275945813 1.1796144092310037
3381.2686869600716 1.1843959537219964
5655.716744742659 0.8084616038988024
6243.878379478931 1.1980327064406262
4071.547729223964 1.0205554648855093
3173.3005608113863 1.0893740609204747
4213.590962017328 0.8818799319115692
5712.42333821401 1.0348390559082703
6200.57846898499 1.059468838907944
5823.672983218455 1.01677270361597
3304.956492995663 0.8024285967547459
5265.557627381449 1.1488356462116238
5128.198125415914 1.1054061743307901
2969.415708232409 1.0997520600497093
6899.282750126637 0.8555515898182132
4598.662744059648 0.8011009596099075
2560.412574494204 0.9271850010997982
5322.983595381043 0.9591618550407471
5747.471620390644 0.8063777339669769
4775.722614330588 0.8396511581860766
3717.7289327916733 0.8034852983711375
5232.476434212743 0.9294947058601729
2385.4151649141027 1.0918948592082378
4540.569740319148 0.871491289009939
4825.969933191277 0.8345582399025554
6980.798725600347 1.0859477851101218
5222.481057764016 0.9178767207558864
5631.144142052688 1.138510240586377
4435.901873049336 1.0331723262738217
8220.98475267505 0.8920560191238254
5956.422786890544 1.1521067312217246
6067.262583448058 1.1822740447452178
7275.798412166247 0.8001874227466395
5929.096488087607 0.9207756510558941
5521.422467007362 1.1198607911408671
6654.927256652005 0.995073390323921
6257.365907557475 1.0665475398486093
4890.758525268219 0.8347352086812398
5275.894299549761 0.9384690554809787
5223.3115434103165 1.1558459050816536
7383.558924260716 0.9930660759697089
4166.294601331923 1.0828959984665107
8563.194413030904 1.000198596798232
5387.584219152208 0.9290048664332634
5256.2319855957385 1.0194824388361334
5529.689154391847 0.9589579524957677
5661.678307389023 0.8500698217346939
7440.287949555564 0.8295496476420946
6141.497784285023 0.9626173022972995
6272.52750436208 0.9774202692553795
4883.493583408037 0.9939383246380993
4387.569826651933 1.194775340274665
5284.565866097197 1.1698789413604207
7112.310331460257 1.003058779141191
4850.037602327623 1.0637734441331825
6195.652362612961 0.9058963718290292
3143.9446891596303 0.8160059814129486
5964.563025519396 1.1831953623427602
