3 100
0.9126138389963406 154.1673426654407 501 72 80 73 97 70 82 87 78 93 73 60 80 84 95 88 80 62 84 65 98 99 60 78 61 77 75 72 70 90 64 69 96 84 97 80 68 68 80 92 88 86 81 64 97 83 90 85 86 73 94 80 97 91 74 74 65 83 60 72 86 67 95 78 68 65 77 81 67 63 72 90 97 69 82 88 72 84 95 77 96 63 83 90 65 87 73 88 60 79 79 85 99 61 78 98 72 94 91 70 61
0.9253375107468935 167.71634561784876 938 138 126 113 113 115 116 127 100 109 113 105 105 124 108 121 121 136 127 112 137 136 118 130 126 106 138 129 112 138 122 125 108 132 139 113 105 109 118 126 102 128 130 125 122 119 133 132 124 122 103 125 118 124 137 117 103 117 115 124 117 133 111 118 107 104 110 109 105 112 125 136 119 113 105 129 129 120 117 114 111 100 122 135 131 115 115 132 132 110 133 126 119 139 121 117 127 134 135 126 114
0.7590039585807763 146.86349464098947 945 69 89 61 76 89 67 85 94 80 68 99 89 72 60 82 62 74 75 71 98 86 66 83 77 69 88 78 61 61 81 70 98 62 92 64 75 79 93 99 67 74 78 70 78 69 72 66 63 69 61 88 63 96 78 74 88 80 79 74 69 80 74 66 74 81 73 89 63 66 81 97 90 76 95 77 68 83 97 96 83 71 66 87 95 81 82 73 95 97 72 92 76 84 80 86 77 68 94 77 66
4485.136282872558 0.8554251457869411
7667.309441147676 0.936904772616536
5737.184270174663 0.8030581108562242
5512.083519670272 0.861262820948179
5690.997281368495 0.9985942101668496
5731.6193895296565 0.951731893284195
8322.550937350716 0.8930866283458686
2995.4858821296775 1.1674531798473953
6979.137686210695 1.1303187898591969
4730.201680032855 1.0574830061194638
5874.045616975918 0.9073350511697145
2390.4155145026107 0.8442388606249894
3926.1798640367088 1.0874989274646203
3372.316437003056 0.9976978243710579
6911.125793337425 1.0216825190715721
3575.6398659672877 0.9902497573245301
2651.953006860055 1.1044583640306775
7841.762099701093 0.8489488631891835
5360.771379388749 1.0423736456781127
3789.5589376182056 1.0458240288862217
5164.658835978547 1.1518240175416465
7431.483886886151 1.0592880861898466
7340.099910999423 0.8507102571596057
5835.485074009639 0.9040199783782034
9361.576752425235 0.8544906594587004
6196.841715759969 0.9038098787474653
8116.386713368718 0.8215125883458178
7173.014657602857 0.9497128633723666
6662.932686108861 0.8076059729049104
5459.0239709025755 0.9284499312577895
5987.196267436875 1.1536497659485336
4956.908822832592 1.1174947762756329
8721.023588122993 1.1754209984287507
6566.717952372281 1.1059199734697511
3932.1006704941187 1.1001240492638638
3576.1668056099647 0.9253956030511123
4550.206799285359 0.9970370677944711
4735.147430578497 0.84018842141089
5162.36295519188 1.013685237677415
3835.8077428140773 0.9650865548200858
2982.049767938191 1.1751508549915615
7803.859024811906 1.0029306774586182
6023.077752264643 1.0789829222032623
7862.26201196623 1.1598834885154343
6341.643907371607 0.8314141209933181
6728.984828756063 1.0875214528769397
6583.812951609991 0.9794671863998234
9063.313807101224 1.160679708968321
5986.864007190823 0.9401539053270513
6677.670191316046 1.1651190534070128
8701.899363596276 1.196582226271821
3958.561795396173 1.1705238637730806
6801.14581606957 1.1724403840066913
6927.767060068205 1.0363594005074486
7374.126881470818 1.082003315309162
3919.883600398615 0.8182071511024944
6461.888665245988 0.996701314643981
5608.1076236125355 0.8989868517026685
5554.377324006323 1.1515657963389818
7715.7246046968 0.8433613580529058
4066.756356320454 1.1790087406595715
4432.662180591921 0.8906947767807258
4789.956122462192 1.1764007814316422
5517.085227148021 0.8963759239620422
6948.4269079122505 1.0693085032665794
5364.88325480797 0.8916692923898515
5538.699973917235 1.0740948775315853
4832.0815746343105 0.980002135292776
5662.560177621291 0.8623820110503917
4641.178946288803 1.1307175783736356
4662.252359075645 1.1375827903643003
6436.671124865134 0.9177748911349405
6029.241357445416 0.8379585058026309
4022.79490734342 0.8366978487866388
5560.640396198574 1.1672698870418179
5663.240857066254 1.051930681204125
7061.780285811916 0.8441280973534182
4468.992818685373 0.88647822418898
5223.54894043676 0.983772668171643
3969.754852260838 1.0619643122489693
6557.349325287736 0.8496519921866812
8570.695927511113 0.8109110316418205
4205.235907669076 0.81794161272345
7596.1643337469595 0.9970055635487729
3037.369038459717 0.8216293313166545
8823.34227927848 1.0052197904246565
5464.409051939932 1.0052591266226059
7258.285559586293 1.1604415678932953
5216.780747015963 1.1000777464634084
6577.36895989857 1.1904809746818301
5459.219650776844 0.8731350198569828
4020.8159866719416 1.0702308836973584
6109.652592547345 1.0341344999608155
6867.34500043626 1.1761217348430328
8185.702583808017 0.8777762776797341
4499.265481594482 0.8835269080798427
7980.883711588119 0.9800921708084083
5902.954012857736 1.1348533035781716
8799.399082451686 1.0219524364249348
6627.624492876535 1.109960590515968
