3 100
0.9336548658333547 168.18662609454077 693 86 65 77 69 86 90 97 95 77 73 66 72 89 73 88 96 70 78 91 64 82 75 98 76 63 80 94 95 92 79 60 92 94 64 95 65 70 82 69 79 61 92 64 87 62 92 60 63 71 98 80 75 73 93 84 82 78 61 98 78 78 99 67 84 76 94 63 89 72 99 91 83 84 79 93 83 78 68 83 82 93 91 79 85 94 82 61 92 69 66 99 65 86 63 75 99 74 63 64 66
0.8278320974558613 147.77753332790002 773 136 111 129 102 132 129 118 112 135 108 125 110 133 136 129 114 120 123 124 129 133 136 103 136 107 128 135 130 133 119 120 121 122 130 129 115 112 137 106 107 132 116 113 111 116 121 134 114 104 118 135 119 131 131 134 117 134 110 132 101 100 130 128 100 104 101 110 127 109 137 114 101 136 101 118 117 106 133 133 127 107 115 124 122 122 138 119 137 105 119 133 113 104 106 128 111 120 139 121 135
0.7734776887225334 162.59429370393053 853 66 72 73 78 73 98 74 72 70 89 78 90 62 82 95 84 63 72 67 70 85 73 84 92 66 73 70 72 92 76 88 65 87 94 83 69 98 89 79 77 96 72 83 90 94 92 84 60 97 92 92 64 60 89 61 71 84 80 73 62 68 83 82 84 67 87 73 84 66 82 92 87 83 73 75 62 87 69 86 64 82 75 83 81 71 73 79 66 94 89 72 95 75 97 75 63 62 92 98 94
7465.205133729659 0.8997510914450754
5438.859379969349 1.1496062091682753
3893.1422471463006 0.9723756980293611
8331.55328037273 0.9024175856638375
6810.37856430445 1.0231272193881797
6195.680139541576 1.1392836579385008
6333.559655921213 0.8185998491606304
4572.9147828910145 1.133545404367823
5590.916818147506 1.1920415136144065
6088.0201629265475 1.1132933251423618
8999.94635077185 1.1381206187848198
5596.093954837705 1.1051238075554006
7737.739562348858 1.1319394561612117
4655.280394799343 0.9968695419324496
7099.2085485866555 0.9470692614779399
4872.306286192638 0.8671407390877683
4413.656564752568 0.9775040106919417
5980.844683616841 0.904329119633444
5522.11435409352 1.028380688543658
8891.560898256292 1.113313806251547
7300.649996700395 1.1022802275310448
4631.435202318099 0.8769605216486145
7746.828924939496 0.9574081456083415
6465.17075917136 1.04828548036625
1846.740233733879 1.17362648341699
5200.642110886934 0.8090290128182407
8374.169786636916 0.8163718574526729
6436.9322876464985 0.9049491084007084
7727.737818286029 1.0185326166410338
7229.880775959406 1.0848311691121781
6546.108349905746 1.1238388436776814
7698.708309707318 1.135924207555765
6854.094021715934 0.941963750527296
5576.384410616321 0.9797309075224283
6445.40523986065 1.0721797729854907
5454.178065127998 0.9360351851741358
6671.7396479317185 0.8517263496980219
6865.677123379573 0.9970630333466411
2485.6139459842416 1.1021168462466078
3828.4777012397803 1.189552684799557
4680.156309687473 0.9045417643877721
6101.0633480339575 1.1746997735092508
5482.702474957429 1.132937146924627
7632.3471707002755 0.8119952836235661
5898.970410278853 1.0212117876810116
4948.970879627873 1.0757342393270513
2026.87783754067 1.1483878096498088
6707.320412130553 0.8609252712963771
5290.507394169288 0.87740556099688
4013.9386608601553 0.8953022910273774
6685.7056830174315 1.0904369671003038
8178.522399643302 0.8547186292024184
6427.844601826376 0.8406893794872219
5838.246547844497 0.9355893294307905
5745.833476110904 0.9067031186801681
7410.867977234593 0.870324767088065
4540.306760798359 1.151568473688266
2882.33974106833 0.9365144582131275
7525.595214980137 1.1739600659983602
9607.355612838935 0.961227634964021
6131.248699341015 1.157048243384803
7635.039731095926 0.9763914343392994
7835.756464421549 1.0174451016510875
8807.211808052733 0.9809270976437964
7586.102937256432 0.854817884517392
7844.950317098537 0.8828903224924783
4705.3353704952015 0.9970259701688804
8274.82499374155 0.9988887114564621
7458.588490431142 0.8747992641187339
3858.6709909364313 1.1478537406607874
4862.4969143355975 1.180124188891922
4944.949297590214 1.0582610305466336
5878.10708055204 1.1011105848141711
6496.848126708757 0.9134010322384584
7552.320927165449 0.8410685552759283
4888.366897872056 1.0109241741616344
7380.7030944270755 0.8886289945223916
6283.815660265296 1.1588681112809625
5136.538814173193 1.1479341706808177
4749.751474262585 0.9165804392069737
6055.645626345325 1.1808724895418006
5674.023909005119 1.1467939012872992
4606.59150322262 0.8326796554879754
5066.520463436008 1.114066358342537
7237.73014743459 1.1635556025256157
6201.672384833823 1.1830378540036202
3873.079618584642 1.0399107060319133
7271.7340394586245 0.9020965896140181
7177.747366617969 1.0842267503575769
5048.066830659217 1.1490479800360913
7397.585994475026 1.1384093677856337
3660.762812253562 0.9497464805218205
5558.087045257892 0.8553625175684839
7371.471655133026 1.1690467755258576
7845.7886042889595 1.0036544074521425
5190.806465086916 1.0662462704208666
7147.150573662003 0.8656207328320398
4498.332002338229 0.9449989191285125
5582.357245397977 1.0832402706925297
5123.191617898827 1.0965328786700488
