5 20
0.8472613186648064 172.90854342839157 556 121 111 130 110 124 124 138 117 137 111 103 101 128 126 132 113 120 110 138 117
0.8447674012679697 120.1986192557536 744 68 81 95 79 74 88 74 82 90 89 82 74 82 99 63 86 77 94 71 65
0.8965117552154822 115.64403223631143 836 97 77 64 91 61 72 97 69 80 74 64 72 70 82 78 63 94 80 66 83
0.801825555300059 155.1435109102448 926 124 120 113 117 136 107 108 115 100 133 107 130 113 125 115 137 138 132 104 135
0.8697483373189762 147.56856071816932 950 81 94 76 82 60 94 70 90 93 64 73 75 87 68 91 79 95 81 70 85
1906.4433968901008 0.8136482865021332
1658.4952374977684 0.906670300919531
1831.3198290257233 0.8304777398422831
1860.3688141118216 1.0083327063847445
2895.7525094271336 0.848273249123165
3182.398064319743 1.1135728246209107
2958.9008379533575 0.9471762099184717
2769.447304437748 1.0615016065686242
1623.2122320454246 0.9437545717580553
2242.157519737466 0.8924677257710809
1825.958028852645 1.0491883783992464
3532.213454841937 1.0521403302442514
2200.0689727642757 0.9352055116928802
2565.689550426326 1.1545535078855333
2460.3374634741217 0.9846420889091299
2197.254985131836 1.10058407681132
1922.0013938396116 0.8909513544619998
1528.517342751429 0.9626593592378572
1901.8370494860017 0.8108231922349574
2191.2185649828402 1.0988789385802802
