5 20
0.8362913796541601 106.73698220192213 713 81 77 96 71 67 81 76 77 94 95 99 96 77 73 82 80 83 69 69 60
0.8431233241102782 123.41783981564589 755 93 77 75 89 71 86 97 90 70 78 88 69 65 93 72 99 95 98 70 79
0.8821029805322451 122.39191825126511 763 115 133 126 130 112 139 139 116 126 103 109 138 113 117 124 103 132 134 107 122
0.8098315372607233 110.61110232233929 820 86 97 62 88 70 81 92 71 79 71 99 90 66 74 97 66 87 85 95 71
0.8873460013210598 105.3574641294947 909 133 118 139 126 107 128 132 113 105 122 125 118 122 122 112 112 122 131 130 116
2675.3197630404356 1.1633940202588369
2024.1870249634549 1.0625276732981033
1605.5653479915013 1.0281947261280766
2074.615631708167 1.013607904973352
2494.9266944535184 1.1392678992187724
2089.9598141435135 1.1012612562672597
1282.0114989426686 0.8569477097788956
1989.1698343289754 1.050443606204976
1660.9764628442738 0.9641877910283575
2796.250129016455 1.1722001174149044
1805.4883989142284 1.1408262425385673
2771.6799794709846 0.9470801591361713
1633.2111284513917 1.0806350822996087
1538.104306098373 0.9681098941005045
2117.907471963041 0.961943232328803
2424.7130654007224 0.9177307070811592
2607.4487971165427 0.9606723385796011
1810.9989529661443 0.8239688482681973
3071.6384670408634 0.8473703834878545
3750.470755064369 1.0043118743396258
