5 20
0.8971505873372402 187.7158306503226 673 84 75 78 82 86 86 62 84 66 99 67 93 96 90 68 88 78 72 89 63
0.881287661880072 146.88474757741278 681 67 88 74 89 73 69 98 70 99 73 65 76 94 64 93 78 82 85 76 94
0.8099999314972484 158.32207833687931 700 71 86 75 79 61 79 71 88 72 93 98 85 93 66 97 67 76 63 85 96
0.8566060190962553 99.9875472535466 766 122 106 119 131 105 121 114 123 130 105 131 108 106 122 121 103 138 139 120 130
0.8747180203690605 112.45329168430739 963 130 129 110 121 121 126 129 115 118 123 100 115 134 105 106 111 135 130 124 102
2006.6140861681718 0.8357229209914017
1874.4021006782752 0.8583443533913995
2999.3756184293616 1.1193500751168128
2017.5172358148893 1.1576986780763905
1189.7175759125334 0.9365012742736469
2342.821236774682 1.1655898318092959
2684.322644036398 0.8873831845738795
2557.3695553752486 0.8154430843968342
2219.0250939284247 0.986581878347062
2424.51675745975 0.8249456251417739
2032.8110697891802 1.0079124635773367
2339.9874090202707 0.9433944287250544
1943.0461631134372 0.9247325960673672
2435.5283804727273 1.1371549696664085
859.2694068756434 1.1175361522623581
2189.795358544544 1.0431647301341773
2128.890385853065 1.0004457735983405
2668.8196052591143 1.1101118901507794
2356.3777567559778 1.074582982287193
834.5174371132834 0.9512128010856526
