5 20
0.8772995672338426 115.7104413789862 652 87 82 72 76 61 66 82 89 96 86 99 88 73 91 73 74 98 61 77 83
0.8485516888199406 169.77846009429112 653 125 136 129 106 124 102 123 109 133 135 117 115 106 119 132 104 125 136 138 131
0.8964824713629463 124.95124140170456 682 96 66 99 69 61 94 85 73 84 81 90 94 78 74 79 74 73 93 75 97
0.8428910807774053 188.90567299007148 776 60 80 98 95 70 74 77 60 76 96 66 69 65 69 61 92 74 62 95 72
0.8089603212416209 138.60470227995594 814 127 139 136 127 105 108 119 137 124 107 132 111 106 117 122 123 131 132 114 118
2914.9289801418345 0.9429874780092944
2391.579526012953 0.8791479850623317
2639.4463953819295 0.8848866621338835
1554.4926035881194 1.0959627219039798
3127.5351777968704 0.9461341851063337
2650.8190336294624 1.1844380112002906
2254.478989665439 1.0405738064657533
2813.524414059569 0.8320916886796874
2235.691322589404 1.021653812283476
1511.2616755197118 0.9851318128132871
2455.42309052958 1.127281029020173
2384.950780615586 0.8405687633050525
1933.1313150518627 0.9538762967721031
1863.1951861724265 1.0881472362463034
2040.4824078662004 1.0685255665287012
2045.8338634978752 1.186604841461834
2380.8945131409873 0.8323620028286834
2191.7638971574956 0.8950549770042829
2100.016693076076 0.8345644252771346
1330.2003974538306 0.9590857594274674
