5 20
0.8657352078336883 179.52754369735806 543 127 121 126 130 123 106 127 124 116 125 107 101 125 123 132 137 114 131 120 124
0.8882812118259172 157.22607846827486 623 79 79 83 62 90 89 95 95 92 95 66 87 94 87 85 82 76 64 88 86
0.8958587494852085 111.90074658038489 804 95 78 85 72 86 83 90 76 73 92 83 87 70 69 90 95 95 63 82 90
0.8154577722148905 148.40948347225327 855 102 116 115 126 109 127 125 109 100 117 132 111 111 129 133 137 102 112 136 125
0.8853089234618006 201.62058067188616 935 61 82 74 97 70 93 92 93 60 84 61 65 82 86 99 85 98 98 73 68
1614.0730547975882 0.8952554007821836
3204.4572832344784 0.9810166336008602
2210.326883144474 0.97504723424504
1769.7574888944514 0.8986294397302037
3161.175909195391 0.8477810105517654
3083.6800169693324 0.9275859328018845
1777.6329374252969 0.90105707979671
1892.405002979141 0.8976712080644615
2871.7885438547605 1.0921265434986513
734.2228534611145 0.9601773252778661
2690.6550469805234 0.810178879936909
2041.7787663774234 1.0895340484552472
1517.7224285219522 0.9550943255205692
1756.5097151441596 0.9126167852257335
2066.2124480617526 0.8994534949643743
1282.1127139094806 1.0810143064582833
1750.9432184336674 1.054982065841817
1911.9907899548202 1.0367302728739158
1851.8779327535528 1.1724026027262529
844.0675992941669 0.988465925727794
