5 20
0.8793895971124567 105.94430103961675 538 62 75 71 91 73 78 92 73 76 65 96 69 76 66 90 93 99 92 97 97
0.8877384361117915 206.3652352848075 725 88 65 77 63 99 96 65 82 74 88 86 67 95 67 83 96 72 79 77 93
0.8985509996101992 149.14794790070798 744 130 120 121 129 110 115 111 114 113 102 122 116 127 128 113 113 111 121 117 125
0.8036442271603302 178.46742308424058 769 131 105 112 138 124 113 105 117 117 105 109 131 136 138 116 122 125 102 101 125
0.8484767127773638 172.8367421305046 962 87 69 79 71 64 61 93 67 84 87 76 97 89 65 76 92 96 73 97 96
948.8661435949616 1.1998682194666075
1869.9468122758046 1.0384549436839712
2327.2910470243614 0.9917405813971472
1834.3273256369248 0.983172154946774
2000.039997486529 0.8398116760594685
1867.3901022972077 0.834443011662119
3336.883065687644 0.8044253209126836
1149.2833784850131 1.123257020683278
2865.0906780394475 0.9534247531552354
1853.0645580803068 0.9088632599327654
1975.3776209020864 1.0158998030472464
1850.5816432226163 0.8896086193851108
2792.1563902996336 0.8427910206034659
2194.193886803021 0.9086542770402682
2645.2986904695545 1.170728260064793
2778.2266917136376 0.9821346940350372
2908.729517711178 1.1070474769928116
1498.1120893820978 1.0728218692165594
2456.6466055957317 0.9651471598812625
1821.2709639891584 0.8931396916080099
