5 20
0.8977546184218177 151.96967013604933 546 88 89 98 72 61 83 67 84 95 98 74 89 87 75 67 93 95 87 84 82
0.8391806589124374 182.32271101088895 648 82 94 63 92 65 66 71 78 98 73 69 66 70 89 70 74 71 64 66 80
0.8878681352732919 154.08639180107585 651 119 132 112 110 127 104 109 137 113 132 113 104 134 128 104 117 122 109 137 137
0.8107798984003319 162.0968431847446 945 60 79 86 96 89 74 68 86 82 71 72 74 66 77 75 72 76 91 60 68
0.8246092463656365 91.0655619195979 964 102 137 105 119 107 116 137 128 118 117 102 107 122 120 105 130 136 110 114 116
3511.0495187166775 1.0011384513895671
1904.033941280686 1.1679207397581537
1993.9496853747657 0.9833324197260831
2835.8313188012767 1.0590749927112073
2529.597370595654 0.8673930723827243
3299.8818091195963 0.831086318198001
2750.3274037239835 1.0247990905696707
1700.5185898660993 0.9547372513740816
2439.2313353607665 1.161312807162382
3046.5908082080373 0.8310974731604504
1878.9341245371415 1.0166415613796314
1818.421567068373 1.074050896226657
1744.4923954440355 0.9070918667468246
2424.4397451741092 1.1621995031872552
1856.277703614198 0.8266049043437329
1583.4264255340404 0.8600293365331454
2385.5853616574013 0.8603836385265013
1828.4697285020281 1.0873227334243292
1591.6640343735494 0.887236216247373
2655.22023361234 0.9767167667609967
