5 20
0.8032932199996592 131.8254294075292 503 62 99 98 83 84 89 71 80 78 96 75 66 91 99 60 69 80 79 63 65
0.8741778778469098 155.57779293323009 770 119 136 107 104 133 125 132 115 129 135 130 108 116 105 106 137 123 126 137 136
0.8062530148556423 126.83167090722056 777 129 139 131 113 138 103 114 104 136 110 134 104 111 123 111 137 117 115 131 122
0.8006926146768104 191.57190020001906 782 77 74 60 66 99 89 83 77 93 64 74 83 78 67 75 62 89 71 76 71
0.8751047701237732 154.28814002688455 938 97 92 67 77 77 91 68 93 79 61 85 86 99 67 83 79 90 64 76 91
1739.5758452800983 0.9434381128131705
2463.701620353388 0.9190215164516332
1478.2585163557642 0.9260027427388584
1908.1447171235172 1.1798455674172623
2673.839306711006 0.8101393615098813
2128.617133348086 1.0192230690947492
2145.857900677291 1.034483239143051
2191.660930794445 0.8273980844842956
1820.7684860907275 0.9614291187811589
1581.7833205114257 0.9077747985653354
1814.509387429581 0.9220114217868378
2060.14145290887 0.8469160106911199
2022.8637870453838 1.034100787514281
2833.6811262577694 0.8882221806321857
1989.667482445162 0.8659925886579742
2603.8473245106434 0.8132700281233352
2388.0471221793287 0.873871647630389
2582.512010237741 1.0827995877466372
1346.3356843067493 1.113388528925521
3504.703270949869 1.0313603629275279
