5 20
0.8171328139973685 201.95916101917484 647 62 96 72 94 68 83 79 69 92 87 99 94 89 89 78 65 95 72 82 71
0.8434510581925638 147.3383459409048 750 138 122 111 117 105 129 126 131 132 104 107 116 101 126 124 108 132 104 132 123
0.8906123274356245 151.85951480511739 756 61 97 65 73 64 63 66 80 61 81 74 76 90 90 81 77 68 72 71 82
0.8575160547348633 159.2945851647364 816 122 112 122 122 119 113 124 133 119 114 128 129 138 124 131 134 102 101 130 125
0.8543478600523915 95.07493459288187 820 77 61 94 72 94 91 64 63 62 87 69 92 96 87 61 99 60 87 76 82
3316.9664337711374 0.8044347603821795
2679.9263713819396 1.1175119411710797
1768.862049617027 1.1246373245371193
1928.2413497252278 1.1914281315848028
2729.946819813601 1.049458812598318
1730.7898398959198 0.8136963948045269
2631.863526729378 1.050597879921225
2162.598514832383 1.0376771380686216
1466.8153763894502 1.0879618495684136
1827.8600981396353 0.8146367440126996
1791.0047894305953 1.0344495050879334
2807.115632978513 0.8603557456548943
2301.9616141082656 1.136185866924724
3166.1279000551685 0.9273428575487042
2481.082597576656 1.1326690790846183
2866.1552827663863 0.8678836091916222
1176.4247302079523 1.0425212535870902
2724.5666946017445 0.9622667148961732
2419.1080466758594 1.0298960081333381
2279.8714916908616 1.1442010711380757
