5 20
0.8589701792993242 186.55276239461466 607 127 102 115 130 128 111 115 124 115 131 127 133 108 121 127 124 134 137 130 126
0.8282484939674319 102.73378971297406 631 76 60 91 75 62 85 88 61 87 93 81 94 70 60 73 80 64 87 85 77
0.8469380645837072 147.17098862570015 720 92 97 80 82 84 93 70 81 86 92 77 83 79 99 89 90 73 72 74 94
0.840236178480384 90.4614075213376 738 82 89 77 60 62 64 90 60 78 70 66 82 96 79 65 69 73 72 83 94
0.8013806161357128 143.7925986169064 841 130 115 119 129 124 124 118 135 106 106 106 108 138 132 124 132 119 115 125 131
2240.191212603395 1.1715335592083824
2203.165145171337 1.1574503818184352
1502.3547903331073 0.9065027190056255
2089.302055341148 1.0030948614071027
2295.5869886828236 0.9816770372231582
1804.0095483783848 1.0162002347166368
1857.8068625738345 1.0153323704682662
2162.94766422074 1.137644430418721
1747.4962252872454 0.9289604158984437
3345.853410618709 0.8575734749900832
3000.2310918548233 0.8183245940139344
2901.937039664417 1.1849058890508337
2010.6460961268822 0.90603115547068
1895.9306347960523 0.9732955799113483
2352.183937896115 1.1470584432337394
2542.203277136276 1.1801322733119477
2816.8217269309353 1.005852829300631
2985.2007624238386 1.1890660511226232
2833.641572145497 1.0708162099890206
3520.0618943254276 0.9688214814610642
