5 20
0.8738677651661202 177.11533150940608 585 60 85 68 97 73 82 94 69 69 67 65 91 60 95 91 92 67 97 85 63
0.8871758445494179 181.06476972548245 631 89 92 89 92 66 99 88 64 97 87 60 71 79 72 68 83 62 87 62 85
0.8356441975041501 149.16308957845746 631 87 61 64 88 93 81 78 74 65 91 68 98 98 63 77 81 73 65 72 79
0.8456533025646722 93.02459498660726 641 135 102 102 135 106 135 105 112 108 102 114 133 138 124 137 133 128 139 109 112
0.8893175184106599 181.80456652752423 942 111 136 118 133 124 131 102 132 102 133 103 125 136 110 132 100 105 123 100 124
1058.5511190971874 1.0889344162451458
2190.5785123278065 0.9844317408194548
2678.774198624932 0.9995923693667879
1854.5162948189313 0.9216955974344532
2192.233355996327 0.8940093670057943
2415.6647881039585 0.8852634985494098
2057.9937359783207 0.9867807858024337
2510.2006368195925 0.9220276581876491
3274.37305728274 1.1307652813785918
2052.728911916021 1.0329690136969523
1329.2940932384265 0.8564970459871486
2356.7813387412352 0.8810967735249734
3192.238678090207 1.150529237357426
1339.8740349333889 0.9865364690621904
1542.633136767901 0.9284054145932956
1745.3098741918734 1.0349635291674644
2776.7588056573823 0.8744083385159929
1185.3160147525796 1.0768994492912227
1590.5636977056688 1.1603171130767738
939.8665620293293 1.0956042922892257
