5 20
0.8054437732679894 175.61274963728917 641 114 114 123 105 117 104 117 109 121 118 133 118 105 119 123 134 130 105 114 120
0.8723504811176037 93.29551630257386 683 65 83 94 84 88 98 74 60 72 63 63 74 96 62 92 93 85 91 92 92
0.8223775834920691 184.1706002568797 757 123 125 114 123 133 116 115 136 109 114 118 134 117 120 107 109 104 131 115 104
0.897068703546465 154.7925315557148 840 67 66 96 60 90 61 73 99 98 79 69 96 73 70 93 74 78 63 85 85
0.8283272066242288 119.18149628956137 851 74 66 63 68 95 83 80 97 91 92 83 90 63 83 70 71 74 76 70 86
3011.279328424034 0.905809824144945
2919.110527524691 0.8271196139205911
2088.387421231197 1.1817315341582921
2526.271501131193 0.8767699925094993
1885.8040074791254 0.9511437117158213
2084.8290061416124 0.8424741365823807
2872.2518046209725 0.8579313326579661
3494.8341211279303 0.9263445546780942
2736.285476157487 0.9670130562471045
1686.722211936442 0.9471559558189631
1500.8712229400069 0.951104492532822
2672.6356774201568 1.0515358646676107
1304.7589744729912 0.9415379092764891
2559.2339988697504 0.8406161740520924
2516.70272386219 0.9051220077348774
2709.918990469294 0.8606995286544383
1794.3581245329565 0.8071035764702092
2438.4773777621585 0.8420558867642981
2991.731556432043 1.0255705064277882
1516.048743461312 0.9867117185021543
