5 20
0.85 154.7287976107233 524 94 82 99 67 96 63 83 78 70 72 85 61 71 99 87 72 89 92 97 78
0.85 128.45470649670665 532 107 131 132 138 122 105 115 106 107 112 118 102 137 123 138 100 126 106 123 128
0.85 146.10915118046532 618 78 75 76 78 70 80 91 60 88 81 96 97 70 97 70 89 84 73 94 80
0.85 141.25010573970354 866 126 106 113 115 128 127 122 118 114 138 109 113 132 112 136 127 106 135 124 104
0.85 157.6350254627119 904 74 71 73 68 68 89 62 89 61 91 78 72 92 63 77 63 70 93 90 61
2128.1399049483566 1.1557501376427664
2532.1860183625745 0.8380891817289012
1808.950712320987 1.1023182857311409
1038.410521562518 0.8383472761948467
2320.5281087041826 0.8846022030376022
2905.8341168671673 1.0502754159909666
2615.9829524958727 0.8262756182273139
2103.251260402031 1.0439194126124867
2292.4096774001164 0.8915623131120259
2217.5068472295256 1.1341390492204182
2201.1086637560893 1.0582163655238868
779.851012479229 0.9311231622184448
2113.079593803822 1.0803043910690306
2324.2245729249357 0.8887503894512649
2972.4489957821406 0.8713691275307751
1861.8535145000183 1.0559138637500123
1516.6052707994097 0.8180850824800251
2654.0874649478296 1.199526697328067
2656.314034218917 0.889051694703771
1902.264140942466 1.1556754632134563
