5 20
0.85 140.33809687452901 660 97 88 65 79 67 71 86 82 80 76 62 75 71 79 98 75 64 60 92 63
0.85 144.78349368200927 665 62 91 65 88 73 73 78 92 72 82 92 85 74 84 84 64 93 97 76 71
0.85 158.5881463943753 685 84 97 89 88 85 83 83 79 85 98 69 67 83 76 89 76 78 94 93 77
0.85 124.93793382088003 745 132 111 127 137 115 119 109 125 118 138 122 135 117 102 115 126 104 130 111 110
0.85 135.75307832015912 777 123 116 102 126 137 103 105 132 130 114 129 110 110 117 108 111 103 134 112 111
2620.499865713846 0.8575275961576487
1412.5172476503262 1.0931965398659327
1790.4854659758794 0.8273234484752047
2110.709436721972 0.9913964784569137
2021.0873098500463 0.8650745307898383
2058.899386926941 0.9821968358796599
1604.8277661179714 1.1397517661849508
2455.0258625215893 1.0409215298343466
2314.387784963749 1.061727036811774
2363.170941550714 1.169224242960452
2508.818914886296 1.0785202332923467
1803.0702397461737 0.9586434649273902
2118.2925919538347 1.1985435151716228
1672.37623605872 0.8950932135238095
1735.1964838981141 0.9127215888346661
1267.1660165575133 1.066145199529685
1446.803309457283 1.1778586815310907
2508.2004021706894 1.0273527930114872
2230.6658713031125 1.103278135433796
1807.7535907998872 1.028406375158076
