5 20
0.85 165.34791901963075 534 97 82 60 72 65 83 84 94 93 91 93 70 63 61 67 91 74 65 82 86
0.85 163.73460522796134 674 89 89 96 72 98 89 81 89 80 70 84 63 91 72 81 99 87 95 81 64
0.85 137.92608145750205 701 135 104 132 109 112 120 106 117 130 127 125 114 133 103 137 134 137 110 109 129
0.85 169.1077810155223 860 76 76 64 86 88 61 94 74 89 75 95 98 61 99 78 95 80 77 80 84
0.85 120.68376861797047 900 130 108 105 108 136 129 133 135 136 125 111 136 125 119 106 123 139 139 116 103
1293.2611103927643 0.9225274133680362
2081.244330515343 1.17784578556096
1013.8067938780403 0.9369602568484319
2402.566107949218 0.8098623805264343
2553.2288730643872 0.9095953889790219
1957.6648617708488 1.0371233789544212
3230.74325552189 1.1981239628800486
1804.5605413038893 0.8491952985851575
2275.61500618636 1.010416194580019
2422.580997472215 1.1103824227419072
2555.808737226576 1.152401197175881
1905.4065495888865 0.8932508630844684
1874.049727988209 1.0115522041478398
2200.018534450872 1.168215730751701
2077.527615759467 1.1171918098491165
2476.443697436807 0.8635663207175529
2600.4323420205824 0.8482058265145933
1842.9274244948415 0.8075524820792868
2119.5029952126188 0.9707230697090314
1889.7877719929663 0.9056214980387204
