5 20
0.85 175.97328778203394 541 131 133 100 109 118 131 105 122 114 104 109 130 115 107 109 109 133 119 124 100
0.85 125.22855221179512 656 74 60 60 96 97 77 74 83 61 65 88 85 67 99 88 84 65 76 75 80
0.85 157.6601465549863 818 60 81 82 91 70 78 75 71 86 79 66 66 90 66 72 73 96 89 96 68
0.85 137.0865184433763 827 77 67 89 68 89 91 94 98 87 97 72 74 62 83 81 97 97 81 70 83
0.85 134.53112302188737 838 106 100 108 109 124 107 103 110 109 100 109 112 125 108 112 121 118 128 133 139
1980.6272324265765 1.0908165820460105
2365.6374667885702 0.8491907634210897
3114.5270727945735 1.110666552213646
3056.7865608335323 0.8157482796374087
1815.3690264178756 0.8460273885596978
2893.664881055729 0.8248581059506559
2341.952083829935 0.8898849160815657
2210.61037211382 1.099503399100135
2268.9000558522002 0.9266593944125842
2670.6165263339444 0.8739838087583387
2181.550641191826 0.9289422391504447
2314.646068574037 0.8601789412339335
2206.861180953458 1.129113126345923
1498.0857266393466 0.853429979377875
1935.9935611675962 1.1712752347500424
2765.837397328205 0.9847399153111485
1496.6637551175743 0.9677748723649594
1742.6542933546434 0.9908708262414005
3276.3909862744867 0.8117876328949435
2242.4966235643533 1.1631651381317045
