5 20
0.85 150.83160212348605 507 61 84 85 77 79 62 62 90 69 82 91 94 76 89 62 76 95 73 89 62
0.85 126.06857095975857 538 139 103 108 124 129 113 102 118 110 129 115 102 121 106 126 135 108 100 125 136
0.85 124.1933834848317 578 136 119 120 106 113 121 108 115 106 139 127 123 137 126 107 105 123 115 100 106
0.85 128.6906046655073 737 98 83 87 81 78 82 94 72 78 95 61 65 65 84 62 62 63 88 81 78
0.85 151.0954366945457 786 70 70 93 64 98 82 71 98 66 87 72 89 73 85 72 62 85 88 88 71
2031.9190116109894 0.9664772809199846
1828.2936632301644 0.983316196252018
2909.032417832831 0.9807987310451194
2040.4333779809306 1.1241894900169949
1995.7489273168983 0.9870943521917622
1424.039898935062 1.057498836199274
1330.2744372747463 0.8390945507670807
2796.770215827337 0.9191614632199064
2876.8747981755405 1.0505378265818284
1471.7081233188053 1.0123319062222358
1688.7368396702796 1.060935570953413
1134.4243099522316 1.1283090645411842
1153.52490749633 0.9215492184395777
2282.624076690748 0.9160422086726109
1649.9015689363132 0.8499294661742164
1903.7756795545154 0.9680218403763146
1086.9887024929267 0.8525444649170044
1250.138633692135 0.8343841481889862
2144.0170012415765 1.0895109173646937
2752.938520050019 0.9948736612115122
