5 20
0.85 167.2467918900584 547 90 81 60 73 91 85 95 64 63 77 66 68 93 83 91 88 95 74 72 73
0.85 167.33780731215336 637 60 96 75 92 66 97 87 71 89 78 66 82 99 94 91 87 79 69 72 61
0.85 141.59923476267622 709 84 93 65 85 76 88 69 76 78 62 60 99 80 63 91 97 76 69 78 69
0.85 143.7096509166702 945 136 109 112 135 110 116 119 118 106 105 119 122 138 121 120 132 138 136 121 133
0.85 124.36685390875559 949 121 111 100 100 135 103 129 112 120 132 138 104 129 126 128 118 121 135 119 138
2155.523519950325 0.8862989192969747
2289.1728279393806 0.8118718972967591
929.6306225953178 1.0636972911927152
2458.9791740945443 0.9974004862979202
2160.3852215081256 0.8481828006212789
2352.7258959438786 0.8622799835394033
2135.9894508094403 0.8046071964767093
1247.514435151003 0.9130268064799741
1459.24022870291 1.1919022444990417
1360.529236040565 0.8067361133374558
2604.720630096105 0.8799899097199928
1716.3618035887457 0.8971028773560422
1487.4250019547303 1.169927454193368
1847.7113031824247 0.9156597272078231
1770.751560390578 0.9823133993488946
1717.683251803646 1.186327050610975
2798.223003828325 0.905129677194184
1042.9918293548499 1.0088069466214116
1567.108206126759 0.8025244092508588
1967.0686158395922 1.1712981943348004
