5 20
0.85 144.869502921411 591 89 61 68 98 78 85 88 61 98 83 95 97 86 82 62 97 63 90 73 78
0.85 179.15225433889591 610 69 73 65 73 60 84 81 97 98 91 65 76 83 98 91 91 93 67 76 81
0.85 162.94267889869138 831 123 101 136 106 136 109 100 139 118 122 134 111 134 120 105 136 126 122 117 123
0.85 141.26432289119046 916 134 108 120 133 100 111 106 110 134 131 110 134 131 139 130 103 104 105 115 103
0.85 150.49838204968688 973 67 69 65 99 98 71 67 75 87 99 75 87 86 96 99 76 93 76 76 68
2648.9270553533274 1.1276341136867492
2034.327511227439 0.8286355895003138
2604.921719663168 0.8679870893837665
2071.1821156352676 1.1498913555587251
2318.2917227568923 0.9345261556867409
1879.9134543787134 0.8543075237069592
2171.687154852482 0.8853094708657611
3198.853161150524 0.9769171287168243
2043.2331450354754 0.896874840834133
2945.5528579958186 0.9402336645174434
2009.3032970665356 1.0926099793868456
2010.1889693655673 0.832648788560376
1490.6352453626357 1.198873499323941
1836.2049097967144 0.8714009966106198
1224.067422974524 0.966748152657796
2924.1308950224534 0.8764432786401265
2478.5618842388662 0.8438161699707555
2255.752216685924 0.8887566247957305
2021.4266847923222 1.159745369038585
1700.7334771551477 0.8365315184821188
