5 20
0.85 172.58603814995703 506 92 75 92 72 76 64 77 99 70 77 79 73 60 71 62 92 83 84 73 60
0.85 130.25222937280665 545 124 123 139 122 108 135 111 103 117 117 131 116 132 104 108 114 125 112 132 132
0.85 168.4846053995248 565 82 77 92 98 99 98 96 78 98 74 92 72 72 83 67 93 66 83 87 85
0.85 162.9269761090183 598 72 63 78 89 93 91 97 97 88 96 95 83 74 73 94 71 85 97 80 63
0.85 170.53669777494306 784 122 139 109 108 118 119 113 100 133 137 115 125 114 107 134 117 110 106 122 127
1883.720070032024 0.8837209363521507
2906.269166654305 0.8380172060363625
2433.2719453074164 0.8579115566049593
2563.0130340368896 0.8064953313496593
2519.568296647772 0.9008015758082184
1905.4677536818099 0.8489925576027759
1866.090170607571 0.8752955234682562
1614.3030591991655 0.8628242326710829
2101.735969262248 0.9461557995758889
2218.1830398937295 1.1512603924559435
2387.9822262021985 1.1350265536060453
2209.3018229596537 0.9910184620130633
1859.0605704273576 0.8415930206891538
1434.393939254559 0.9939347800435947
1064.4894066027823 0.9979712186939966
2260.1441750143804 1.019487237161216
1307.6168303128584 0.8415352605157647
1449.0921721815466 0.8107228270560645
2848.8872855921304 0.8610399694671569
1794.6927785495125 0.8342342654361361
