5 20
0.85 177.33954345263913 590 72 95 67 71 90 65 84 86 86 65 64 65 97 61 90 71 81 91 62 60
0.85 128.88441654022375 595 139 115 108 108 125 121 108 116 131 134 118 132 101 105 103 116 125 124 124 120
0.85 170.70008556887876 658 84 69 67 77 63 69 91 76 81 75 95 96 64 65 82 81 77 78 72 87
0.85 156.40389317305392 751 67 69 96 66 66 81 81 75 91 86 84 98 61 85 89 72 65 91 89 68
0.85 137.83627937123927 917 123 136 115 132 103 127 123 119 137 102 112 134 125 112 138 100 102 112 136 128
573.2775407439306 0.9708554190596297
1652.178672607109 1.056311561077572
1874.9396119550102 1.1022063710736767
2206.9546754837793 1.0684325173205447
1792.6148578114498 1.1796280967976318
2176.3644500444366 0.8975029277392783
2562.1627856070863 0.8228975656216562
2409.5602444303127 1.1424400026622783
2025.571828645938 0.8468970801110389
2038.2545978685127 1.106286457866156
2912.615741286211 0.858045026396152
1023.2009399164217 1.0879303622559884
2043.084346386534 1.0610221632093788
2585.821750270495 1.1452435438588078
2193.470944840497 0.9050727462404193
2880.9552543504083 1.0985620965689447
2630.3708197994383 1.1322216557416342
1992.6356683370575 1.1216983562755403
2856.1222690934724 1.1542282257594074
2348.904718287033 0.9511492239744092
