5 20
0.85 128.2283775163551 521 105 135 120 108 122 120 139 100 119 101 128 104 110 125 120 117 135 113 106 121
0.85 129.74756187531756 540 132 124 103 136 111 121 123 104 110 119 116 108 115 131 136 114 133 118 116 131
0.85 164.63792781013348 669 74 60 68 63 80 88 90 89 75 90 75 63 89 92 78 85 60 88 93 69
0.85 165.56061846451593 821 98 99 99 71 70 86 84 77 65 84 65 90 85 85 77 73 96 73 83 71
0.85 179.68389184511372 858 78 95 88 79 94 80 71 98 89 84 63 67 91 91 95 83 92 79 90 65
2621.912984852589 1.1156288100876033
1870.865138472635 1.0106833275869638
2806.2483862877466 1.030557658219437
2832.2064144180067 1.0208896562773024
1804.1138792325505 1.1073651137901979
1614.9878712356015 0.9449319122653582
2494.871938206796 0.9239331587174666
3322.221013675473 1.1158802705913338
2190.451781657126 0.8571699876551849
1838.0295428971804 1.0918884826463147
1469.2321649872276 1.1792562410843201
2033.9627624908335 1.1288072742835815
1876.1301263082928 0.9446254872055504
2170.4373739361044 1.093505212531396
1699.2747450738775 1.1250134551131101
2762.5381856676986 0.9908190205535634
2354.439960786846 1.1526373848176916
2523.4901204258185 0.919543302848105
1286.6040385622641 1.071129979993047
2424.0642859534855 0.8412880323111118
