5 20
0.85 140.56415344697461 655 72 83 61 71 74 65 72 67 75 62 97 76 73 63 83 97 73 77 80 74
0.85 145.85513134573927 871 113 120 117 104 130 104 113 124 100 119 139 104 100 128 117 120 134 119 102 104
0.85 137.83602983948361 879 71 97 61 63 93 62 73 63 63 99 64 90 94 66 95 69 91 61 78 60
0.85 137.56902726760748 939 81 90 69 96 63 76 96 76 72 64 81 66 86 79 91 63 89 88 96 91
0.85 178.21006901808914 973 134 103 120 128 106 109 131 120 102 131 137 124 123 132 127 127 134 133 115 131
2252.2146683693545 0.8081548912288243
1128.9239641999654 1.0579133204716804
2532.188618619361 0.9162559031699375
2864.08064394954 0.9064960261858055
2147.5063347038695 0.8438601413627025
1495.524344359199 0.9678257468375866
2152.7900601092415 1.0629984960766667
2984.344002501728 1.0847358130796536
1978.4321330350908 0.8072244354848466
2606.672746040064 1.0100511803010372
2095.4264610197397 0.8637200846025543
2020.0962057311056 1.0940242632578066
2270.5213327806073 0.8383653412141429
2340.5940858054532 1.127122761067119
2583.241417376951 0.8101520078965186
2583.55539923575 0.9497954086013581
1737.6748996977608 0.8441718473177774
1820.4731289586707 0.9126101952201949
2945.008042805516 0.8713778774841373
1624.3544561750705 1.012683863836911
