5 20
0.85 129.9866498243033 533 83 62 83 88 64 92 70 98 76 96 85 76 79 90 84 66 97 64 98 88
0.85 160.30336103625422 630 119 113 125 118 133 133 132 134 120 123 126 101 129 134 103 122 106 107 134 121
0.85 159.22070919264837 809 94 87 77 76 82 82 83 85 95 77 65 86 63 71 80 96 60 99 61 61
0.85 158.36600678859313 820 78 70 77 72 70 68 72 65 78 86 68 74 63 78 67 82 99 60 78 83
0.85 168.16356788389888 959 134 107 108 114 105 138 122 117 101 126 123 105 125 122 126 103 116 114 136 116
2617.9844566350685 1.163866875086428
2701.344920528283 0.8716643180911866
2921.3476667388522 0.9838575660863086
1655.7176066707484 0.9183467127183335
1583.8396875166645 1.0967640856492478
2542.826639942957 1.1562308329518767
2474.7443907433535 1.0026316274437306
1776.0949541909247 1.0089218296114926
2321.501069150134 1.1679186280628684
2706.1895086090635 1.1412640161138765
1224.626682988587 1.1694845906049265
1523.880209480897 1.0464052720319386
2344.535547519232 0.8156225952570269
2162.6182578182243 1.1999176503542754
1955.7659589587256 0.8491346467083303
2708.85712324622 1.1803668778613692
2318.1552928408314 1.134439968388126
1693.9718577048443 0.8756852566731186
2241.153368799321 0.841039630636738
2237.1543272759454 0.9774737240947713
