6 100
0.8374763618673272 125.07871409643485 562 84 69 63 72 75 79 99 72 76 74 94 68 61 93 70 71 72 75 63 77 70 96 66 82 70 96 78 99 61 80 94 64 83 93 65 92 63 73 68 79 76 88 69 79 66 69 67 66 86 96 69 77 74 99 78 72 96 97 67 68 76 73 83 90 68 74 87 86 72 83 76 82 94 86 77 75 98 82 93 86 70 96 91 77 72 99 77 79 94 75 87 69 69 60 99 83 76 70 63 81
0.8319592543470214 145.47294394633747 749 127 104 136 101 137 139 132 134 128 113 112 122 125 110 111 108 126 106 105 138 125 103 113 117 115 126 112 100 122 123 128 110 128 120 100 116 116 104 111 119 107 139 120 121 127 115 112 126 125 116 137 112 131 136 118 123 104 106 122 137 101 126 117 130 116 131 119 131 123 124 129 120 109 119 135 123 109 115 131 136 125 121 100 117 138 115 109 122 109 135 106 134 127 132 130 126 136 136 105 137
0.8182598700262553 155.22690540792163 805 83 81 96 69 75 95 61 61 77 64 88 73 79 61 64 79 74 68 67 60 73 98 74 65 90 84 79 91 93 74 86 77 78 69 62 77 90 61 63 82 98 91 78 98 75 97 85 98 82 61 61 84 60 73 68 82 76 97 86 84 89 98 69 81 85 71 61 97 99 66 75 88 71 86 64 79 88 64 70 62 98 94 60 71 67 87 69 96 73 65 76 70 94 91 68 90 90 96 71 66
0.8765437016466622 125.86719990876733 806 75 69 91 68 69 91 67 73 94 88 99 70 83 71 62 86 81 62 89 61 62 83 75 98 93 71 69 77 67 73 73 81 92 90 81 90 74 99 69 98 85 76 62 95 83 91 92 89 77 77 73 65 89 70 88 65 82 62 94 87 60 69 77 88 88 95 73 92 77 76 86 98 90 97 90 69 61 69 75 78 83 71 85 87 67 64 75 90 91 66 62 95 79 83 90 63 80 98 90 72
0.8047286775149913 144.40212043507987 851 109 131 112 105 108 128 102 108 124 139 103 135 105 101 139 111 124 130 124 104 125 129 138 117 126 130 115 113 116 118 105 108 130 138 107 127 118 126 106 108 105 109 104 114 128 133 105 103 104 109 137 136 107 131 115 117 105 105 129 105 113 118 102 138 127 110 118 105 127 111 130 119 102 106 122 103 112 108 117 102 100 119 104 123 126 113 114 122 106 115 124 129 110 115 132 101 135 136 130 130
0.8307697366590238 164.6010644126701 855 109 123 109 117 118 101 113 108 132 132 138 119 129 100 135 132 134 117 108 129 124 105 103 119 115 124 103 131 136 130 138 107 134 121 128 134 138 132 102 101 117 104 125 116 127 131 120 106 134 112 132 117 108 135 124 128 139 120 104 113 116 112 118 119 119 107 110 103 101 118 114 114 102 123 139 105 105 112 108 117 116 139 120 127 113 102 130 120 132 115 117 129 113 124 111 100 103 136 123 114
5940.495611120023 1.0098838584118512
4744.024708363697 1.0394061926454312
6219.6579887667385 1.0746272072381822
4310.73177175739 0.9675705642290928
4134.712688565183 1.131730727787727
3971.9167981109576 1.0400876857134096
5847.635360779583 1.0432841469517027
6394.8432977039965 1.048324594819984
1970.3382173047808 1.123859891293229
6971.123327352491 0.878570931937158
3954.7734570033494 1.1909267772253112
4886.238808355241 0.8075689069318104
8882.280866263594 0.9054459741211492
6101.885552664756 1.0764932203520479
2460.6041389583156 1.0707834863054937
5846.195156903966 1.0237597817775461
2791.631551912742 1.0269226467311083
6237.494142645536 0.962961567207643
6669.729418880756 1.048362589727862
5392.266182923866 1.0747593818736685
5735.805207483787 1.128669536442776
6957.9471579799865 1.1457159681152917
4259.575143713852 1.1903755924319026
5119.894093005485 1.1689914630866858
5631.399301041464 1.0365048337024871
6219.0098324189585 0.8973731308078513
6662.778500876481 1.1598000715508867
3965.2075825578154 0.9599324421912112
5457.192312221436 1.1613685430250444
5002.363655384193 1.1396222740451032
8070.037086793513 0.9857567350358543
8183.42574160926 1.1823594938412412
6419.197174357511 0.9265762528326962
4431.228174763225 1.0001556541615821
4575.179029543481 0.9517072199589304
6926.152078243423 1.122288545158704
4978.1837257502675 0.929313812505546
6446.511695355811 0.9426523139744228
3661.189964977334 1.108975644001678
3976.351759602744 1.149703235488097
7188.71601562757 0.81760331583258
4547.236838674359 1.1748438651613817
4903.470084225571 1.1372549331135882
6027.223484808132 0.8712540548000547
6230.7018852175515 1.1850039555818461
4693.49666528327 0.9921942151047727
4404.0473203791325 0.8464150248898028
4311.343692983084 1.0597487087842756
5348.54509407343 1.1530557673538526
4593.628500661351 1.1268549587638137
8988.653991335208 1.0976584405110748
3512.73093763227 0.9116574393826734
4546.857410786973 1.198833726360274
5432.007235378836 0.9808808722046721
5883.058680808067 1.1378602942786098
7541.322624050221 0.9374114150664599
4482.866602720021 0.8875370208262474
6642.700703372242 0.9843686822295966
4398.663330653255 0.8751447314570747
5018.04244155815 0.8307520216549693
6540.613278023032 1.1748170562817914
8211.66337794768 1.020349843278713
4084.6501880429673 0.9809947845010899
2729.0095524712806 1.047263413585518
6673.781396291304 0.8990506551301544
6427.410803903328 1.1122028207152688
5208.8458798361235 0.8287811587424272
6148.362770340599 1.0313630744796114
6688.29026190316 1.0689461750587017
6975.051793214927 1.1507166368220965
5472.325582227803 1.0763577583302635
6313.569753291843 0.9377465226845331
3101.664760633666 0.9710735741142005
5814.06966941416 1.00876455746912
3939.8780983266515 1.022272276928463
9609.735728475174 1.0134019128345482
4173.185696953697 0.8386335098839165
4017.856548624176 0.9832921444099303
7399.431760134141 1.0462361959999875
5493.952793870082 0.8736348500069362
6735.422930621233 1.1529678635039309
6443.652593943307 1.0936292996150145
7864.279116441645 1.197309709571445
4117.990111503061 0.8492052860274428
5195.82214655268 1.0194134762300024
7299.9635043784665 0.8827997598064192
5723.305926100092 1.130562776915642
5092.554277452772 1.0830143100190341
7431.085509033239 0.8049071493242308
8418.105641834049 1.097223393283117
4853.594310556063 1.0438053192848284
3790.2424683374593 1.0623892995508617
4826.594352760218 1.0720813205787767
4613.975424245606 0.9569355998379547
6532.044838124229 1.1585943384050736
5617.160755385686 1.1726425870850403
2913.6666575852673 0.8328755460934689
5529.370665850558 1.133442153789529
5416.063658421398 1.044472993138348
5263.831096517895 0.9174821790221542
