6 100
0.8372475272730834 153.75987154941194 501 107 129 120 112 133 104 132 125 101 104 101 109 106 126 134 101 123 102 127 136 119 109 103 133 110 135 119 105 109 131 113 131 107 107 116 115 114 134 109 116 125 112 114 108 131 100 104 115 100 134 114 126 123 104 120 123 133 120 107 133 131 116 110 100 112 130 119 132 125 114 122 106 127 133 127 135 102 139 131 123 133 111 111 108 134 125 103 100 125 136 135 135 116 133 121 121 101 136 123 126
0.8121110530628378 167.44161744922678 639 84 82 62 89 70 91 89 78 64 74 99 81 90 91 83 80 70 94 63 81 95 87 65 72 72 95 92 99 87 70 84 75 87 86 85 78 92 88 90 69 64 68 99 67 79 92 95 72 99 60 87 77 76 87 94 68 83 97 89 65 82 88 79 89 98 92 77 94 66 89 65 82 82 93 98 97 81 68 79 99 91 89 96 86 95 79 64 71 65 87 79 65 97 61 82 66 81 69 91 72
0.868659189177313 172.50629176849165 662 131 113 100 121 120 108 130 133 111 123 134 110 112 122 133 105 105 120 130 100 117 126 139 134 121 111 124 107 129 118 114 104 124 119 111 108 101 115 100 102 103 125 135 138 128 127 119 119 116 123 130 115 117 111 123 134 110 116 104 116 107 137 131 124 102 132 112 111 122 106 114 117 115 105 112 121 114 115 116 113 133 106 119 114 138 123 112 101 104 113 136 107 112 120 105 121 111 100 139 123
0.8393052326510161 168.86914652383996 875 65 80 90 80 82 93 61 74 77 99 63 90 95 82 68 99 92 84 78 74 99 62 61 96 89 84 80 74 72 75 95 67 90 97 89 63 66 98 61 80 64 60 86 92 73 94 94 96 76 89 91 76 98 95 80 60 69 62 76 96 85 89 92 85 61 86 62 92 66 90 75 99 73 66 79 83 76 96 87 70 79 78 84 74 82 65 91 79 95 89 80 96 68 67 97 70 89 86 73 87
0.8362405511937763 130.60025178746145 895 127 135 103 102 125 119 128 121 109 110 134 125 114 115 118 131 123 127 109 115 127 131 110 135 104 108 131 100 128 122 117 112 128 139 101 131 134 115 124 111 123 100 116 103 101 132 106 100 127 100 124 109 101 105 135 123 114 125 138 105 136 100 131 113 121 114 103 137 120 116 101 111 105 123 103 110 101 101 121 100 103 124 139 123 132 103 109 112 100 117 121 108 115 134 108 136 112 135 119 138
0.8369236369026258 139.16770859522717 898 72 91 68 90 70 80 77 94 72 92 96 84 91 78 97 63 77 73 75 89 99 86 90 62 97 68 80 93 87 74 60 90 78 60 65 72 61 65 76 68 71 65 66 64 69 91 60 69 82 90 71 78 96 93 61 69 66 89 75 93 93 63 87 89 69 63 73 75 97 65 73 74 99 82 77 70 95 69 68 62 89 88 69 91 95 92 71 94 64 69 81 73 64 90 73 65 67 72 66 73
5677.925631782272 0.9880095343872423
6719.8466855737715 1.0646093506003638
4534.417779119559 0.863819268713558
8772.646497163736 0.9889149424050208
6814.1406595545 1.0302836519962477
5001.477789694106 1.0504779281652334
5477.375885846643 0.8157099130844956
4194.439919752011 0.8824094571147343
5109.021748104719 0.8391391193490436
3845.9826046965472 0.8571202458820499
3430.137350936414 0.8674725284591391
6766.751741792921 0.8710171232699255
6455.747218749152 1.0073706070325072
4186.229497215346 1.091086279188516
6525.154770694684 1.1174032682658317
3172.0888741228914 1.0001804370256144
5675.536423409783 1.1686607383220382
3970.590989104901 0.9884351957872459
3817.0349729402174 0.8969442155321774
5848.297850534089 1.0652538554506246
5125.509469904424 0.9326948675165426
6394.258979928694 1.0309666030199727
3871.010517993286 1.0118825478789664
5263.679769958452 0.9929463828656118
5286.221338351496 1.060140389605759
4275.186856629511 1.1144681287154588
5887.0604162854 1.1395381684520673
3330.4818040171813 0.8603490187421454
6464.666324173648 0.948796756180193
8008.284830060085 0.8048253177229091
5053.045165246827 0.8819634973766807
4590.3571371520775 1.0130173449331599
5485.893721613343 1.1439275929310324
2617.235068715377 0.9435070202198992
5187.360072577987 1.0975435516410865
8907.79260060808 1.1478787676820486
3714.1308039323562 0.9182507626859225
2140.630460125701 0.8124224251805591
6209.855310895949 1.105320698179339
4375.6278510064785 1.0245625620627965
4721.432713112039 1.08435105776322
6147.243136666836 0.8053621950297734
3338.777535142232 1.0265968705415842
4132.834229418944 1.1622474202173119
8572.81326338972 1.1943262864577555
5345.6548623221 1.154566924843465
2561.124361031854 0.8574865633452979
4140.795196237136 1.1021775652506858
3891.8757063779544 1.1314171689170065
5736.086166359611 0.9580241275376143
4861.290543487901 1.0778373833637005
6500.603621518472 0.94910546654843
4370.641169175392 0.9095759241862901
6558.332876447619 1.0874161434114717
5720.729367332696 0.8042962719263996
7154.971799362143 1.0555475709570739
5155.221985749324 1.1767085059807072
7102.684459286755 0.9530699797284506
2079.4801607984937 1.0919721196097374
6831.286628198452 1.0927225212998137
4681.136680210415 0.9525871021927588
9115.784888792252 0.9892324617578581
5148.96513374246 0.986213796850571
5507.5053934143725 1.1057439625231011
5423.307853597506 1.1086014463758165
6296.202525304065 0.8964936473708635
7300.729603302407 0.9057693405657408
6979.817881244449 1.067229108561995
3858.5588577483154 0.9817281036669568
5676.010427208875 1.068194356231278
5422.95831528431 1.1179884508433742
5606.992060263791 0.9093691539961187
5327.054496321054 0.811688881940573
6620.48315113795 0.8480579197467154
4053.747660959604 0.8279643198535587
2840.3483608159063 1.186606705565179
6791.331195906728 1.1532819506720675
4613.511997301491 0.9417445409376536
4315.738219254728 1.122358580961212
6873.341392306028 0.9644443777111067
4824.207895565407 1.0678949462462315
5450.808085851433 0.9100797091991647
5112.796420356428 0.9938568613968335
3456.5725674396826 0.8545179478092333
4649.334649602391 0.9223946836136434
6258.747601463287 0.870798381960137
5177.132335038564 1.0101000398181306
6425.578450334976 1.1327496639013708
5225.808028972252 1.1472786494805358
5389.269658691435 1.0010603608268398
6719.772129848942 1.192821028012081
4686.690462053412 1.1662611994359997
6487.998771086869 0.9653112711603583
9214.190081950197 1.1161887086462972
4527.735570011458 0.8950929204765218
5421.026131292225 0.8618479317637868
5301.03919597228 0.9989965900670472
6031.101217409918 1.1064549093848468
5448.945075467965 0.8372112634935429
7007.651127891253 1.0551669653719837
