6 100
0.8669189477086359 151.76512998909521 528 109 137 117 117 135 100 105 124 104 110 117 132 136 128 128 127 128 111 100 136 127 138 109 101 117 108 119 106 121 109 124 107 105 125 128 119 124 101 122 123 127 125 106 121 118 102 134 128 120 104 117 125 118 116 111 103 119 121 114 131 108 131 122 126 105 133 130 126 134 105 136 121 116 116 137 113 137 130 119 125 132 136 108 111 120 138 119 114 100 121 136 104 110 100 127 136 118 120 110 125
0.8120592752725626 175.4382761604734 543 138 131 113 100 108 119 110 104 104 136 136 138 117 126 135 123 124 129 118 116 109 108 137 112 128 139 106 120 104 139 101 101 133 112 138 135 129 122 117 126 124 110 104 118 139 127 100 107 127 108 118 117 129 130 104 130 110 102 110 105 122 130 102 123 118 106 106 128 120 123 136 119 117 139 126 132 136 104 124 122 131 121 121 114 119 110 103 109 138 111 105 116 116 136 133 100 113 136 137 129
0.8218413494075724 141.04500752720458 687 64 79 82 87 81 93 75 64 98 92 86 92 93 89 99 71 97 66 85 73 72 74 99 81 90 76 64 83 98 95 83 70 84 63 86 73 74 62 91 60 99 78 64 80 99 83 62 93 74 68 67 95 93 80 96 69 72 81 80 93 85 70 98 89 80 70 98 69 69 76 92 69 78 68 94 70 99 83 85 90 83 89 89 94 65 79 65 70 62 90 82 89 77 64 67 68 72 79 90 86
0.8342449211353345 125.55930020195898 773 127 134 106 135 139 128 126 128 129 121 115 138 120 100 111 120 116 123 134 113 115 119 101 125 122 108 112 104 107 135 119 124 129 124 112 135 138 111 128 106 135 116 133 136 100 105 129 129 132 124 121 123 115 138 117 120 111 108 102 107 138 108 120 126 112 117 137 108 136 103 119 133 100 109 131 103 116 104 110 123 106 117 132 109 106 100 127 126 132 137 124 121 137 107 139 124 127 115 107 101
0.8980741918411445 172.25531630028485 780 82 67 67 78 77 79 83 65 75 74 62 89 91 81 61 92 80 97 64 78 71 85 70 70 74 64 84 83 78 60 74 61 85 91 68 64 77 90 89 93 72 84 82 80 64 87 80 60 69 72 96 70 73 78 94 82 87 94 91 84 71 65 84 69 67 68 67 71 91 81 84 94 73 75 66 95 61 85 72 78 73 77 62 61 73 97 60 71 77 60 62 86 90 82 76 70 78 99 91 72
0.8793818421574984 160.91225375321233 895 64 60 95 77 64 77 90 61 80 96 96 60 94 85 70 62 88 68 79 68 86 70 61 72 71 88 92 86 89 77 86 89 93 67 77 81 64 62 80 90 61 66 70 83 73 71 82 63 66 74 96 69 75 95 69 66 72 77 61 94 69 65 93 98 98 92 95 83 65 65 73 82 75 64 80 62 71 70 76 74 81 96 97 98 65 60 97 68 90 99 80 94 82 89 99 90 60 75 80 94
4984.6614268213425 1.0455724980173735
3764.478790739805 0.8628068227811778
2534.2002626967496 1.0694796943630644
4811.3863173716945 1.1270700572736316
6303.477311885013 1.1545203032472888
4826.6004470768785 0.9473099585915271
5139.770749070492 0.9778422385940448
7057.78726996524 1.0389327861974118
7722.529721462757 1.1155669030379536
3546.389161849503 0.989717896009511
8010.958918224416 1.1910146806676674
4557.581097072101 0.8278287765429763
7976.232553061065 0.9957137933895824
1543.0024553453582 1.180096205782158
6462.747770603299 0.8951469210648889
7228.616930478798 0.934804982926794
6294.654444145575 0.8310113601158092
4370.756150789148 0.9162804935966399
2031.428261260231 1.1710005686392293
5704.309927212467 0.9932571757968401
5326.218409679024 1.111714881247614
6975.216280879324 1.0435267669188237
3773.562324609092 1.0128628820816392
6948.611013200978 0.8725510562949981
5730.767284767579 1.1607075407874525
2593.576525617585 1.189475008390207
4548.069537900938 1.0294980321293663
6264.141288921405 0.9288592713484057
3685.5744480542853 0.9124374684454154
6235.5656920043275 1.0460364894703402
3047.694668152185 0.807180223736613
3680.606062238307 1.0760400255938452
6144.756590959502 0.8023333845285602
5933.294218952408 1.0437789842105851
3902.553956904606 1.196583307083416
4195.488569607562 0.8546225800698216
6410.14162098476 1.006554241383004
5282.095696295338 1.1402487850555887
4461.254919375729 0.8271593137899482
6851.150383977776 0.8152056251681457
6314.995042021658 1.1654892225012365
5212.283584670462 1.1954643468026962
5227.711757700461 0.8014582136703012
5633.681486036882 0.9673219758461022
6300.364711278954 1.1922373122165675
5375.590072514207 1.1492941712713207
7253.7451486439 0.8517310028781783
5112.373116280814 1.0461267859873924
3387.3337864697555 0.9608414721460337
4352.130856813963 1.1059193568605998
7173.495432898561 0.9929348298089755
3101.637844457122 1.1229017406266082
7035.668386698139 1.1292278175465067
7521.366417248634 0.8903696256898216
7839.8013909696765 1.1109017185793646
5425.349626671686 1.000765065076772
7706.089371961474 1.1660691743182392
6875.591145068283 0.876928370696188
5989.851541022832 0.9245980332829794
6829.516100440662 1.0680683583046187
7955.642621696263 0.9336548472976943
6661.597690567829 0.913095594563919
6978.383294363702 1.0760714399626072
7195.749594583003 0.906070034815028
5449.188256909229 0.9316484707136264
6250.946238142905 1.0813876343752207
6579.567951997072 1.0875292151032636
8752.856556162518 1.0084753250507885
2125.2966328467105 1.1549645759566292
4934.923114401094 0.9748218506510722
3900.6935754643255 1.045395362673982
6590.923553347779 1.1933819098678249
7639.812248268323 0.8193884062581253
7041.3025368942335 1.18749990550057
5442.938282822859 0.9488337555673575
6377.912091118706 1.1000141891745023
4111.449364425468 0.9083832216764424
4249.83209979014 1.1841891226804224
4161.34817534891 0.8268622533700697
7172.961680047442 0.951140594081318
8140.136365259275 1.12176302179737
6907.965260752392 1.1326152878216487
6295.129803232949 1.0821337971645693
4577.047181608848 0.927719012901848
7682.290908754564 0.9998222180146178
4810.178812066696 0.9392879254161806
5782.449429313387 1.122541917015814
5695.69857469056 0.963624028460853
6134.637588722955 1.161994068438634
3647.304913797289 1.0123798821457357
6179.939364356243 1.002060291096404
1858.5766500813156 1.0936370844273042
6950.275453255277 0.887880606642847
8163.166627994582 1.0776594858702797
6223.628933356625 1.1447356905095032
5155.57777290393 1.022727874698186
5169.119798686524 1.0917380945445037
5070.827606570649 1.1809607952733425
5682.038553183501 0.9488462337847678
5008.578743632721 0.903974709581549
