6 100
0.8126334421571084 120.67598104839905 531 92 63 69 80 80 85 84 68 87 83 91 80 63 66 83 90 90 60 63 73 97 92 83 80 82 60 87 98 80 97 89 68 86 86 68 89 97 70 89 66 81 88 83 98 75 67 84 77 95 76 62 95 94 63 64 92 93 82 97 80 74 93 99 85 95 72 68 81 75 61 75 79 64 74 65 70 76 79 74 71 71 69 97 84 88 84 86 89 91 95 69 90 87 86 86 96 62 82 67 82
0.8348259063680913 150.37010127703866 579 104 102 129 104 100 109 102 115 101 127 132 122 122 133 136 128 106 120 119 103 124 116 101 126 100 110 136 108 112 131 109 118 121 108 128 107 135 109 122 122 125 103 105 138 128 108 120 135 135 115 120 137 111 134 119 113 134 127 109 115 123 124 129 125 102 124 105 109 108 125 135 131 136 134 130 107 124 134 125 103 135 103 117 132 139 101 100 122 115 114 130 123 108 110 131 119 129 103 114 102
0.8306179573500075 166.7747493915087 617 116 116 121 113 127 137 134 100 105 103 133 132 132 129 117 100 105 117 136 129 105 115 125 121 132 133 131 117 100 108 128 137 137 111 126 108 102 110 104 128 118 119 117 117 118 115 127 132 105 103 113 108 134 130 109 107 111 114 103 118 134 134 115 130 130 109 139 133 113 122 111 127 113 127 127 115 104 126 115 136 123 128 129 102 132 107 125 128 117 118 123 124 120 120 136 107 108 129 114 125
0.8613883044136204 129.17530790197839 659 81 99 75 73 71 76 69 97 84 61 92 65 65 82 67 76 83 99 60 92 79 96 83 94 70 74 71 85 98 86 84 64 73 73 94 63 62 97 96 63 80 61 71 62 64 90 80 76 89 71 68 75 75 72 98 66 64 61 60 90 78 71 92 68 87 99 68 62 61 68 93 60 76 95 94 66 75 87 67 94 85 73 98 87 88 71 62 96 96 72 76 78 87 81 82 73 70 82 74 98
0.8900596389676758 151.71141394369246 841 135 103 125 107 138 108 120 100 102 116 136 125 103 120 112 122 101 115 129 133 105 125 130 132 125 110 134 104 115 125 103 125 137 126 135 105 131 115 117 113 130 124 135 139 135 107 108 132 111 138 119 127 100 113 119 108 139 124 131 112 122 127 109 104 114 101 106 132 113 103 129 127 133 112 114 111 139 119 100 134 127 123 120 138 119 103 114 137 135 110 133 120 113 110 136 106 113 129 102 117
0.8702115059248438 133.9030119051499 875 77 86 66 60 66 92 88 95 98 71 67 85 89 75 68 80 77 90 74 97 69 96 90 90 89 75 67 94 81 95 77 63 77 67 78 77 89 72 63 86 69 87 90 79 92 78 90 86 86 98 72 85 99 60 68 75 64 97 95 63 82 84 62 82 73 72 80 79 78 83 90 69 89 60 99 99 87 69 69 64 71 94 72 62 65 70 94 85 75 72 92 72 65 75 60 91 81 60 68 69
4155.714773932629 0.9235298083907107
5756.043884289386 1.169003229572664
8013.5530099350635 0.9540247615595574
5160.567132555233 1.0931312586780497
4477.8632035146575 0.814961763661748
5486.0255067804965 0.9694503685713242
7729.800331589282 1.052990200108402
4255.595801652522 0.9170232941225731
6373.555159122321 0.8164543938229354
5381.707091422098 0.9845562532714807
6155.887795016993 0.9759171076074098
5770.137537644968 0.9322212768920604
4389.31123073154 1.1225959711512838
3359.8973590598443 0.8178248988576151
6107.373008692591 1.0997389852323174
3872.8751319901107 0.980989563147729
4404.0008759504835 0.9705411534721252
5452.219224000694 0.8189285874244084
6088.64271419051 0.8787823795433262
6045.712760025211 0.9455128982183081
6197.359481778365 0.8890385763642272
5816.750465032262 0.8072472445180262
5558.9342528217285 0.9138974693711919
7327.611177512084 0.8430426359942125
6331.01029501564 0.8734041210149701
6827.5699975427815 0.8526575898690004
5291.485113491153 1.022184536393021
4343.883315044352 1.0288464063630862
5598.68635354338 0.9983258154984838
5354.935973401714 0.8818382572419822
4234.466297850129 1.1800726876273946
6856.540049047789 1.0302445181997306
4520.8611320465225 0.8630708397490305
5682.961597206831 0.8548118679625772
5600.593586833086 1.0199417809397053
6607.572627340231 1.1612919444669543
5234.305862681569 1.169670630089557
4217.271701954346 1.060709225489483
5078.689169562776 0.9711207852531814
6497.705334107761 1.168987276714577
5037.570992122053 0.924575564976637
3166.9792292680786 1.165519814301495
3632.4331064871703 0.9301715541531844
3559.6221204478497 1.0582698496087222
6514.423947143966 1.1994359968089885
8104.5642853259615 0.8253089306528213
7592.091831521261 1.1026532454036007
5528.174820906586 0.9963054228848404
5419.063761757063 0.9224345672583235
5991.93981650528 0.802818003271857
6745.255163712854 1.0307021051534455
2653.077080923002 1.12029345656498
5393.120554206353 1.122413859740615
6838.648881113251 1.1457432956252935
3605.700283367565 0.8348715933624741
5413.88563873142 1.181768443480347
3898.576416309552 1.1601093053406173
7368.2017832150495 0.8238557835952787
5915.859006663299 1.179421718610436
6917.426236706387 0.9041892548513258
4348.995036883751 0.9719084492230086
3553.3539127210247 0.9724786898284149
5539.023897195948 0.8895248443616085
3244.8528316478314 0.9611562599739963
3721.990837306739 1.0704449459908387
4198.903336597081 1.0847083744173358
4438.622760077764 0.9394679716966157
6187.907223760245 1.1443656747409077
4606.67280010971 0.9715626640875475
1676.9293446996949 0.8884078141572922
5008.5817823643 0.8180558536283329
6671.47012785305 1.1054424915595835
6592.335702896598 1.0198359644540582
4456.385435186041 0.8505642275409636
6902.88585366528 1.16683181601899
3163.0917381127833 1.0200358986014444
3901.25806895303 0.9257129824869638
4750.838332053173 0.8230874681116032
4671.754902051245 0.9075354463069005
6803.808557551283 0.9479287072040168
4304.124617417172 0.8398138839176357
3931.418555119355 1.04278582282683
4980.654123964816 1.087555954499939
5310.5181604435875 1.0446028397854725
3691.2486174050073 0.8767696967744114
3852.210113811098 0.924509364841311
8254.107594682686 1.047054360680255
5327.883179596682 0.930863555668523
7745.17135633239 0.9789495162821842
5886.08328155915 0.8329660169959696
5871.244519023252 0.8096501980891762
2662.549362841644 0.9039569757736549
7702.7994098815825 0.867024907271333
6342.071530744407 1.1023330210951596
4039.5120596957086 1.155680449360653
6513.932456031496 0.835222608433098
3639.830835235498 1.1517804424552627
6132.0119015647915 0.985214392461574
6011.02504220931 0.8639341871612984
4497.866995999572 0.9355901047603037
