6 100
0.8463965496766412 160.27784388136732 787 119 134 135 135 126 122 118 106 136 132 119 134 116 124 114 139 104 113 112 118 114 130 136 128 129 133 111 101 106 121 118 121 105 127 125 138 136 120 106 115 121 120 121 114 128 100 108 136 102 119 104 137 137 133 114 135 132 109 112 129 126 126 108 139 115 104 133 104 122 137 101 113 127 111 118 123 137 102 135 122 109 116 127 112 137 124 103 113 129 133 136 106 125 108 103 104 131 128 113 127
0.8626532000960294 178.23039880502267 847 114 126 100 139 129 112 103 130 104 117 139 100 134 127 115 119 101 127 126 118 109 122 136 108 105 105 102 139 120 121 109 125 130 110 103 111 132 131 124 104 127 109 139 129 135 124 111 132 138 105 117 106 135 116 138 103 105 129 137 121 136 131 135 119 108 109 106 124 119 102 136 136 131 103 105 110 103 117 118 122 134 133 105 129 131 127 103 101 108 103 137 109 114 104 126 117 130 125 100 123
0.8883299703227239 121.63895022924929 847 107 120 113 118 119 117 110 109 139 115 132 106 135 115 105 119 114 137 104 139 125 120 100 102 130 131 122 121 123 105 139 114 115 101 100 120 124 100 139 123 115 107 126 106 129 109 109 133 138 100 128 110 130 139 105 107 139 139 108 134 128 111 107 125 123 118 109 107 122 104 102 133 125 128 139 119 127 101 111 137 110 101 126 125 105 113 123 130 132 124 134 110 111 103 129 132 123 109 134 133
0.8152841718701985 161.45005597335873 862 96 68 63 87 72 90 91 86 89 86 79 93 69 97 94 86 87 90 72 78 99 96 81 63 83 72 60 82 80 60 79 78 98 64 61 67 86 88 65 91 88 93 89 77 60 68 79 89 68 64 66 96 99 79 96 91 73 90 77 73 66 90 65 73 80 62 91 73 61 78 96 75 95 88 74 91 72 78 99 78 64 90 89 60 64 76 74 64 94 66 99 79 90 92 88 60 89 99 83 81
0.891145707688998 172.63185993963944 917 92 93 76 71 90 68 75 83 69 62 71 72 73 74 82 97 88 88 78 90 94 79 99 81 73 97 79 95 77 67 98 65 73 92 62 79 63 74 87 60 70 78 77 62 93 68 87 99 62 73 79 75 81 70 99 77 95 67 89 84 97 76 95 98 61 65 73 90 78 74 77 76 80 83 82 75 68 92 96 64 71 96 96 97 81 62 85 67 68 82 96 74 65 63 74 84 60 84 72 94
0.8745917136133601 172.40353835524132 991 81 96 60 79 96 84 80 94 69 66 86 92 78 90 66 92 67 70 77 75 98 80 85 91 65 94 88 63 67 86 75 86 70 97 96 94 86 80 84 67 78 83 83 77 83 86 70 60 71 88 65 67 65 73 73 62 95 99 96 94 94 80 99 86 85 75 76 86 88 65 92 89 98 82 68 69 75 71 87 77 65 98 77 80 78 72 99 77 91 89 96 71 71 99 73 68 77 67 95 81
6362.128212065534 0.8001835813008897
6779.952375597473 1.0704945777718162
6151.566189235768 1.1506898966222054
5549.239707161939 1.0397204493590182
5944.470698908992 0.8288009817304027
4455.86014080792 0.8151531796608643
6561.076947214045 0.9073532166403223
6692.307961382923 0.9747149359289742
4480.169043067826 0.8614764629505153
6913.193486891374 0.9763755453369555
5878.416861970352 0.9088288449631626
7603.113123742962 0.9115699965747481
4681.240420948986 1.0779357346077174
7242.017837997512 1.0570366740761006
5193.244766640697 1.0137049018751705
7289.786529119769 0.8043543957958983
3244.4674812303683 1.0741732615843036
8397.787891603304 0.884674845648994
6256.199711086398 0.868321910009717
2491.2153195828255 1.1300885768265037
5706.077915496076 1.13305257724685
6639.453434549233 0.9066046003052944
6241.251554286185 1.023551422753182
6193.144764721625 1.157596382947096
7420.477750875333 1.1522223483141043
5212.994431991882 0.8589090022188961
7218.397583874274 1.1950063782247535
7959.262536851226 1.1167236971612002
4762.899461638762 0.8446973835846315
2838.9019151093867 0.9844259499646766
4479.405814996163 0.9573090693042605
5715.590757722161 1.1442481159463112
5321.122578844795 1.0329898940767839
3951.717125698152 1.1675409056953583
5620.350096350322 0.8165041433053539
6278.134973424874 1.1988558752681815
7416.401138134217 1.1241218529151282
5189.518781962423 1.0571380591567745
5836.847603017089 1.0969298294913135
5439.445009121379 0.8179490622284634
7155.453004599576 1.0814674113350957
4486.066667905543 1.1668369644743424
5981.838607078397 1.1201591610934587
4495.391164400209 1.0529018791357256
5242.340621220638 0.8058122514772369
4190.178741170872 0.8324193026274233
7652.228907734661 0.8319139205185797
3803.317956752762 1.0079551834480176
4779.0827738951975 1.0864081216422836
5035.2818325860135 1.1936522450041969
6400.010784697763 0.8404461560328642
4019.748150817978 0.8640040530518787
6908.933584720738 1.1825942227034587
5314.5397677985975 0.8616998486248892
6346.008873293252 1.0915630549029725
7595.394800185011 0.9332938898380907
3777.619752944986 0.854034214865593
6111.569495490151 1.1883715539658721
6320.227784188838 0.8699274315672844
7283.4589110581455 1.1710589048276083
6320.653777862969 0.95104713029408
4674.459038542103 0.9076548812904458
5436.925492238882 0.8722601926821278
5741.998493487215 0.8524421541248117
5277.04507453797 0.8989677679178016
6170.6786765245815 0.873508402073087
4021.299933179709 0.9296199003380253
4824.1484678450015 0.9753918206218293
4680.049353853092 1.0868185715649623
2679.016077064876 0.8867051643534681
2401.110822509856 1.0559343188263675
7457.3912527925795 1.167424689471731
8068.086760682236 0.9336101546937472
7621.877704675494 1.058589323955295
5350.348178508956 1.194245369186944
6829.609536072536 1.120343460122229
5649.640361087314 0.8665990120419201
7892.97066829858 0.9954703682135975
5090.89304219642 1.1240712749404271
4943.6379507759775 0.9202778884341232
6768.377083779095 0.9882648081717677
8211.665665025028 1.1976278480265365
6451.15831625104 1.0745500969043884
5847.826946808166 1.1582111782426445
6650.190471106603 0.9509530459732659
3918.838455433508 1.1025691137628202
5574.0496021942745 0.8174891056195343
7855.529309545239 0.8928950238808707
5662.666147630642 1.0733910376415423
4880.599811080611 0.9213500826442407
3962.5379632382674 1.1140022945299761
5957.674027689239 0.9897869013467789
7390.208673121869 1.0366866259412046
6431.000941266112 0.8712834505161996
6128.945296460291 1.1986463747353893
7960.709195181635 1.175219080907319
2541.0743579574987 1.194964159640421
3829.953786233492 0.9638707457970355
4124.1504261182745 0.9850237521136973
4063.77373599584 0.9480389099311907
