6 100
0.8434316492559711 149.33544567961675 549 127 110 103 134 103 135 105 131 111 128 110 103 107 108 108 113 135 120 120 129 139 130 107 124 113 109 136 131 124 117 117 118 139 137 130 111 118 104 113 101 122 120 129 101 111 118 115 120 110 107 120 112 126 138 119 100 127 129 137 126 117 109 118 104 110 105 104 123 128 137 131 109 115 108 130 136 137 125 107 128 121 104 116 139 139 129 102 138 119 108 130 106 117 118 136 120 131 134 106 137
0.8366677582114234 125.6452219682589 607 129 108 104 117 134 128 109 109 121 139 112 124 111 123 137 107 110 118 106 112 114 111 110 121 122 127 131 128 125 123 101 122 135 121 125 130 128 106 118 136 124 120 102 118 103 104 106 139 111 104 135 113 114 139 113 100 108 119 104 134 109 125 134 120 112 123 132 121 137 131 121 137 123 111 121 110 117 120 118 116 135 116 133 104 138 115 118 132 118 136 123 103 108 119 130 102 125 108 129 123
0.8161546785362879 170.71313433471016 656 104 110 109 101 124 102 106 119 109 121 129 109 110 135 130 126 102 108 135 118 120 123 128 112 115 105 107 134 117 130 114 109 102 128 110 134 120 124 134 137 127 131 110 134 128 138 102 139 131 128 126 108 116 120 139 134 127 134 127 112 137 121 132 123 125 122 131 100 126 126 129 110 107 137 125 137 118 139 119 112 109 132 112 139 114 118 113 104 134 107 130 126 134 105 120 111 100 129 131 100
0.8994548842525432 169.18372508593194 668 61 79 68 98 64 62 64 63 70 72 68 91 95 91 98 71 77 95 75 79 85 74 66 62 90 89 60 82 92 69 82 62 60 66 74 73 89 79 95 88 67 82 66 71 84 93 74 75 63 98 97 81 72 66 89 94 98 88 66 73 87 61 96 94 65 73 62 77 84 72 82 92 92 87 80 69 86 91 95 61 61 81 68 83 70 69 97 83 86 90 83 85 86 76 70 76 84 63 83 84
0.8312376513894945 161.42604121064022 710 82 91 73 66 61 81 81 73 73 71 71 70 98 99 96 94 81 87 80 71 91 78 94 92 88 70 81 89 67 62 97 84 75 91 76 69 66 62 79 82 72 97 64 81 95 91 85 75 91 96 65 89 93 83 91 77 94 80 69 66 62 83 96 89 73 94 88 75 78 87 67 91 88 86 72 78 63 78 94 98 78 75 96 64 95 96 72 96 80 93 73 90 82 79 61 88 63 68 93 68
0.8077316384857557 154.42828452163582 899 63 99 97 73 75 81 87 75 96 78 90 76 90 87 66 66 70 78 91 67 91 81 70 72 92 98 97 79 87 65 98 70 89 78 62 86 73 93 70 61 88 68 80 61 75 99 95 65 75 64 76 64 63 65 62 73 70 84 63 82 80 64 84 99 73 75 72 62 90 85 99 86 89 79 62 86 87 84 62 66 65 83 86 70 80 77 76 87 86 86 86 75 60 77 77 71 81 68 85 65
6630.763742839807 1.0575919243319047
3955.1175171851737 1.0862378653558484
8050.249538345573 1.0390668274760713
2998.9508853599978 0.8313425221562762
4546.451618562542 1.0283322810471314
7204.259114671 0.9328180635417664
7207.598798250432 0.8381525175730495
9180.921744110627 0.8184369275911191
8770.903267081982 0.9129845650671452
4384.459625585513 0.9689859616413792
5031.984163967271 1.1787878235350449
7188.8188174751285 1.0965899265364627
6607.686086625354 0.8340125885968097
4788.663042326269 0.8614371452523426
5633.108974707384 1.1499592448386522
7909.005521884144 1.1121898561627768
4053.828445454602 0.8877244051729322
6096.403869470975 1.1237390258016657
4361.586950935597 0.9451768931845771
5087.848448799947 1.191185067168453
6066.234825045402 0.8313554146510622
5168.6289664349915 1.0254008996964652
6753.4968124277 1.052731388408866
2724.744951352614 1.1642390405649254
7317.447631337201 1.1637111816402257
5689.838572809339 0.8414515800795701
4762.241207865919 0.8874091512479262
4307.547854746623 0.8725264742952629
4981.369605957149 0.984881748111231
5141.812343659821 0.899076676854894
4868.05744772359 1.0654058203133812
7055.7220092888265 1.169421704163401
3792.497075550004 1.1364709296068711
5612.117423507508 1.1622337305367094
6398.93301497573 0.8106095290686035
6318.301849772179 1.131428505023641
7334.586138893399 0.843313815787734
6424.432850147133 0.8697721773134838
7794.363686279201 1.1763204109881307
5386.767717843747 1.175048867249371
4491.535115323489 0.8166736112598615
4618.55511741102 0.8951994073484445
2309.776178237276 0.977744251485888
6932.98305243172 1.1704297876383332
3341.016172779587 0.8745397872828143
5759.361780523619 0.9712966978747374
3087.16409989298 1.0794480195274487
7524.432539238233 0.936683740576947
5724.897898607388 1.0581470891490405
5888.9604130627395 1.0397189137739171
6982.421568489816 0.8482591764387495
6837.211932384377 0.9445782747027405
3818.984651077104 1.0825619768735533
8972.486325576552 1.0806884159161592
6096.922320161862 0.9347362609860683
7386.049334507807 0.8786508125985797
5778.09124228028 0.8623197921497079
2853.1568612651645 1.1223472049509848
5510.01746764839 0.8596153973110437
4869.241893077859 1.0756708190929833
6860.070504362868 1.1722782242342487
2198.706713335736 1.012232908581898
7539.789532331406 1.1298874274075041
7927.715413606644 1.135147479172061
4797.712548896198 1.0850512002052284
6122.974683482385 0.9280168182815007
5600.200234839367 0.8423080876881657
6855.988347648645 0.8849688633439178
6029.781760613107 1.1831889706347676
3849.6783220486955 0.9090928728001921
6416.332135896934 1.1071335683108565
5676.261219707584 0.8600900676086952
7903.294988204823 0.8909756339850711
8122.646522966956 0.9086539915807276
3662.892316131224 1.0310125248031685
6205.196962531356 1.1013019236129393
6308.580068103574 0.8731643939231211
4279.874593131369 0.9822318722701376
6448.167122614416 0.8614894248565448
7353.805234265405 0.9388771179042603
5686.851036582764 1.0994674542081324
6393.093841354994 0.9769133088387204
5990.170743143947 0.9146438819495168
5759.476513409962 0.8384151739956708
5340.324111339444 1.0904021260672327
5944.402865248552 1.1588273423513107
6149.34252599644 0.8419118517570525
4105.188135394011 1.0483594233398528
7476.288323925337 1.1085965183900837
5768.412215076519 1.1235633140356542
4368.128984071297 1.0710736781044683
7292.969162149577 0.8776782894176428
5600.762745277035 0.9889404090516705
6089.328219332865 1.1294297534962487
3685.4436604531174 0.9583219500427739
6147.567114681218 1.1202215789860241
5660.927633826355 1.1925332284498262
4437.623559617027 0.9038908665931467
6202.667258353839 1.1125057489022407
7376.56405535504 1.0988511729278783
