6 100
0.8761421427636578 137.94236627676383 513 133 138 139 102 113 116 109 131 116 129 134 109 116 118 110 109 114 121 117 135 114 118 134 103 120 139 115 111 134 103 126 109 115 116 132 110 136 109 138 130 107 137 138 127 107 115 112 106 112 112 102 127 139 109 115 123 133 129 101 136 129 129 114 100 133 120 108 104 116 139 113 114 110 139 135 126 116 109 116 107 116 137 132 116 107 119 102 117 112 119 122 131 138 106 102 119 107 123 129 104
0.8362528503294578 171.22021573574511 571 90 72 97 81 96 64 80 63 97 87 84 64 64 67 88 94 69 68 72 77 66 61 74 68 93 68 79 66 81 80 72 73 83 75 62 62 88 63 64 93 90 96 72 80 87 68 83 62 73 75 85 89 72 61 80 90 80 99 88 68 85 92 80 67 81 63 77 87 72 72 69 80 94 87 63 66 68 75 90 98 78 93 84 91 86 77 62 96 64 92 67 90 69 92 65 63 74 97 83 86
0.8358111850741229 129.08709212222857 651 130 114 128 103 118 116 124 105 124 110 139 127 133 137 129 110 132 137 126 120 123 113 132 131 132 106 126 117 109 136 122 134 118 139 122 118 125 120 126 116 106 131 116 102 101 139 105 110 139 130 139 101 101 114 136 113 126 101 106 107 136 130 137 116 124 139 130 119 131 119 107 121 134 121 137 112 136 132 103 115 130 124 127 133 134 132 122 125 134 121 132 134 124 117 101 111 101 136 116 122
0.8771460918749312 128.5993239130886 718 64 94 88 89 68 89 62 92 91 74 99 62 83 76 79 76 95 62 99 75 85 79 82 99 99 82 79 82 83 99 61 91 63 86 77 90 82 61 61 81 63 64 75 73 60 78 69 92 88 62 93 98 79 60 62 79 77 85 94 72 83 75 74 89 92 90 88 94 94 80 61 72 90 85 77 80 60 93 86 80 85 65 80 84 72 81 77 88 67 76 99 90 89 79 72 64 74 64 99 66
0.8528638230457345 144.732928186027 778 131 118 118 115 136 123 139 112 111 111 112 130 138 132 126 117 131 112 136 107 138 113 100 128 128 129 102 104 125 117 123 135 108 127 119 136 136 135 129 126 104 122 104 127 112 131 102 121 108 103 107 134 117 128 114 108 120 106 133 106 125 120 100 127 101 131 131 106 106 118 120 108 137 105 107 129 118 106 124 121 100 137 106 113 120 112 112 112 115 117 138 112 102 115 103 113 120 108 101 138
0.8029635631401725 163.58007985203125 804 79 89 89 99 72 77 90 67 88 96 74 67 64 69 87 86 71 86 96 91 70 79 81 69 80 63 72 91 99 63 71 69 96 78 76 81 62 98 65 89 65 95 77 81 92 85 74 63 96 86 96 86 65 98 64 95 82 74 83 91 97 99 63 85 92 97 76 72 60 75 65 64 72 95 98 61 75 96 67 88 96 86 89 65 73 94 69 79 60 75 93 88 65 96 97 94 78 87 98 70
7139.859510856952 0.9734283824484133
5255.508514752916 0.9903325192338817
3381.4253365820487 1.0721201032566772
6952.80296312079 0.8914646384020835
3787.124052814248 1.0341615384813412
5055.047369412094 1.1929404921917843
8393.689691287953 0.8590382891466986
4637.953992267305 1.1497190704383962
4718.969961472855 1.1968412069537837
5695.1651699187505 0.836858953007893
4519.607823987873 1.0049508362289614
9298.377680852604 0.9917417715595452
6887.280535923218 0.842583140009561
7503.124692440662 0.8491699313001264
6050.4346318654325 0.9695095995227917
4959.0707049709645 1.16432049276218
9771.774583129249 1.1811682064335638
5957.208763115568 0.8056655838386985
4727.916739870549 1.116053563789149
6804.455955120779 0.9230360095678433
5064.849199634424 0.8685929758374826
6849.686920063821 0.8249758755030868
4200.298025691816 1.047685032083577
6780.4020242785455 0.8369845801152767
4942.146056565841 0.9397586851432748
6797.811599694623 1.0453659348584272
5127.098888260929 0.8760320971366542
3808.7387370422443 1.0970873388512186
6394.839262824987 0.8362980240748659
3400.728577390941 0.8187084008425993
6640.562243630807 0.8618419498721469
6511.470852841652 1.1043781289209846
6499.502824440266 1.070765686082459
4795.450500890428 0.8982099379881795
6829.789241740256 0.8541000269471195
4446.726382708846 0.8880518184172765
6876.630286469369 1.111169175800261
2542.7012846175458 0.8004765123391169
6409.254438793341 0.8696074939399244
6579.57162094331 0.9046447569679056
6380.36685701641 0.9097908964475024
6340.7544726829965 1.0804399415761
7474.917176009547 1.1453067743546808
7216.351301462972 1.125358217528793
5368.225438184028 1.1529999616826143
5588.612040457362 1.1654967076528464
7725.646370452261 1.1237561473615783
4334.303137943528 0.9962133992784221
4463.9499617453275 0.9839538524888605
5392.18486628725 1.0203372775389397
4402.961144695442 1.009692478814949
4678.442748691191 0.8594926905171356
4309.3095780620015 1.1804459969498913
6839.068050623362 1.00439793524078
5968.503799228718 1.1558896510547552
6120.030690393846 1.0694529394865024
4531.9966618077015 1.0348077234943232
5761.7362313192825 0.8526440852011806
6877.977064154342 0.9160027744151971
6691.51897203015 1.0066234397350857
4407.8905090998105 0.8361936598352311
6656.108230692754 1.1031512825246523
5009.430689033577 0.9121874133526904
6371.382546825398 1.0529911991099428
7583.796160465649 0.9929007020162318
5524.427710453766 1.0629720509863638
7842.122168558561 0.9491925604705098
6797.335301977268 0.9145193436916633
7144.327936270699 1.1490448376429527
6928.399557164364 1.0624279825403966
6730.362094080686 1.0999184088191594
5065.1581898427 1.0524693899349082
6491.985290547023 0.8405803206233804
6152.472856123945 0.9447265179930008
6445.725483268135 0.9916052053130708
6480.307508353155 1.0030263559257138
6317.1616212262325 0.9887739250543228
4750.538828636 0.8825498774414818
6640.724198742355 1.0730709995707375
6008.984256650976 0.9393442184154857
6132.762539662615 1.0494702828795943
6287.707638989046 1.0025719951435987
5574.361024376491 0.8914180958667074
5943.126350593863 0.8725393545417583
4315.175420859979 1.1401823634512538
5544.224649461294 1.1035879075776216
8727.900135839904 1.1982943458452446
5584.7875943036415 0.893236047015746
6824.542649527205 0.9328077181114399
7639.884384190622 0.9505174533507798
7223.876834066541 0.9534565410420003
6328.251485886853 0.9233335352343035
8092.2971429873705 1.1988641062278174
3746.311975357745 1.1468675887460655
3635.7237313136466 1.0654050701144575
4267.158966055218 1.1765709307101442
4044.679141873319 0.829405973178186
4724.8874304045685 0.8478801156988952
6121.396998006023 0.9860604274697989
3283.733646396822 0.9301201887279502
