6 100
0.8534578490913437 162.74444604119606 502 112 123 136 139 112 124 119 131 120 126 125 122 103 126 121 124 103 120 111 100 120 102 104 121 133 116 125 115 137 127 130 115 137 116 116 100 103 103 113 132 109 139 106 113 139 103 110 117 132 114 121 101 118 138 108 127 111 116 122 119 110 131 134 114 121 130 106 117 118 111 126 131 111 107 129 138 110 112 138 104 110 111 139 137 132 130 121 125 115 102 131 121 114 115 133 109 107 139 122 128
0.8146936238347122 160.94860415088846 604 69 93 79 75 70 78 93 70 97 67 88 63 82 69 71 81 94 83 95 70 99 71 83 61 79 81 76 92 81 70 86 78 88 90 79 92 71 65 95 99 93 63 64 74 74 76 75 96 73 70 61 84 96 64 81 64 98 60 96 66 72 98 72 87 96 99 78 80 71 85 84 77 94 61 87 79 73 85 86 75 87 85 69 94 83 83 80 89 94 82 97 89 79 71 87 91 90 98 94 60
0.8910197254609729 123.52248873318311 705 132 101 103 136 111 127 115 119 124 114 118 120 109 120 113 112 133 131 101 114 130 136 104 110 121 126 103 111 113 127 109 116 133 128 118 130 114 121 131 135 104 111 134 113 137 129 138 118 133 102 116 126 101 101 127 116 129 110 121 119 117 110 115 123 133 119 123 121 108 120 103 101 107 128 128 125 106 103 123 105 139 112 130 122 120 131 135 138 105 108 103 124 122 126 100 135 137 113 105 110
0.8650635506002485 151.4183960646339 740 87 75 67 99 77 79 89 81 63 63 94 77 76 84 90 81 61 70 99 85 95 94 78 71 63 70 83 70 99 89 77 75 98 78 92 95 93 64 83 94 94 71 62 71 96 91 90 82 79 81 66 84 79 63 60 83 67 68 74 69 64 94 93 94 97 65 63 99 79 73 76 97 82 97 86 65 85 99 98 61 93 97 63 61 98 80 93 74 73 78 86 90 93 61 86 62 88 83 93 66
0.8181105746090604 143.40404273080463 772 87 86 97 94 93 89 92 62 72 77 94 78 66 68 83 79 77 80 91 92 75 96 99 94 72 88 61 98 85 69 91 89 64 97 80 93 79 61 61 68 65 97 68 63 72 79 65 73 61 78 87 99 68 92 92 84 81 90 61 89 89 88 63 85 88 99 96 89 70 67 89 94 62 85 98 64 82 92 91 78 74 78 94 66 61 89 63 62 96 95 75 66 87 98 69 86 97 95 71 77
0.8985745735608666 128.29648508144606 927 135 106 119 124 117 107 136 110 133 128 103 135 122 106 117 108 137 105 132 128 128 108 115 106 104 138 119 123 117 138 139 115 138 114 131 127 137 132 112 115 134 103 119 132 112 129 113 112 108 128 137 109 123 115 108 108 123 101 139 101 108 114 134 104 101 110 124 139 110 100 127 121 135 133 122 134 105 133 133 100 132 135 133 103 102 127 120 118 124 119 131 116 100 132 119 105 121 120 107 136
6743.828395157438 0.8529835863333983
4404.603108994968 0.9158340335051988
5303.098368066006 1.0643648226200366
5963.394667634119 0.9954908048638775
7943.668715061651 1.1579249074491282
2547.826777917841 0.949719059796463
4084.133103036751 1.185108171078552
4185.850759829978 0.8755326507429578
6087.187789858878 1.0751537968254532
8038.9293992919775 1.1135290099026967
3690.8209353275506 0.8022760230996497
4905.654198613016 1.1675886487453215
4215.260369634793 0.9412145604767661
7370.901126699656 1.0129945368576287
6120.031831991118 0.9900160123331895
5785.771828609844 0.820956589659579
4636.892172657019 1.1341149183103463
3039.2854298933016 1.1270549799518372
4960.575200304023 1.151811456808113
3703.5858152963933 0.8277754019526036
6761.959646343333 0.9621437526201204
6427.105188064748 0.8357831845443637
7308.475036423589 0.9045995348030582
4093.1415720170185 1.1818529912980194
6022.433756051998 1.1993446803344
8535.8980658399 0.9343128624439891
5168.566963245138 0.9457281044092548
6695.7372016828895 0.9072549185290121
5279.078495487217 1.1317519769494069
4959.638516351922 1.1913896558631212
4603.104924474257 0.9890566993073835
4737.946807808581 1.129478156618863
5586.670513735602 0.8200550071926833
6947.062529177556 1.1704993964357235
6816.988249091599 0.8764938325054323
5024.2454653938685 0.93145544654537
4949.268378271037 0.9398355120911646
3519.747639907479 0.8782359043681316
2794.622085614732 0.9927921341416708
7767.7204313495795 1.1053976917764647
5465.646991149049 0.8800018081311795
5402.555726166305 0.8072260205037421
6970.2682859360275 1.1342433488327268
4752.867001341195 1.1141324084762116
6053.442216901112 1.1599118376127417
4628.874204100145 1.0122359778448895
5630.363004365123 0.9617468402436966
3942.0347054197973 0.9417050643871518
4374.706388771458 0.9794431498010358
3618.316895478829 0.9167751731122051
6601.62049286215 1.1456006462462511
5670.729808461231 0.9987272040568099
5408.3916572798735 1.1709554236873623
5493.229029299134 0.9456788898159683
6882.424740558992 1.184729335956999
4034.570765232692 1.198791924640702
6529.5859628731005 0.8956696946825285
6073.857133658348 0.898730249833224
6071.64150287752 0.9435986270688456
6030.242927819606 1.0625240369786968
6423.848606135317 0.9548264559836823
6525.465342063233 0.9005404808653743
6293.776795647164 1.1004166181183463
5177.571011107759 1.059826742553836
3561.924493087772 0.8464898797594214
4645.45483181465 1.1286609994076422
5860.021397161133 0.9902342541480916
8249.213635569635 1.1483837618720352
6266.2589728675675 0.9523777231705929
5873.1294969036835 1.009706456735831
5719.808984982142 0.9433202123014751
6710.608292219555 0.8356855760071555
6574.247265232631 0.8332541469974453
4555.1513570450425 1.1920625806386629
4839.3717257510925 0.8642189917973868
5134.326097334125 0.9244533842190841
4958.4975329495755 0.8881686720603933
5729.0818926402735 1.1789751315980324
3596.4819782281156 1.040591464392167
5602.997765178762 1.065298626896505
4186.264630305662 0.9379164199483848
7422.315608155063 0.9361372628088955
7293.395462843815 0.9358838384891934
6077.5492650771575 0.953009424970676
4100.468663765361 0.8411012858094579
5480.124403152479 0.8741616602369657
4874.428033630227 0.8233429238580203
5125.903437136707 0.8193606893825055
7672.427055731132 1.0337655071878329
6087.16886560058 1.0361029757786717
7732.648259059715 0.9920741694196533
3814.362225892484 0.9576836197848717
6502.993079439907 0.933249229687688
4924.533324758496 0.9537734637848378
5739.322898461102 0.8762708300216469
5011.188844456286 0.8437040894772081
6300.730160268526 1.1168377712409274
9979.123241521622 0.999875262583116
5908.866205063156 0.8706779148661802
5464.241184546121 0.8529172741403949
