6 100
0.8026492025905659 179.89838180708603 654 69 79 72 92 85 64 96 71 77 96 98 66 65 99 79 64 64 78 60 88 71 74 86 86 97 73 83 71 79 92 79 76 81 82 85 93 74 65 73 79 65 98 77 75 92 71 91 90 60 79 83 85 96 72 66 73 73 74 94 85 83 77 77 82 98 99 86 73 68 63 96 93 99 72 78 83 68 64 81 71 69 69 87 60 63 90 62 69 83 67 70 70 75 73 66 99 71 63 64 88
0.8572224965912205 130.8309589953142 752 127 116 138 105 120 126 106 118 113 104 110 132 114 101 127 132 111 110 123 103 110 106 139 109 133 135 100 116 138 119 128 121 129 111 138 119 104 119 104 126 136 130 130 119 135 103 110 116 111 134 108 134 128 132 126 134 115 125 137 111 133 127 116 105 112 101 102 122 133 114 139 127 111 121 121 134 139 110 112 139 112 107 101 112 119 133 139 101 134 118 118 108 110 111 103 112 125 127 129 118
0.8586923937037185 155.54182867216537 812 80 90 68 77 88 67 75 71 73 87 95 72 90 61 66 72 61 99 92 87 65 83 81 77 97 78 75 93 89 98 73 69 74 89 80 93 77 67 96 78 93 88 87 61 94 74 88 73 62 97 88 63 88 92 95 69 66 92 87 88 88 99 77 60 88 70 97 90 72 83 94 84 86 81 86 85 67 72 61 66 65 68 98 78 62 89 79 79 91 79 84 87 70 81 82 76 77 95 62 78
0.8452437295579077 122.60964631164957 830 91 78 98 65 68 88 84 73 79 65 65 96 75 79 68 74 79 99 60 62 71 97 85 89 80 67 61 88 84 69 77 79 70 78 76 78 85 75 75 83 60 75 93 69 61 98 90 90 69 80 97 69 79 64 91 63 74 99 80 74 68 97 69 78 84 83 81 80 80 85 88 78 76 97 69 84 82 85 64 83 84 86 92 79 78 94 90 92 97 64 75 74 68 72 73 89 64 84 92 88
0.8995411086752616 130.3153364865161 871 139 125 134 129 107 120 133 100 130 132 106 119 108 127 137 122 100 116 102 137 119 101 109 130 128 103 121 103 108 136 101 112 133 121 103 108 138 120 130 139 105 114 109 116 139 107 118 118 109 126 114 127 119 137 123 133 120 114 115 102 114 119 123 113 130 136 104 104 106 105 127 116 108 129 117 106 120 104 123 122 131 122 106 118 136 122 100 137 119 113 132 103 130 110 129 129 132 103 136 112
0.814941395865225 141.9738720401919 955 111 130 124 120 137 104 104 106 124 125 111 131 132 106 113 107 100 100 101 110 119 102 131 138 111 129 120 130 107 124 138 127 137 117 101 117 118 111 104 129 129 118 122 122 101 113 128 117 102 112 104 120 132 139 112 129 131 104 139 112 135 119 109 139 125 110 116 128 139 118 100 128 135 105 121 135 129 138 137 137 102 112 107 107 111 133 116 120 125 105 108 135 119 119 131 114 112 132 111 138
3955.5508482100463 0.9815652430934845
6447.8981871370615 1.1351091932371713
5705.876290979303 1.0668795553249073
5484.615159598867 0.9236156892102333
6573.331394051924 0.8189563157717322
6995.7493887610135 0.8570265819001457
6989.067525079299 1.1170976438947533
4475.697153047354 0.9847419467961571
4199.9909065449665 1.0185045872309078
6778.013910215059 0.906767704912933
4947.089597894006 0.9512200870671081
5518.159698919675 0.9537491795450823
4777.402053340142 0.935096097925771
4706.773863291248 1.0426645777135592
5217.721763693795 1.174537199380787
4821.400641777755 0.8892693584203102
6755.435007386963 0.8318510970001515
5288.577558773965 1.0476200210992594
5890.878690885677 0.8908030901431675
3156.515128539801 0.9343635841362793
4669.030481541772 1.1754590031899217
4257.230016942401 0.8333552432803379
4622.621318033444 1.0655490410927304
5858.546099775742 1.1908610262560841
5093.806363990652 0.912991756727035
3469.2149959387225 1.1066789665245254
3651.0915601953047 1.0554553991093165
6883.366122278434 1.0624242096901955
7020.186682311668 0.9119037440795553
5861.9557547960485 1.0742972018996337
7475.666562367407 0.8390591563372186
3538.4790708426394 1.0157237327090805
5277.857130785423 0.9002102202918745
3886.643170620722 0.8633261832143477
5585.7617878299625 0.8237237684473716
5327.16898538686 1.1241279371246682
4947.535021748647 1.1509499671104688
5251.764439459404 1.0258678496207358
6341.807847000724 0.9524445799636337
6773.603085982586 1.121598988686877
1836.018594955994 0.9592227509764955
2970.7361343345397 0.8938403859088544
5403.4550583454975 1.198223334109695
6512.157955608206 0.8573411039060055
5645.3640723296985 1.0747351300419714
7689.648593016902 1.1459527472644229
5254.023140776986 1.0801303281266286
4873.540725342156 0.8626505592328946
3448.269066116589 1.0688048597947786
5772.099158184937 1.1188989205651214
6881.536383112142 1.1252449778805518
6244.152360033372 0.9740721316082912
6793.780216510334 1.0831510518252843
4905.14179140249 0.8826721230593585
4349.751578873953 1.1377249221189805
6306.2735116873355 1.0691908257277876
5235.86330183 0.9246631116958134
4455.110160366168 1.1670881404677513
5272.2354348569315 1.0529671825164246
5982.87442959913 0.9512200242612383
3431.1584602377443 1.1586844887985797
4760.743765223466 0.8703260256699901
7109.765964567946 0.9589305041226781
5613.707723305011 0.9820814123217388
6200.4039061947005 0.9437890004190558
4812.163971330799 0.9900601915105689
5292.721268638791 0.9535117891115867
5534.587996602884 0.937759303873068
2713.7627436055795 1.0316473639038704
6835.484588510539 0.9911976573970188
4255.81020402261 1.129729834649864
5048.650252999158 0.9380029199315321
6173.460773566432 0.8119616652101552
5861.9169640384525 1.1940605946276013
6202.415300625166 1.1168525532158216
5776.789157224744 0.9443118381819275
4649.151964095293 1.1695798512691589
6243.6028530795165 0.9499435362047955
6483.833300689954 0.885769475471807
3992.539856784329 0.8974790699275631
4991.5025720803405 1.008245370294405
4096.994283923796 1.0574920907861982
7094.347808089077 0.830708565499778
4181.49963710723 1.1527938273611338
5038.6964068777515 1.1502032312387407
7671.939827037587 0.8148966473172153
6463.109738598595 1.1162660795992068
8466.908606112038 0.8662478232223012
3929.4024496665324 0.8953867935568934
5064.292529992833 0.805250588358708
4420.591224962142 0.8747564251702995
4472.919970451786 1.1392561871205762
5206.050453503574 0.9845322190895613
3931.429649366255 1.1687115202242357
5543.071517023838 0.8589894550735611
3081.233511237438 1.0012384678458988
6614.21971907803 1.0761550758853802
5231.182408065065 1.1082398738239332
6965.0583427464535 0.9096332363739238
3967.4605304443685 1.1654499567525665
