6 100
0.8743194714208571 154.6523848006891 563 89 92 81 93 92 96 66 77 64 63 66 70 67 73 93 81 67 68 67 63 83 82 61 67 73 93 99 76 62 94 76 68 91 71 64 60 72 67 74 88 91 73 63 82 62 70 82 89 78 66 70 74 91 78 73 78 71 64 78 95 81 81 65 86 71 63 92 78 94 90 87 87 71 60 77 85 92 73 81 89 75 83 61 97 89 98 80 84 91 88 62 65 92 80 72 69 78 86 85 86
0.8216603455198103 138.26081642736818 687 131 136 137 123 126 128 109 109 103 119 107 121 138 121 135 134 137 111 114 107 108 113 119 118 125 113 115 137 129 124 122 122 104 115 128 123 108 110 130 102 101 119 103 122 108 101 125 108 102 134 100 133 134 132 134 126 128 133 139 102 103 134 115 128 111 139 125 101 101 130 107 111 138 127 103 126 112 124 120 139 107 139 110 111 117 106 132 139 126 113 139 102 115 111 113 132 139 129 108 120
0.8012827545220981 152.59684081571174 832 115 116 129 134 122 119 103 129 105 132 109 132 132 119 139 102 112 109 100 133 122 105 105 123 124 114 135 126 129 104 122 107 115 121 115 108 124 108 133 137 132 139 102 123 123 134 137 116 114 126 137 124 128 105 100 132 132 130 100 107 115 101 124 131 112 131 122 124 117 134 131 113 134 127 120 112 104 100 100 110 124 133 122 129 107 122 126 127 128 108 128 106 110 107 112 126 111 129 132 111
0.8828020167963707 171.95072223590404 859 70 87 97 71 83 82 71 89 95 68 65 82 87 71 69 95 76 62 84 77 61 78 67 70 74 66 62 62 76 71 80 82 96 63 74 72 79 91 87 74 72 91 91 80 91 90 84 87 99 60 67 80 81 68 72 70 80 81 81 77 61 89 66 72 85 64 62 92 99 72 76 74 61 66 83 70 61 73 81 93 90 79 68 69 61 63 62 78 98 83 62 65 79 99 65 68 62 79 78 62
0.8136822064811577 121.77858996226821 954 78 78 96 91 65 69 81 90 99 64 81 69 83 66 70 60 69 91 65 98 81 83 89 81 72 71 86 79 78 72 63 86 74 95 64 81 60 78 88 63 98 85 71 98 94 76 78 72 93 71 83 82 64 98 66 87 77 97 81 83 93 92 87 60 90 82 98 67 91 87 91 75 61 99 68 75 76 95 86 74 81 80 69 99 92 97 93 81 97 79 91 63 83 70 95 98 86 75 77 69
0.8939948425272713 164.90849475283537 959 113 133 127 100 111 115 106 138 102 102 115 131 100 107 128 133 105 126 108 100 100 114 101 128 125 138 104 117 117 112 125 122 130 105 129 112 126 121 108 104 123 133 100 121 116 134 135 137 123 126 122 120 127 107 137 122 133 118 100 110 105 133 130 136 122 117 130 128 127 132 102 113 105 131 126 100 100 119 116 104 111 129 133 102 119 127 115 128 110 115 126 119 137 122 110 128 136 111 114 132
5128.506052831267 1.0560474839037695
5097.123275173631 1.1893258138796043
5187.115904821335 0.8946218845415761
3832.5424276240833 1.1824526598558505
6531.49277721296 0.8438542880068545
8257.363297835842 0.9045298273201636
6065.245306725915 1.0889917327463468
3621.8127315035767 1.1341137228272744
4864.475074918798 1.0180951530535773
6811.413354415183 1.1175393852618924
5294.953072769806 1.079871200077125
4925.365101609025 1.0992701630157053
6001.410819360617 1.0343048390180622
7533.6276121544615 1.0810385531110596
5515.142285335505 0.8375934860355612
5578.679326133544 1.0710947821826267
5738.272151672476 0.8362344832609283
6062.0602783663035 1.0559221171719697
6183.18517128318 0.9790415118010514
6479.121041332644 0.8266222811779342
6000.22770990112 0.8204508685755119
3723.6728482759095 1.0230304868832252
4766.879602491905 1.0995976652741875
2947.20586809894 0.8050459125738016
6611.167556233545 0.972039018207848
4761.011108721581 1.065980371020268
4696.2317181218905 0.8653049619604808
8804.863253001013 1.1650518704369963
7682.483973565528 1.0315305452768415
3826.7762631396554 1.0499518578335907
5376.091727174649 1.0027242541510617
3212.139333585354 0.9860800880313316
5560.160121452352 1.1024793815050211
5125.672146094555 0.877462399527611
4849.748120417077 1.105196732920906
3806.5875062306804 0.8438109534355851
4948.085799970343 0.9753904689507484
2964.0169836112855 1.1825616692555854
5807.020053895388 0.8895758369997094
5895.180723765977 1.1354982532437707
7891.828494574558 0.9783036965875622
5571.882718339855 0.9567405660189627
6141.7292479211665 1.0835335597844242
4737.325876592287 1.0620439350212116
3167.2773750210836 1.0691030085645268
3549.9126206723895 1.0801991284545114
5169.017885973361 1.1870571353622263
5898.1501145101365 1.159279337015281
6303.940174278396 1.1601421173049529
3328.5996797710727 0.9490819856523673
6346.761466685926 1.0565469715228655
6941.667620927702 1.1495363226386779
3798.9730633659956 0.8660885373648021
5376.940612676938 0.8082655968006619
8926.747507821256 0.979009165592272
5787.28386769443 1.1025968883934927
4496.658830903795 1.131251714086738
6938.681301480319 0.9463986338990278
6026.7146092272515 1.0617235008830188
5487.4942963808235 0.8205577555106016
5960.419256464076 0.8465842384296163
6687.209747562656 1.1485504858856865
2847.433303556986 0.8916781342522357
7721.707911989886 0.8161535087299272
5880.269341459282 0.9836614475865894
5347.455250823481 1.0134917201782008
5441.6820796445745 0.8562466236502855
6575.335153847091 1.1539101316181943
4076.2705919612604 0.960601196154028
3757.123970998615 1.193372066506847
6967.597596820003 0.8926636968917552
4189.671318001502 0.9297351271296592
5970.414165400182 0.8643505256879056
3411.7538439752807 1.1557752652203475
5581.801172676064 0.9086991330256425
7025.106397923538 1.072011650080203
3084.0554706383027 0.8420616775997584
5743.596642456791 1.04490051440214
6228.373799351431 0.9002793536272102
5049.306552934252 1.0503285450921913
6080.911036396511 0.8550766712585341
6764.899877085891 1.111393431016623
6236.9161351381645 0.8107159501034702
7384.546020898902 0.9101238397288871
3548.86379428027 1.174440456901331
5193.924904312827 0.8507262659150631
5979.907076888248 0.9311178975416166
4189.2722856149785 1.086626122536109
7645.5544522536275 1.062524454954018
5651.153278643243 0.9906111031800515
6225.906025393059 0.8066531277462802
4485.256497153643 0.838697236850733
7167.148292095551 0.9747763743981617
4755.077715850863 0.8480792127961825
4034.4006533642078 0.889092328067826
6731.569121422482 1.1616712958051953
3619.241524399733 1.0675983465066525
8646.040921262476 0.9669174554020634
5504.740706171718 1.1588048047844297
4132.946300617765 1.0375087839551627
