3 15
0.8211078792844815 193.60012206482492 548 74 71 81 69 70 62 71 97 72 85 73 96 93 72 74
0.8624750453094011 146.50960719716764 553 62 91 98 60 94 82 64 67 82 67 83 98 83 92 63
0.8782672551531959 162.11189152698682 842 132 127 125 132 126 111 100 106 129 111 137 121 110 109 128
1398.579132413596 0.9035337760768628
1747.4261858625023 1.007687028985749
1553.2914920926935 0.8446488031435478
1787.4359757097598 1.1259378352482996
1634.2324897252065 1.0245310346663346
1261.9627096268641 1.1666724944998124
2253.33920648058 1.0959561440812862
1154.5740902543523 0.9691348581620252
1178.5696809063754 1.0518139031868707
1754.1221885150183 1.131746959996069
1753.7912163264689 1.0680020845039073
1342.9131695807391 1.126310286282172
1866.2782009385078 1.1978740625262847
1497.2656698872988 0.9464241075637844
1304.0003887786218 1.019242278876112
