3 15
0.8474722450019203 156.7903519869227 556 109 136 112 120 137 132 136 106 108 129 114 123 125 116 126
0.8645578379402066 141.78429594522322 604 61 88 95 86 88 91 69 68 74 79 68 79 77 61 61
0.8101884163385462 113.1227173505129 976 80 90 95 86 67 69 90 77 79 79 89 64 64 77 94
2318.2729319854225 1.0022510359328556
2061.5082850430513 1.0301482762229737
2191.334195462363 0.8718325799641418
1352.057802494564 0.8311497819176246
2471.0270248070356 0.8547536667804786
1691.8207493903665 0.8719957084089699
1502.3033765294172 1.1483083958302658
1978.4997141125357 0.8923552320008056
2758.155266341632 1.1251708085795151
1936.709042242069 0.8413404191860989
2243.4557524060133 0.803069174757405
2216.387440438527 0.9700181215339962
1722.5661371643557 0.8452113502004798
2052.6373473330545 1.1738704702387845
2062.5147159468906 1.0565047234865599
