3 15
0.8174622904827573 101.6891621869824 585 82 78 65 91 82 83 92 83 82 72 93 93 80 76 68
0.8332307699243804 136.27319806980216 620 115 129 103 108 113 139 135 120 127 137 107 121 126 104 120
0.8304645996738959 204.30404915781293 909 70 70 78 63 69 78 91 97 95 82 98 62 68 81 66
2514.604368382277 1.174696746016544
1780.7099284646345 0.9237794129434046
1320.2527752288454 0.8285221274818206
2068.16977330254 0.9199564168944179
1510.7947920614129 1.095794756879968
1539.346348791558 0.9231846102921206
1632.4570565858317 1.1637496971263757
1448.9949240577332 1.07959988206838
1715.747753493244 0.9989684101957522
1913.7125205383632 1.0683581872512398
2072.375040317285 0.8294455864118424
2175.937313623096 0.8026210590713477
2283.4097687509334 0.9987493104662429
1849.4776015601578 0.8406471168738336
2405.0352679808534 0.8767352260812933
