3 15
0.8877911140930651 140.56450536600858 756 112 110 123 120 130 135 106 134 136 139 125 131 122 121 102
0.8281357846911707 104.26221378742011 870 77 65 65 62 86 82 70 79 98 82 85 88 89 82 90
0.8744607373460446 181.43917783283177 938 74 72 66 94 83 84 76 91 84 70 65 66 93 90 79
1635.4470191714381 0.9738592738347479
1426.1211283280477 0.8950509471282211
2165.9495049668626 1.1982873065143789
2108.756845434269 0.915654040105095
2356.0840060274168 0.9814861655941514
1884.9891985565505 1.1796208253988785
1638.1092853576047 1.1039586123656406
2452.42257369852 1.1562347904648647
2274.7890006713583 1.0054855753803107
1330.721804861948 1.1209645345547266
2075.475336033916 0.8843644839978255
2270.6750417091403 0.8065426884239211
1382.5989624472531 0.8520643337894886
1824.9015650677272 0.9271482058612225
3011.657508744076 1.145818598353313
