3 15
0.8990679488431116 209.10806783557797 594 91 80 72 83 83 88 88 61 63 89 85 69 83 64 99
0.8486436943770499 145.65665891366143 748 130 115 111 129 104 103 101 117 134 105 112 133 119 112 110
0.8913427134619194 142.46022911030343 905 93 97 61 70 98 94 64 98 63 67 74 89 85 88 82
1472.8801594732536 1.1229307338296617
1695.1240541738937 1.066114600381728
2010.723526089121 1.1235267937333273
1730.1404696687996 0.9523905804966095
1840.1258046080418 0.9771648105764482
1337.0631731608355 1.0746432706031857
2134.8394338921935 1.0602242263047812
1631.3316283643749 1.000043489177757
1905.2443108310263 0.9148838872897809
1286.0382574900575 1.0711000126440062
1768.9842085052721 1.1045644253347102
1398.234969745538 1.058255707290161
1381.420531652839 0.8379093904896571
1591.612706836506 1.0080654812142682
1907.275820503534 0.8668318726804564
