3 15
0.8318320363790461 166.08789138264603 670 97 62 61 80 86 85 89 95 66 74 96 73 73 99 91
0.8823143293713339 108.1695246207613 699 133 105 102 118 114 102 109 129 108 108 105 126 137 125 100
0.8087858613823367 149.82806723238224 900 60 94 90 63 68 94 70 88 91 89 84 85 78 92 78
2086.304153170914 0.9497556679870247
1643.1890370791778 1.116841732423534
1479.3127242509054 0.889838211790977
2049.509657847904 0.9104192380550679
1286.9376084039764 0.8244785001350741
1244.211469868198 0.9893015750699653
2262.828427065117 1.1230110056874902
1867.411713692152 0.8252813999469968
2019.0065048007723 1.0299496172174185
2567.9437299065457 0.8713837944012297
1840.6038483468076 1.0361237880928853
2293.3446063597435 1.1005659131829688
1144.2483424453417 0.912523733947148
2667.925284639 1.165203096171339
661.6543446334408 1.0102829115380214
