3 15
0.810007037018305 135.04100261594675 518 71 60 86 64 96 76 77 75 97 80 78 60 94 69 94
0.8377618320270419 175.07522468714927 715 132 115 127 125 127 127 125 107 107 117 139 105 116 104 102
0.839293133349812 149.04391648921526 756 71 84 66 67 89 76 65 75 63 74 92 84 95 91 79
1909.5797652554893 1.1066936074420193
2414.2055700379005 0.8769945358564792
1605.2499494310334 1.0246512006306632
2413.715027775551 0.9875950961177151
2067.1991012018084 1.016352844569934
1656.4257288873107 0.8978704639659267
1479.8786504765417 1.0165989959919393
1182.5616696303234 1.0384603694899335
1526.7809427882007 1.07072639771275
2469.890902002222 0.900694072498626
1416.6506594071564 1.019823737870926
1139.9877455118285 0.8014338572057372
1477.0035567430589 1.0387440095484615
1846.4855676637696 1.0644986505327443
1602.0196554031404 1.0332062456996531
