3 15
0.8449429718516919 159.7620612456817 667 119 113 106 136 128 105 102 105 127 135 136 121 139 119 121
0.8334873417377816 151.4860183294366 676 86 79 86 76 67 67 83 65 98 78 64 64 89 95 69
0.8205651537359909 103.5544626709836 951 90 89 66 70 80 76 86 74 79 89 77 68 98 89 69
1958.121787577753 0.9639291825982205
1877.2510359818493 0.8079601047950911
782.2855784984686 0.8210678339885871
1866.4478213932957 1.0243695941381827
2072.389164201408 0.9278855445270824
1787.38215204976 1.049962037503664
2794.363550438501 1.179544276574898
1552.149550417808 0.8498934436284702
1319.1926001844172 0.8517674499865658
1346.7854705495183 1.0159778921969163
1595.2399454976469 1.1502659582082355
2515.0125519368403 0.8213147780414722
1696.7118747937254 0.8477615163332841
1606.3527791195309 1.033761849943925
1448.6872149514072 0.9334209084988523
