3 15
0.8225589194702408 112.10328701866476 572 120 106 125 105 100 105 101 129 125 122 125 139 108 134 133
0.8954365235374635 151.55794018212757 597 93 61 92 94 89 94 81 84 80 67 98 88 93 66 88
0.8654406814572991 185.29095898905268 838 63 88 65 73 80 85 76 97 77 60 74 91 77 97 67
1983.1793405414 0.8546822834086927
1411.8139781558807 1.1020338367442757
2671.1467367942178 0.8950557163482571
1753.467920789472 1.0394393995897686
2019.3219665579759 1.0195144336479112
1687.735009687248 0.979598432525713
2571.6614473826758 1.0356586630953446
2348.3345485286477 0.8815383065959389
1805.0524914168327 0.8958639380427283
828.1062035690204 0.9986194955955983
1537.64219939106 0.8355616254152942
1942.4176651175796 1.1679621262042117
1283.598134777745 1.0400173589808457
1658.0617241366115 1.1783024178536128
1140.2745268007639 0.8004543643618405
