3 15
0.8444616622330827 121.44873826826517 530 103 116 132 123 129 120 134 108 106 136 113 109 111 111 106
0.8968063563315997 155.51907086077114 635 90 90 98 82 63 97 66 80 78 63 83 91 82 94 67
0.8352278928037639 123.35706122145366 713 61 76 61 67 89 94 85 86 96 86 75 68 66 64 75
890.7072562866676 1.1711507820405151
1092.535501315104 1.1512156813387988
1831.550117744426 0.8148320101144724
784.8946702685375 1.0608533196945706
1237.1756150298315 1.1762713263053146
1952.154060066231 0.898509289608294
2112.9438416164544 1.0734812488081318
1991.2535144469302 0.8271459545297887
2377.4540015097637 0.8648737821243374
1836.6123763637004 1.1420864531555281
1790.229513046861 0.9921150750029984
1402.5703441890942 1.1481332196791254
1752.640217409901 1.0551269827324996
2117.159134189884 0.9896484796632294
1046.655156279869 0.9375945539461186
