3 15
0.8513196879612135 187.56889281892438 759 104 118 129 132 111 101 123 112 104 100 101 104 101 110 133
0.8142758448177839 176.99580644126127 938 70 78 94 93 96 99 82 67 95 63 99 90 78 95 60
0.8524413324598509 206.3867937720671 940 80 67 79 69 76 61 71 81 75 88 95 69 72 78 91
2333.1550250579753 1.1473049637119452
2140.1806374987427 1.101003293784971
1526.083667365216 1.0607909902967854
1398.2431811496494 1.005895702800714
1938.4102637319975 1.099191768105274
2140.653633366163 0.9249905825161884
2147.802464174821 1.1680567685435361
2130.9470886964764 1.1807691731200864
1647.0131589372488 1.125935819060593
1747.6473927283512 1.1333456057293623
1840.5926513439115 0.8029641391953567
2077.5163984990527 1.151574029066088
1926.6314036013 0.8549605551614265
1869.9403325176122 1.0996229062102851
1092.2943473334017 1.1057768585796663
