3 15
0.8295823811896091 164.99093257074185 531 72 60 76 83 85 78 70 81 63 80 97 78 76 66 78
0.81125522434408 114.03417421726445 572 72 88 90 78 87 95 63 77 99 69 76 68 69 76 75
0.8414705177971857 192.92999724493563 684 127 120 104 113 122 113 129 106 111 120 108 130 124 133 112
1588.565440413647 1.0310278849943515
1323.1257109593607 0.9088317326561738
1110.3616554720752 1.1217174768733376
1230.150589939824 1.071280824416667
1303.2535335058533 0.9747394158814091
1797.354091994633 1.0694117663229592
1258.8619779647825 0.9877837618648413
1520.8696390857476 1.1600288315715235
983.6148805345467 1.1994363710108895
1402.1461563233831 1.185163385525921
1797.7781594330922 1.0906519596789044
1424.916642517735 1.1923849118156156
1614.9887727446392 1.0895205667325776
1704.5240489154025 1.07814342640585
1930.9342982119406 1.0551230629867443
