3 15
0.8152541077814228 131.44612390311602 555 78 66 72 65 90 65 60 60 91 94 90 78 73 69 67
0.8293408558609578 148.83446891137237 772 132 129 133 139 121 125 101 106 128 123 131 119 108 100 102
0.8296899384723967 176.28604526648263 903 85 76 65 71 76 62 83 65 77 63 93 70 75 76 88
1366.4110429919497 0.9219889929498994
1230.1155308352097 1.0685029299954378
2073.8015773605093 0.8233254229114868
1845.616479069315 1.0404286822618463
1771.2864762561314 1.028547398430406
1429.855318909466 1.0920352315952835
1620.7183851456368 0.8164661717798125
1536.4539506138858 1.0726367404686887
2026.4926863455332 0.9886031435548361
2130.8190665779107 1.0964293567985892
1919.2634743405783 0.8968129303451833
1714.022378193706 1.0979458405879796
3417.1432361966704 1.1657206967205163
2083.1757724131244 1.141305153014032
2166.5793580923005 0.9585799380196962
