3 15
0.8496833548348971 141.12152240315012 730 72 84 75 79 88 69 65 65 70 74 67 96 68 69 72
0.8136190446160619 138.66848274272706 749 68 66 91 69 82 80 60 79 88 77 78 69 89 84 84
0.8410497464570538 176.7896686125374 832 122 104 138 134 129 124 138 103 108 114 109 119 132 110 136
1398.9250365481 0.9958232688390465
2147.831815994459 0.8636937149287038
1585.350673893813 0.8698315710460942
1524.5027301461155 0.9416529935394351
1797.414244385592 0.8478434227286191
582.4117668243393 1.071590668711163
2322.1471719916167 0.9773496388626988
2000.3530721238012 0.8617087253602722
1394.688717492566 1.1288401936597592
1671.886654872322 0.9972547807896293
1035.1356472892708 0.896875733446491
1595.6428867550285 0.879588083823911
2275.285990182478 1.1161653987646407
2120.4449617579776 1.139885646574204
2118.0569835063343 1.0532253412879284
