6 15
0.9193789027138408 166.2195014296794 530 86 63 70 74 83 75 86 96 78 78 68 92 61 83 71
0.7967108796588969 154.71994940828426 532 99 74 61 98 97 91 73 74 89 78 68 86 97 76 81
0.8775319654226459 123.68112945569615 802 116 125 108 138 127 136 120 121 123 101 108 103 115 134 121
0.7797246193624542 164.6258081191498 824 124 132 131 112 119 139 102 132 110 131 136 136 132 112 118
0.9436128146986753 163.84787065581335 833 109 107 120 133 133 138 133 127 125 125 134 130 133 139 130
0.7769093151791219 147.73538465929673 885 88 63 72 98 87 71 99 97 63 66 62 92 69 79 76
1835.7131054151116 0.9206934134875049
1319.9968196235727 0.9180131023707947
1917.790166312803 0.8282613455820107
1211.5759985554405 0.8255452759811528
2217.5275283621577 1.1052397963856135
1944.5950692585711 1.0861498572591977
1647.2319569368717 1.0028351322693623
1885.971018024823 0.9797233937615093
1400.4162483664452 0.8209282235929859
1914.0218754840887 1.1007649379769906
1051.4863917341122 0.8928844295164319
1798.0453797910743 0.839725773073927
1340.0179827900124 0.9734817313655323
2035.698408147705 1.1226497559847382
1648.811121630154 0.8060444846460593
