6 15
0.8261585920497612 144.7710558930009 571 70 97 65 80 62 79 97 61 69 65 61 82 68 68 86
0.8172879559031431 137.25688653390407 583 86 67 75 63 88 76 77 63 72 87 67 83 90 60 62
0.9424503404334175 144.49027471771956 584 87 75 92 83 92 92 70 63 82 93 81 80 68 74 97
0.8343357468079569 143.76509304548475 585 101 122 112 136 107 116 110 125 125 124 116 135 134 114 116
0.7741096330141517 159.0294639631819 605 133 128 116 128 139 125 133 107 106 112 118 113 139 127 131
0.9208146533908049 155.12497437258975 927 124 119 122 128 113 102 131 135 107 137 127 125 126 112 137
1961.870784492617 1.1334670508684346
1475.518771954364 0.8452981801812258
1358.3915181120956 0.8431002625010638
1409.7520998581908 1.1758124795130374
1365.2487247187294 0.9594258043953263
1628.6327789803142 1.06220486166928
1654.9830467121064 1.0445215231616378
1207.10604473379 1.1458573828926208
1424.757300954205 0.9886997550899796
837.9679585669417 0.8709318020065923
1245.9791888983123 1.1458624275080296
1226.4549712772691 1.0153017384048886
1580.5131597726552 1.1062005887601303
1335.8591466605733 0.9148186042593512
1369.5695022302682 0.8736693824815854
