6 15
0.8907312207769943 169.31631140521014 554 76 98 69 83 71 65 68 66 76 80 96 89 81 87 91
0.8450284851951635 160.82172473530383 570 131 102 107 108 107 135 128 113 123 116 136 134 135 124 135
0.8239601119029488 138.83056273679463 698 99 60 78 79 99 66 97 61 68 81 99 69 67 82 71
0.8105293409465165 164.03218242482953 805 108 117 120 129 129 106 124 106 125 125 106 127 108 127 103
0.7574293802106223 149.1444068374576 847 67 63 91 88 93 72 88 62 73 93 78 97 95 83 78
0.7531859494973889 172.32556793063847 972 101 119 113 138 113 107 118 111 135 139 135 101 106 121 136
1667.4444331751463 1.0925060201798182
2331.306340876384 1.1587796159020418
1958.1311476901185 1.1028169574966618
2088.730222972098 1.1366171165523082
1905.3391038985974 0.988095253342228
1382.8860197877261 1.1480043687532877
1715.801956423276 0.8513838488820827
1331.0971374000837 1.087874356384914
1615.523649489508 1.0649692371533583
2292.343875606885 0.9582721225454593
1771.5574220277208 1.0907131802323804
1472.6033146163625 1.0692116926943633
2101.493347305569 1.132989965361406
740.2626123302214 0.9739162745001182
1283.1024773257773 0.8015174481109463
