6 15
0.7907034309929433 134.4573411295878 582 91 63 84 67 87 73 71 68 61 86 74 74 77 64 84
0.807145657424903 145.22215019092064 648 124 115 117 137 137 125 118 104 137 121 108 135 120 127 127
0.8644553401867048 145.30135337065963 676 84 65 77 98 98 98 98 65 64 83 61 64 83 86 98
0.7840247705272949 140.29637211170015 700 135 103 105 101 128 109 115 119 112 119 118 112 102 101 100
0.7830005057497857 158.8980733697477 864 138 136 122 111 107 110 115 133 129 131 136 121 126 103 104
0.8251416936788434 157.81643135179092 952 80 66 75 87 76 97 96 62 90 89 73 85 76 60 66
1648.0131174323421 1.0867272056411108
1538.1882816818706 0.8957984043056765
2008.487596953095 0.8542771093365029
1184.2970526977115 1.067451800939548
1920.6594296613416 1.006210227102084
1954.3430207019637 0.8165362603425272
1557.9008952747074 0.9151839831389222
994.6367994669438 1.13876252782583
1847.2416714267454 1.123204565334661
1289.3824735346113 1.0664748279624152
1364.1477491168248 1.1481030186149712
997.0209790932483 0.9132844155728451
2066.2965617571367 1.1750121518369638
1358.0787187006958 1.070380705678366
1780.6004613519488 1.171512207618633
