6 15
0.9228355542951493 154.99581595646626 602 93 97 79 93 72 88 96 65 86 90 99 90 98 92 87
0.9180121476953139 130.62687423264776 745 84 64 91 68 65 67 92 85 79 74 62 65 71 99 88
0.8475753298545095 140.01043480752608 871 100 130 106 126 123 108 128 136 138 109 115 123 128 123 135
0.8253445889918909 150.36752904072108 902 128 104 128 137 125 110 115 112 125 108 117 100 101 135 109
0.8573350283464474 160.55623495857046 918 83 63 81 71 94 65 79 98 97 84 77 90 92 62 94
0.752503414096887 137.47344332512117 962 111 110 105 121 105 123 113 111 135 100 106 100 123 129 136
1539.7308219863255 0.9169727311009103
2245.8671296134316 0.8743680994979999
1860.9543458553926 1.1590572694185814
2023.0410953688777 1.084011747309546
2202.7780917260675 1.0286582006741052
2469.0651303843456 0.9881535438169001
2073.8062181034693 1.0980534114215488
1391.6786466253084 0.863408076199283
1307.1436068097873 1.0636200241035612
2012.3988537482728 1.0245762953746969
2275.8177844786474 0.8396521307013793
1118.8966681128104 1.1268048369855612
2268.4236630631476 0.9471612653145428
1765.219318310135 1.0052545472672367
2139.4105688278837 0.9646302405496616
