6 15
0.8556952249375523 164.8785890206483 564 74 97 86 88 80 88 90 83 70 75 92 60 81 76 89
0.7721192963010192 132.70856017628913 745 110 105 123 108 102 130 139 109 138 101 125 120 108 128 106
0.883642264142988 155.37844389366063 843 82 91 86 80 96 62 86 91 82 68 76 72 77 62 71
0.8228846589734664 156.1705728183588 848 96 96 71 62 66 81 65 95 84 87 86 82 71 98 85
0.7947661810775507 169.7784821952483 871 107 125 120 100 132 118 109 110 115 132 116 121 115 106 123
0.9468154442988188 146.2162803557782 891 130 114 119 127 105 122 126 123 118 100 136 104 132 120 138
1558.8034397180807 1.1520481972381917
1651.1230632766562 0.9329020303760452
1570.8474677661416 1.0175336865208846
1246.5229125668636 1.1588901337303914
2121.911594649058 1.1873941283059988
2158.249898060684 1.1162875332087177
1852.2794091627363 1.1959439837509627
1508.809182206164 1.0405119431573744
2367.927634583066 1.1553817461524787
1472.4789126409028 1.0944064512335991
2778.541357373834 0.9867744433696685
1791.0738277308183 1.1642347973128517
1444.8368000891114 1.017543324263002
1082.2029363635493 0.8883529933709732
1729.3755763922422 0.8623483408198589
