6 15
0.7769642905099137 143.74337451822157 557 128 130 118 125 132 126 102 127 128 139 127 108 116 106 122
0.8514209524667667 172.73529606653975 680 104 105 108 132 106 101 110 100 119 123 127 109 138 106 126
0.8936641665113436 155.42269223537733 807 74 74 85 61 85 75 67 63 68 86 62 94 82 62 75
0.8238753637269597 136.0984818381748 835 120 105 100 102 105 121 123 136 131 113 106 107 106 117 109
0.8171530362749932 135.32646813181725 898 87 80 64 97 94 65 80 64 88 64 90 64 85 95 93
0.7586082410848899 166.19299377134539 909 97 82 63 67 62 96 77 85 85 67 66 89 66 88 97
1767.279228599777 0.9281960051402125
1530.2545542086805 0.9084475563119644
3118.779550882962 1.1261221183863546
1263.904053105518 0.9505806446913911
1664.1776580160258 1.1077237513047853
1508.8362653800068 0.8063228584794399
2395.8242823739456 1.0359304712081836
1508.7818322835503 0.9977910687123032
1760.4185672427805 0.853538172752507
1471.118228539214 1.0232171250016302
2517.2790742755215 0.893757848001554
1789.7852076532995 1.0242080007906964
1887.7810843380698 1.1743189424251061
1902.2046101986853 0.8168991277657814
1894.9028809205195 1.1044182180697244
