6 15
0.7900881054541539 145.98047531405186 672 78 66 65 77 87 91 91 94 86 87 97 83 62 81 92
0.925670522957565 173.58312728189287 673 94 64 75 66 85 65 79 77 71 67 90 61 75 62 85
0.9252978963947649 134.8229665274458 727 139 103 129 120 126 103 119 110 114 121 108 115 135 137 112
0.7533526207687854 171.23374476907222 829 72 72 85 61 61 67 61 82 82 90 94 95 89 72 68
0.7555771400810078 172.0698371427901 856 101 114 136 137 110 108 107 120 133 116 137 117 119 124 139
0.9301997273915723 122.68155342476517 856 103 101 114 103 105 106 127 116 130 129 105 107 133 116 139
1504.8722838938902 1.1210992476528936
1672.7307135194558 0.8885373686356806
1821.804161577349 1.1019118049032408
1685.6307199490452 0.8407894438076867
1940.4870452693078 0.9928150479784246
1667.3408972183631 0.85126020144853
1801.2134458595337 1.1888142807325368
1491.23964710807 0.9627487541946605
1502.9409941369163 0.8323288641131219
1572.322414263408 1.1659002217871928
2017.5224173114239 0.9782804057547312
1650.4730279099153 1.1487272306131893
1855.0811664986304 0.8715445110884451
1714.5719290897932 1.1755340316504277
1969.3210198856034 0.8002022525213952
