6 15
0.7933604661453049 133.31893020250143 554 67 95 97 82 89 67 80 92 98 91 86 69 83 82 86
0.8154850440326177 138.80411916332076 638 110 106 109 131 110 128 108 111 114 138 116 117 132 138 138
0.8776809837821795 123.73931644937049 797 125 108 133 131 101 100 132 124 100 138 124 114 126 102 122
0.8236853061587421 162.721094057914 831 130 115 135 121 129 106 133 102 104 131 135 120 119 113 133
0.8543384568887189 171.3035147054706 858 68 60 87 91 76 96 68 74 63 96 84 80 73 83 74
0.8643986220205462 168.14330937527444 895 74 91 97 68 85 93 99 73 99 66 91 87 77 80 95
1769.7601029781592 1.022232960576657
1468.4129788643427 1.1586336467341094
1869.8215614111004 1.0275470246390839
1349.591845655137 1.0094958495121837
1847.1747345977822 1.0419388647353998
1891.7857795134732 1.1546351944593984
1611.0783518212183 0.9240450563689543
2680.4425668432314 0.9487218032582673
1766.9549889219861 0.9184085112474561
1822.4186666123487 0.9795729012928562
1242.9165898216509 0.9362945861625949
1488.1086171249717 1.113499557236729
1899.5736819044655 0.9634551121996575
1893.1286782273576 0.8813409881948928
1729.9157939959155 1.0259535408756846
