6 15
0.7953155887372361 173.63740781921115 534 124 134 120 112 136 115 120 106 134 104 101 137 120 118 121
0.7927035461833981 132.798739503447 633 77 89 81 81 93 66 86 67 67 70 67 60 98 94 94
0.8038533600617919 171.88771470827402 681 137 101 103 116 135 102 124 134 137 105 102 100 106 128 134
0.8426580371694725 172.54249224963138 723 76 93 66 81 69 76 75 76 89 63 60 61 94 68 63
0.8603965997359253 177.02797180661747 924 113 108 131 131 107 124 128 124 120 126 116 131 134 125 101
0.8140521034421067 169.74499765730988 959 85 77 63 86 83 62 99 83 63 74 94 90 92 97 94
1808.4748180093786 1.0026382747151323
2103.4817062308753 0.9140785468883307
1977.604809055621 0.924729055439638
2264.394229633249 0.9534053917814718
1464.3265636136723 0.9519410875611897
1949.8312173031184 1.157743105047442
1900.5713726109523 0.9046990900360288
1374.665134703432 0.8846747399968846
1771.926826868011 1.0642291673972744
1896.88921189018 0.9285633057906513
1933.2908817176585 1.156769012546087
1729.1581900836193 1.1319977119684088
1700.6390271638656 1.1526835153112804
905.7086624629409 1.0909033462397364
1266.0711109126582 1.0008075380856487
