6 15
0.8297984637979815 175.82595444597024 530 90 66 70 98 75 66 95 65 94 72 96 86 75 81 89
0.773730684733335 137.2674121806747 642 107 135 120 136 118 128 127 129 124 117 133 107 129 120 129
0.8975096204860308 166.17155551474252 780 74 86 68 87 94 99 99 86 67 95 97 83 88 78 72
0.9145265213979451 132.49085947874883 856 74 91 95 79 84 80 82 68 96 68 83 63 78 96 68
0.7531972201460077 133.8291732308153 890 139 106 104 136 106 118 107 121 129 123 103 102 102 106 120
0.9356701400677506 157.57524251556436 970 115 116 103 120 107 126 104 129 104 121 126 132 132 130 121
1510.48575745231 1.0677018717784672
1914.1894063488583 1.0437643937407057
2084.8660968200934 1.1763909423576195
946.9920559259106 1.1012950532493477
1891.1838851901693 0.9487964608170907
1483.7668682674935 0.8623364326227458
1364.4755386618344 1.167462460743736
2120.7005123146564 0.8631015873304817
2690.0178338355595 0.9241054893406452
1261.3822627933923 1.1213073532039863
2533.8534321349125 1.174949576508839
1813.4626813872767 0.9022391462678846
1599.3221088869027 0.8415401266773291
1954.8497018295118 1.168900827637847
1281.2841034392686 0.8057522050621565
