6 15
0.8307934605181089 138.5788763330717 520 129 131 111 103 123 121 125 104 127 135 132 121 132 130 118
0.7523346439669647 131.42461931049976 628 139 104 130 126 112 125 100 115 133 127 114 114 103 137 138
0.8262693672029218 143.6437554573426 678 62 90 96 84 67 70 60 66 93 86 96 69 67 77 87
0.9037959366757086 166.28661062660544 736 138 120 117 124 101 125 118 128 130 139 119 110 125 138 116
0.8452507591921021 167.2245450091755 802 87 67 94 72 97 74 87 88 60 80 78 94 91 90 93
0.778705654295865 127.83927122859117 923 72 77 65 75 69 91 64 85 89 75 66 87 68 91 81
2077.680907267125 1.058986808627923
1696.9637549580118 1.1328722053536175
1268.1745929098606 0.8421149769489704
2510.3842220676115 1.0617583216545237
2149.0637001803516 1.1635123812373254
1844.205069625185 1.0110141269629331
1141.0851854328025 0.8111078978300604
1985.8949252289253 1.138520550739376
1980.396995156297 0.8326957762875069
1499.997564406815 0.9677488708956016
2232.332196459413 1.1041347837976394
1832.2980182885985 1.1506221559821481
2201.64186160417 0.9136083628265758
1201.0675353241832 1.1136400321545579
1613.1671844181037 0.8611144559704287
