3 15
0.8608359565062802 150.57432802949484 529 73 71 73 85 92 77 76 84 84 97 80 84 86 83 84
0.8492340371088116 157.48561788100488 748 137 117 107 126 124 110 123 108 108 137 137 128 114 111 130
0.8626387206308999 156.06402539621178 937 74 84 95 65 99 96 78 62 88 88 69 86 74 60 88
2560.1215642257453 0.8494727608852684
2047.7464269536417 0.9389746681045819
2073.7612531334075 1.0914305525510555
2104.639781064008 1.0096144740097095
1810.5253985404395 1.0787955096876989
1984.730214969493 1.1382509641296545
1784.3973495398723 1.1217154203506248
1207.1914044915693 1.1049014951395923
1740.2409213382693 0.9555091341514015
1092.9061479017014 0.8851600912165388
1947.2267715319508 0.8891561415477661
1880.4044352645885 0.9637870318078859
1878.6823248347182 1.0086797276383819
1745.5935911447311 1.0437776990300873
2342.5538098172533 0.9839169211973829
