3 15
0.8802807716044776 161.55436514358286 552 83 79 86 96 91 92 90 98 63 61 85 67 77 79 73
0.8782593289759428 142.63625551247875 984 112 137 108 125 125 119 124 139 116 124 120 114 131 132 127
0.8939122831692993 169.6175985527201 986 70 71 84 61 60 62 73 70 94 82 94 87 67 74 93
2604.3196608074604 1.024710377831779
1995.7323585374304 0.9680203730551997
1807.8066903928714 0.9874857211929268
1733.8395700383594 0.9886415877233992
1598.396663168781 0.805412857365583
1920.2802371533103 0.836485995145891
1393.1945138562464 0.9254970092724636
2787.014823984186 0.8579313321226651
1604.3914907469673 0.9657648923675328
2581.713037502718 0.8206117966829576
2307.3990404792003 1.001325283596271
2211.871654433965 1.040595688473132
1897.9561278718543 1.1075789767315805
2178.023916777351 0.9884533726915494
1906.654883209946 0.9284985413717506
