3 15
0.8277672232901154 139.006251728737 667 68 99 67 92 81 70 93 98 87 93 81 74 92 89 82
0.8400611495430822 127.29119968533357 793 72 91 92 87 86 74 70 64 82 95 69 84 87 69 97
0.8272011415338596 177.6256377038512 973 138 100 138 139 128 132 137 127 101 110 127 111 121 116 123
1977.0628015591194 0.9629738089343897
1745.0510383995363 1.060181578907255
1628.8337544191536 1.0508160583764163
1729.6940920720042 0.9110429643107257
2122.922037851397 0.8548753200991424
1513.2781777643158 1.1733020056985164
1517.6660001198723 0.9406854996563219
1498.6488645255822 0.926514263670804
1238.8009619565896 1.1538100043480402
2200.180604743953 0.9723810246590514
2536.342134547816 0.8061925386429085
2178.39668302854 0.9379744282338859
1858.6793936542215 1.0063402139714768
1860.70683762294 0.9765106214862448
2065.363956456602 0.8156960797604791
