3 15
0.8868967420560122 155.17574366006775 582 76 93 97 97 86 82 89 60 85 66 71 80 76 93 97
0.8596909886314062 168.20720508727493 679 85 60 73 99 95 90 88 75 90 94 93 99 94 60 63
0.8850581546761731 120.22045527061861 866 108 123 130 111 120 130 127 126 127 129 120 107 117 131 122
2076.4022163869863 0.9800601216147166
1730.9152444575948 0.8974312440944284
1996.5345769820944 1.0898489778194411
2115.224310190809 0.828811565955712
1925.9986416701024 1.1554769683435955
1567.02622991936 0.9709830038624438
2543.8406993932426 1.0927323226076957
2025.9434408968145 0.8067906377943624
1187.9414221365464 1.1192143972502857
1772.101252150386 1.097217353310986
1488.4566451882965 1.045683215188138
745.3718020259455 1.0994406315165453
1784.3305401355478 1.1935027841508978
1965.3813150127603 1.1966510607305398
1577.2830130388334 1.1328931931018908
