3 15
0.8030505414780122 167.89230489480738 585 79 77 83 65 71 94 88 93 87 96 80 86 78 88 71
0.8934127976638456 121.70825477408992 882 121 104 104 139 104 128 120 122 132 128 117 103 136 133 136
0.8959247462581682 121.30569904953266 990 78 61 89 61 98 96 86 66 79 70 72 62 99 73 98
2508.955604410557 1.0663593971194187
1233.1683761003699 0.8921470891753014
1729.3243251963163 1.1971586524845084
1400.7186621755 1.1003906169681819
2322.197974167765 0.9875334337969607
1969.7783145840058 1.1351888822685867
1706.3373593267086 0.9618580232800055
1894.7013477533455 0.8434590706925428
810.28168476922 0.9248288718365212
2009.2727943869043 1.0668928760228258
1785.854640857313 1.0258931990425209
2022.427734211155 0.8119203197570215
1330.5213546248428 1.1936937957632998
1894.3892704262084 0.945900552537186
1949.1526691886484 1.1086735993681283
