3 15
0.8671157979061983 150.1669355183756 535 126 102 139 115 118 116 121 131 114 103 136 122 101 134 108
0.8188573575392342 160.7427875821889 567 88 90 62 69 64 82 61 64 95 80 88 78 83 70 89
0.8414827411357352 141.94729497456737 732 62 99 69 76 75 80 92 63 90 65 87 79 97 84 69
1643.8784155160333 1.0270055870556505
2373.8273676380168 0.9830777616347893
2119.1210108076534 1.1477487583627224
2809.7164174058416 1.0884845887591927
1979.536145763565 1.1765237067991978
1836.470550500617 0.8868720055815684
2675.604245545328 0.8191040518513408
2266.369327327797 0.9238386130516946
2381.692525699831 0.8248823566659952
1679.133942741115 0.9024116552777994
1755.7265138402224 1.1755256345065197
1443.6113865214352 1.0971965434613902
1545.9116916696653 1.0792608348700343
1386.6075097328383 1.1054389682425274
2028.9707217730638 1.0476487749511811
