3 15
0.8248542540547928 126.22149304371639 610 79 99 85 88 99 61 88 88 69 81 96 92 85 66 89
0.8598047524635926 140.39586835480932 838 81 91 88 98 72 89 74 67 79 60 79 70 65 81 80
0.8665340446531662 157.19202410600178 984 126 132 117 136 108 113 103 129 131 102 117 138 102 127 116
2228.2992375057556 1.0851453131213589
2013.8073342536718 0.9736768860719833
1540.007615495616 0.8847916791508514
2769.3894118564194 0.9881212131470568
1360.2276374478306 1.084131591089757
1634.8839572890583 0.964922836364115
2048.4928608324103 1.1986572615791882
1927.0998283321612 0.8074077360729451
1725.4247556582827 1.1099736197102008
1870.0780064373137 1.024357428565775
2210.483617858939 0.9142261431400024
2826.7320993467747 1.1441087591530634
2172.8281061000125 1.0149227788829152
2242.896863581698 0.9169358688975912
1719.9485721331748 0.9436658170861607
