3 15
0.8164953621271577 126.74767063498153 853 82 89 94 98 64 87 67 67 98 98 74 97 79 83 68
0.8385825853887977 132.0714548385057 858 101 121 119 110 131 119 111 117 131 115 121 111 126 100 116
0.8702588376694076 155.97657604510653 956 85 98 74 99 90 69 74 97 98 98 82 90 77 64 82
1419.8222712176648 0.8594506649278579
1570.3180257840852 0.8459173914180428
2058.13605717803 1.0357587167365394
3077.861969719307 1.1026893797391062
2317.032530148204 1.034980499247345
2754.827652763457 0.9376826924769679
2089.313727163554 0.8146733274817439
1484.7330228169733 1.1402099086319646
2020.4137478565365 1.1626178927170971
2117.4969989698166 1.0139042443365665
1989.1056513539907 1.18347484884222
2708.985022070152 1.1445036599256866
1480.976738447303 1.1005690091338076
1910.3897510540883 1.0168027881301545
2029.2424199557904 1.1514716820727933
