3 15
0.8053203956839744 166.7819356456478 514 135 105 110 116 123 127 101 136 131 111 131 138 122 121 100
0.8696585250798595 159.01311296326276 828 66 80 86 81 75 77 63 62 86 78 61 60 76 64 83
0.8171602915185461 122.02700677351008 950 63 89 69 69 68 64 80 89 68 71 65 62 65 70 88
1852.8702229776918 0.966642864857461
2126.734141644144 0.8456244361891675
2371.9436038358313 1.104959519887381
2351.868867819242 1.0685098849720767
2399.3063441769336 0.9220067375759962
3239.3946872304778 1.1888022961701648
2385.933785328514 0.8930325934932556
2101.3046398290116 1.1533434473526327
2257.990791472683 1.1782505519560986
2184.8221267106865 0.8079502443315641
2512.5228505057394 1.1178310492886525
1956.4085330331152 1.1680838572511358
2499.479136163243 0.9095301737099583
2424.6503501575517 1.136219410760711
1274.7937548276823 1.1936735158416305
