3 15
0.8569965839845366 125.6112204512262 616 97 89 71 95 74 91 99 75 84 89 60 60 81 95 99
0.8087344244573528 122.75476059955335 775 123 119 125 131 131 109 120 130 125 103 109 122 102 121 130
0.8045512278890845 131.71764957787732 840 87 70 88 77 65 97 69 64 92 89 63 63 62 92 66
1282.8944709392144 1.0470619311724818
1477.7021663098835 1.0506722211353876
2494.443723160603 1.056352770130908
2399.5225402799597 0.9381033295925438
2429.0986586188205 1.1216595423763565
2090.7399401084126 1.1691105017284915
2253.7617553901127 0.9142363359541844
2393.9207087535915 1.0813012078216102
2672.857528829842 1.1468547182275166
748.1811110154645 0.9189486334109248
1686.5737640226484 0.813486905817343
2577.9954516838156 0.927150600974747
2392.554474032103 1.0741110517529608
1474.2294077693373 0.8385968321964796
2228.458154210857 0.9903984893510172
