5 20
0.8155512613724554 178.32584853726433 655 70 75 74 61 93 63 80 69 71 64 93 87 95 75 63 71 88 90 97 92
0.819658874055291 179.69274221067576 674 99 82 67 63 63 63 75 74 61 90 74 77 92 65 76 91 66 62 83 70
0.8675250900104069 160.82553158272458 677 111 104 110 120 100 135 100 130 110 112 108 124 107 136 135 123 125 122 135 120
0.8274645846660774 136.78651114974414 852 91 94 69 60 78 64 99 76 97 84 81 61 82 83 62 73 68 77 85 87
0.8053540428291717 143.5576877115841 899 112 108 113 132 102 131 137 112 119 134 102 115 108 101 123 130 119 118 122 105
2032.3119808006488 1.1311979933308245
1313.9648209031523 0.8963539883166824
1516.7493318093748 1.1595733153970957
1659.7333093257373 0.878368739123037
1464.3142449208067 1.1082331657697015
1908.4032327021976 1.1366120858154511
2141.0785047651234 0.9516268536440236
1199.180302316923 1.1285162363878498
1437.7942963038226 0.918936694003777
2048.9619736013697 1.1632337858519457
1824.389570222258 1.002203568202092
2675.888978690802 1.1706717236524853
1824.1571971585531 0.9007194515690333
1922.4185408361561 0.8995079151668989
1801.1477189854431 0.9665450006969685
2264.7773643898263 1.1979769332754526
1598.2380727731138 1.0915654304641644
1518.128303817816 0.826463263604194
1206.8678791964942 0.8652091016473403
1144.8212213601967 0.892865176767021
