5 20
0.8647453807012468 128.78676184847308 522 85 96 76 93 92 64 93 71 85 76 77 81 68 99 88 92 73 70 91 81
0.8117111426182632 126.57837767856024 587 117 115 114 121 123 119 117 139 102 135 120 100 119 139 103 114 105 122 138 134
0.8728675902591232 153.32457915586082 774 96 98 82 97 69 64 87 77 87 87 69 92 73 65 72 88 87 89 91 92
0.8143976454243151 169.5229902105117 815 100 116 137 125 127 121 134 123 129 138 101 109 109 118 136 112 121 115 134 110
0.8915256837530263 137.53785245567815 860 90 93 61 64 85 85 71 99 71 98 75 98 66 65 96 92 85 76 60 81
1576.3778650257914 0.9394153199010322
1818.2593777541676 0.8283831657680316
1664.7575989233967 1.1085253847498744
1826.7833313912734 0.8834100173233409
1783.4791706690626 0.9166396973491594
1595.2470119431955 0.9816774465454647
1527.1785795631456 1.1584628318164063
731.2255062530099 0.94486432438732
1775.4607418765727 1.0010233196729161
645.2149680302005 1.037296216470134
1505.2967768330093 0.8286795395868661
2289.026710072594 0.9692027455931773
2114.9423232181 0.9864102445883625
2204.6657851788605 1.1638812576103423
1231.6088328816884 1.068233891540434
1537.77685991658 1.1237762672752902
2046.9417232389512 0.9181266880357074
1638.1137929100398 0.8679324664349574
2350.567738439644 0.9220070985533695
2293.8514012154455 0.8143094791936318
