5 20
0.806269558811635 167.15779523421736 648 139 104 134 126 107 135 128 123 135 103 110 101 102 117 102 118 105 116 132 112
0.8144925436762173 140.6626677402529 669 74 66 68 68 86 93 87 72 77 95 84 88 64 91 69 61 69 85 92 64
0.8217147537611529 138.71698550709147 714 122 134 113 121 132 113 128 126 128 104 127 132 129 139 108 138 111 102 106 137
0.8274039746842317 152.12271445819118 917 76 67 90 86 80 77 74 88 65 96 91 78 78 76 95 81 76 65 92 68
0.8750748886024273 155.1871920971308 997 66 74 79 75 61 89 61 87 90 69 61 97 85 72 95 71 71 74 88 74
1692.2089490838694 0.9503298554020639
2292.203539151875 1.1418341669048124
1687.3225077212812 0.8708203923905877
2372.9078759160193 1.0162024248338775
680.2676944538143 1.0937228605680303
2491.030061799627 0.9305907450581191
1662.004260219182 1.1555028075207119
2089.8247759662922 0.8831765653066691
1381.8087549401098 0.8305413820740065
2431.2215970039233 1.0065910988688938
1009.1645514127769 0.9404928770652623
1944.3912837004048 1.034333640274461
2275.191556857688 1.094715265337822
1700.3551623637968 0.8831513061655795
1419.5484268615785 0.8990898885137462
1767.7161963082365 0.9564998961331701
1661.1624470262552 1.0648425721751553
2614.2129313217283 1.1909000899150874
1630.770126794852 1.086907717376922
1952.600011822754 0.8385306627998768
