5 20
0.8732386492743938 159.84821153929113 525 123 100 112 109 102 101 108 131 137 110 116 126 113 130 132 113 118 108 134 127
0.8423580329239755 149.72292562390658 562 134 114 115 113 101 103 103 137 116 110 122 120 121 112 107 128 124 136 100 128
0.8761969351580055 166.12336772652108 617 98 68 91 92 75 77 88 64 96 64 98 70 99 91 75 87 81 71 63 63
0.8949078763374972 125.98173796382778 620 73 78 61 87 74 91 77 78 80 61 75 99 69 94 65 79 97 86 84 84
0.8622325204803134 140.70893799174985 643 80 85 76 65 66 65 84 83 71 86 89 61 76 67 94 73 78 70 69 88
1765.346431217341 0.9641080335606664
1673.312556815243 0.9333404727669692
1776.5100903372634 0.9607962690834361
1485.0703725136123 1.1930177533184851
1407.5538506628593 0.9306682300835485
2255.5167506401663 1.1215925933375868
1424.9269211910507 0.9374380988409218
1186.7092720621256 0.8090274673052098
1790.723638751766 1.1109892091356608
1562.2607618868315 0.8734825646463531
2089.2321623228036 1.1583314936590203
1553.3616607101537 1.1134124481755534
2173.129298286159 1.0847063769831984
1131.4719032503099 1.1819742379246385
1409.7424835479603 1.1631416520183655
1849.890274643662 1.1839189271190045
1015.7902497107822 1.1145991642096327
1349.8913130154103 0.9723893496928194
2252.8841327858627 0.8623817718833788
1344.0313431180239 0.9784544436381467
