5 20
0.8698680901763932 161.89085746942368 562 86 91 94 85 68 63 67 85 88 74 96 88 66 62 71 92 96 73 95 75
0.8400910795618283 168.88628592098956 601 107 136 110 103 118 109 127 137 106 108 127 108 123 116 115 136 130 115 107 115
0.8982994437204109 151.08128664178838 637 98 87 78 62 84 87 91 90 82 63 73 62 88 94 99 64 85 61 70 87
0.8052290459306767 178.17917381577905 904 97 78 68 95 75 85 73 73 67 86 99 68 61 76 87 90 92 74 73 78
0.8005600328098447 164.52584596170087 948 115 109 120 110 112 121 115 131 139 136 125 121 112 100 132 104 138 108 136 122
726.8886094380878 1.0185148504715684
1891.9627897154573 1.0828781973020147
1552.548036233168 0.8693458913312693
1955.5334000130215 1.004534322536827
2591.4079344162933 0.8349386986774505
857.0949396109754 1.011804487361238
2311.956981182144 0.8027813759178833
1075.7720790106805 1.0906223332089402
1668.9740246663848 1.0032844217028853
1888.560929784566 0.8752272371741877
1723.3729893272011 1.1299539917015928
2184.4409951268476 0.9239554142089934
1674.7854744627723 0.925945422897935
1896.7506431028312 0.8970226290301407
1634.149327780415 0.9233477919544748
1849.1048835459987 1.118838907630106
1477.837565478613 0.9501198844931866
1174.607854219793 1.0328472598603415
1318.769636200139 0.8162831615637015
2496.5704708960384 0.8305783677134614
