5 20
0.8231516681187753 174.9391624129426 739 133 116 101 117 102 125 116 122 130 119 116 120 105 105 102 122 134 117 128 132
0.8760498278812902 134.3395804753797 816 94 80 68 67 83 60 75 93 69 76 91 86 77 67 66 66 71 74 94 61
0.8424402700420982 127.96145044151943 894 94 64 88 89 76 67 82 74 95 68 73 66 96 91 81 87 74 79 96 93
0.826740504936909 139.10161243436082 929 64 91 61 69 78 70 77 91 62 98 72 67 90 86 77 67 99 62 61 65
0.8817251500753512 169.73184407152408 955 105 130 108 133 130 113 107 120 133 102 119 102 134 121 100 109 106 101 110 121
1157.453158547667 0.8907189515890271
2176.710084114193 1.1635870223681888
2245.53867760507 1.01027591542182
1597.754586125529 0.9775258594103335
1561.086378465649 0.9382516401187295
1927.646547917467 0.945510530421114
1079.378129873599 1.0242047251480624
1659.187084553463 1.0503492551220601
1960.3988198203674 1.1133185488745179
2043.5361473074834 1.1497006185163614
1485.4019631506196 0.8538333279821109
1957.2568188001685 1.0833980846254614
2205.17410230483 1.1336341195251438
1450.9856586382746 0.9939948632913647
1977.3838301850208 0.9723849941714319
2228.068144611188 1.0594286327410665
1637.503659985346 0.8305825424369598
2555.7685200499814 1.0764090620877491
1810.0817704728809 1.0204623216017348
1482.083964596073 0.861413028336711
