5 20
0.882088001579618 167.5321280337686 550 102 113 112 120 114 106 104 128 102 138 120 128 125 133 123 103 127 128 139 109
0.8154917702878438 122.30159285095053 572 62 70 76 69 63 92 82 90 90 76 82 91 80 84 60 90 68 84 91 68
0.8129735038931809 170.53239840191213 588 99 66 79 92 79 82 85 61 66 85 80 77 90 96 81 86 98 60 77 63
0.8761168532874589 162.82803016267002 645 63 97 63 76 68 96 75 74 62 99 71 83 60 73 61 65 76 79 74 83
0.8987049879932737 176.93363419487036 956 108 136 108 101 108 121 110 138 110 130 118 127 100 117 101 131 124 108 132 131
1166.6531435333832 1.130543190487358
1805.8654116924938 0.8963599876077437
1450.8927942467626 0.8619641128186899
1528.859828784784 0.812247580349877
1133.1407092681302 1.117031383219665
1547.562757865499 0.9308983306073035
1940.2225717304416 1.01814976796816
2013.4798427308322 0.9627944274200609
1742.151283471171 1.1413389040494404
1314.9279343269513 1.0194591175446641
1227.520312839039 1.0234185242964073
2450.727842865199 0.8289862390991215
2436.939660277867 0.9703269055967023
1537.5217800162895 1.1644750109257296
1698.5214160748894 1.037742829909878
1727.6754881158024 1.0738855048636649
803.3899110275948 1.156585191677247
1798.2823174674238 1.1082941946333236
1837.3320618731946 0.9227062862204849
1860.071570727439 0.8644340935854447
