5 20
0.823178336955174 125.00224354719342 602 80 70 81 77 78 70 63 93 71 97 98 96 76 71 63 97 82 91 69 80
0.80487374737019 168.42466055153133 700 61 85 72 97 81 85 88 98 80 97 69 81 77 60 88 85 83 78 87 89
0.8596774813144823 146.24326862676045 769 108 107 108 109 126 137 111 106 100 128 105 130 100 120 106 100 133 112 104 129
0.8949493026290564 133.67141269519183 832 103 113 101 102 117 114 122 126 101 111 104 114 129 114 114 124 136 131 112 116
0.8756790991266583 142.75020089349022 879 60 63 75 68 96 64 88 74 98 75 98 62 88 71 87 75 89 97 84 90
1832.7984474670272 0.8201614756033064
984.4678021967342 1.1802380296262391
2127.684887026905 1.1099926645343443
1812.7393572009983 1.0936472646914588
1049.9991435713223 0.9255488806623821
1747.4351736634876 1.1856503666228468
1827.2378175924348 0.8635742256660742
1618.8899940715937 1.0623828643864683
1348.6743243892497 0.846165085973994
1242.2675445207742 0.8223885643273099
1178.873408210072 1.126519219050866
1538.7169009998781 1.0108570272793547
1160.0394111953196 1.0973041868487001
1505.7892296629989 0.8687752302373042
1153.57074619353 1.0895266216896222
2879.093297011925 0.832369377057744
1445.5162177481182 1.0381956420805991
1885.6886683529203 1.020295503350381
1990.879867882899 0.8279311436027686
1728.499881656813 1.0352653188665257
