5 20
0.8878588765423849 128.39721867288463 530 82 71 91 60 61 98 85 81 77 81 88 86 87 84 94 84 74 97 84 86
0.8523784952076133 173.2412221725433 548 137 124 102 134 138 132 133 122 110 119 125 113 112 128 123 123 109 122 129 138
0.8936115572372064 137.53842376714266 674 69 95 74 93 80 61 94 77 74 86 91 65 72 87 64 68 91 64 70 62
0.8453899362665922 166.17876425839336 741 104 122 125 109 129 113 132 112 114 117 133 116 132 120 113 131 128 102 127 124
0.8956323951774614 169.66471895248742 937 72 86 85 79 80 95 67 82 90 79 73 63 69 87 69 70 62 75 79 62
2222.073850263634 0.8525179999083805
1293.6744458269714 1.1061173242842002
1281.5184799953108 0.8596704340930347
1719.9354136872819 0.8222025779622438
2007.9307392217709 1.113459708794284
1680.3042104600738 0.8339050000824285
1629.3986373928094 1.1805661920439194
1275.5644511961 1.106570511670513
1451.6356854437104 1.1969032983837122
2181.784824975741 1.1249624740153936
1943.585721919656 1.1404739599238827
1421.6590210039517 1.0456652968709113
1818.7597769251627 0.9794728377480085
2357.3537657310085 0.8505835946767034
1434.1756993490292 0.9845583227678346
1498.7560306546384 0.9853761746781566
2299.050249083089 1.0857743907594262
1271.971926753222 0.8123489056001876
2209.888767743931 1.0065492210783082
1709.7829389550761 0.979498693575685
