5 20
0.8795037876140868 150.0 542 85 84 63 61 80 99 90 68 99 85 86 85 72 88 61 93 93 97 87 80
0.8219198897080905 150.0 555 103 126 139 111 116 118 133 122 139 113 131 101 118 122 105 127 114 136 100 107
0.8769430553696834 150.0 726 113 114 115 104 114 130 122 122 132 120 130 121 106 117 133 115 122 127 119 139
0.8864133163428751 150.0 743 90 88 96 75 76 91 96 62 62 80 69 97 65 90 87 90 98 97 69 76
0.8678126913865788 150.0 813 65 71 85 63 65 72 71 81 71 79 85 98 66 63 93 60 99 75 85 78
2757.2424914784933 1.0837843887051282
2533.8918606664897 1.1818745421944357
1711.6797510787337 0.8807057825203759
1524.0908777794498 0.8447533061894335
2477.8230259118477 1.1857806413504837
2391.9528730605143 1.1689550381830696
1365.7820158762456 0.9287454354338082
2153.9207441897875 0.9811637621840223
3044.677474630819 1.092265473327418
3223.2231556067327 0.93999126369247
2462.3596646780916 0.8284790305513364
2160.192939898878 1.0883512252604857
1829.8728477860311 0.9342201065535543
1620.3688524691659 1.0774504959696194
1894.0752603000074 1.147207887554095
2091.6154981445798 1.1135716801743976
3284.07334240529 1.103659568320088
1779.1877569476392 0.8144215865641953
2324.787905037382 1.1130840591673636
1489.6929761273573 0.8901669098688642
