5 20
0.881998659887999 150.0 546 91 89 71 86 73 86 99 64 89 64 78 78 63 61 63 65 82 75 97 73
0.886048228266771 150.0 556 110 120 111 127 113 129 117 123 106 137 123 114 118 129 127 101 118 115 100 115
0.8858729138431664 150.0 632 87 86 80 78 64 86 66 69 68 72 93 61 90 96 80 95 87 99 82 73
0.8114358984483723 150.0 724 109 109 101 101 107 130 139 115 135 131 127 123 128 102 115 122 122 123 118 117
0.8387964369046514 150.0 777 76 83 87 69 96 64 76 99 95 97 71 91 69 85 95 87 88 60 61 89
1898.175790580725 1.0815808798742585
2969.2538718016494 0.9616366433594039
1823.6394670226525 1.0043369990241333
2320.9101384704654 1.061617179354093
2226.6207629952105 1.1283529268782178
2188.511752328764 1.150049673758056
1718.2630646218333 1.13457682429302
1728.9033731717268 0.9210666080222609
2964.6516051316034 1.1021946895791477
3110.3561412549343 1.0115769494628768
1824.1592928161901 1.1465632011470162
2876.7729417652204 1.0256774997908207
1528.9051322380187 1.1382823422709012
1448.2318984348349 1.004519862225223
2548.949134958037 1.0593670003812106
2481.595300010915 0.9640558153453862
2530.0703672023933 0.8066106042983161
1599.0460651596964 0.899030724482361
2376.569861584343 0.9072865947844354
2843.6601410413923 0.8439751991845023
