5 20
0.8818668963616576 150.0 575 115 139 112 120 100 118 135 101 114 115 133 106 136 101 128 110 111 124 115 113
0.8843926475723906 150.0 830 69 82 67 91 82 62 86 91 73 78 96 60 80 60 88 73 63 89 66 88
0.8930644129847399 150.0 946 68 87 74 95 99 96 63 96 98 78 69 90 63 66 74 75 63 78 76 61
0.8396996250454564 150.0 949 77 91 91 96 93 90 74 75 91 74 74 66 75 72 90 85 72 74 76 98
0.8484279401799897 150.0 998 102 129 109 115 114 110 130 113 117 125 103 133 125 111 123 113 124 127 100 139
3016.8998879550754 1.060455423883164
3493.91521921253 1.15008057025515
2634.8774482159943 1.1567424875450303
2517.4144684712664 0.8900442438001702
1780.0650933855443 1.0685458013657076
2488.9173353389147 0.816330399558821
2877.303656606398 1.1222376513532075
1638.1209020036017 0.9162619903903765
2325.4135625601875 0.9310774430697077
2092.50880574853 1.0908162134833992
2760.210368664494 1.0705601982355597
1734.1148428237916 1.0117601656243325
2615.8790841661976 0.9856871001646378
3166.3815632451124 1.0016634908481044
2561.852984405842 0.8821004869398512
2916.381566655022 1.0105480535984264
2520.462321903781 0.8272004143931987
2428.833274617527 0.8637077676303496
2140.0053804821596 1.064992541237848
1632.3649633161506 0.914457339735888
