5 20
0.813721915272404 150.0 505 68 87 99 65 82 71 63 66 71 88 63 74 82 84 89 68 67 84 64 64
0.8697059500310523 150.0 578 130 115 102 104 110 129 136 125 130 122 121 121 112 121 122 116 129 134 118 102
0.8497947268396226 150.0 582 73 66 90 97 70 66 63 67 84 62 69 66 80 90 60 86 84 65 93 73
0.8185823394743359 150.0 659 95 77 94 94 83 73 71 79 96 85 74 88 61 92 95 73 63 94 63 74
0.8022131934574683 150.0 779 110 104 110 132 131 106 122 134 119 106 114 111 136 132 115 103 133 111 132 102
2179.99283285826 0.9325108811169752
2666.9477621251335 1.1106899446000043
2530.39851557037 0.8326748700449059
2122.060762256901 0.9824809120669742
2420.955152720064 1.0599502087781143
2525.146636331543 0.9917116605709246
1881.5236502076436 1.1751229808262718
1720.9998282071365 1.0618203251911136
1912.9096012524592 0.8269078176482508
2608.3159776584844 1.01698923048401
1916.726059083967 1.0845025957588732
2547.4844560946062 0.8720102064519294
3035.6903830765896 0.8759239707500699
1489.8352609982717 0.8953187921184568
2965.989157016612 1.0987151038795797
2279.101915419322 0.8945327120751158
2046.3563565736995 0.9596784570132784
2708.764362455835 1.0676834275609737
3163.8794713465213 1.0963564691754253
2060.8874342844897 0.9785703598352926
