5 20
0.8499781006354566 150.0 537 79 84 72 87 80 82 88 92 65 62 63 75 95 81 96 97 88 92 93 73
0.8612853015492493 150.0 593 134 101 106 121 115 127 136 114 128 123 104 120 131 132 115 126 110 130 138 120
0.8844681375055142 150.0 647 91 74 91 86 69 66 60 71 83 95 94 86 77 76 66 84 76 63 61 85
0.8574462151776889 150.0 940 88 84 83 67 80 60 84 88 91 74 63 92 62 95 78 61 64 86 75 83
0.8900989593923507 150.0 971 127 134 130 135 102 110 130 115 106 137 115 135 136 117 117 103 102 137 126 132
2281.198461747393 0.9356228142072834
2316.8483930409907 0.832322723020988
3083.1649927207827 0.9761544527456677
2953.4288315412446 1.1409328828093253
2094.4064433028047 0.9433576110488383
1914.9805386160347 1.0601784868623123
3037.703398392275 0.8724434232946223
2270.2497832977892 1.0958301729501136
2785.051266330186 0.8847116843074857
1991.9269491763366 1.1551743223708424
3040.1911146683756 0.9546596391112592
2563.692869770045 0.9752897214220292
2135.704474120109 0.9593604937189875
2525.3500020766774 1.1815790666896926
2662.6503788815 0.8090176304097836
2917.3355637443387 0.8780282752575672
2310.791396567626 0.994943672694071
1893.5294129677886 0.8245631524571885
2610.9461289750407 0.823441075105496
1832.5170914320165 1.0044858468828854
