5 20
0.800988335716028 150.0 543 92 85 82 64 61 76 70 93 89 97 79 79 96 75 99 74 91 91 80 75
0.8723184797932118 150.0 612 108 106 139 119 109 132 115 102 117 125 128 103 104 134 128 116 131 129 134 107
0.874382294739454 150.0 664 67 88 79 89 89 64 70 79 84 70 73 93 75 77 98 75 83 89 83 69
0.8197378380007415 150.0 761 64 91 91 87 98 89 83 68 74 92 85 72 68 75 67 67 76 78 94 74
0.8401025367838675 150.0 819 113 134 116 119 106 139 124 121 101 106 120 119 129 103 137 114 112 136 135 120
2262.332319796919 0.9403054092134295
2382.9062476808026 0.9857936435309472
2667.9001757658607 0.9265239865349788
2526.273375557305 0.8636494120654141
2387.454506792621 0.8350435528794802
1859.6245945719397 1.045797365694455
2313.9536559297726 1.1935762660873188
2266.0936830666938 1.1545013808475364
2537.0524980767436 1.0539513180130626
1767.9385181935227 0.829258713384134
1892.4597714081724 1.1271746186996932
2811.903211138243 1.0662512705459584
1700.5315079330683 0.9739614728604675
2938.8366847036023 1.0190750005846172
2046.1767853289298 0.9743929227138233
2255.5438003713703 1.1523517014263434
2921.0571589970764 1.1692201063419714
2788.7396489733633 1.0320219204774683
2836.852649930317 1.1308141229252404
2207.0675748166786 1.1902027095577372
