5 20
0.8974477527778331 150.0 516 106 130 135 101 105 137 124 117 103 123 132 134 101 133 115 127 117 107 106 125
0.8537484126091758 150.0 601 76 68 70 72 96 77 63 90 67 80 69 86 75 68 80 66 94 62 94 80
0.8833106169754027 150.0 648 66 74 86 69 95 96 68 62 93 75 74 84 97 82 82 77 87 74 89 71
0.860186944791095 150.0 771 118 119 127 100 115 134 119 139 120 115 137 139 118 104 103 118 122 126 109 136
0.8568569247835507 150.0 877 86 87 98 83 67 68 87 85 72 84 99 97 74 90 90 88 74 87 94 60
2083.696961108304 0.9328709719413723
2079.6315884833703 1.028892877553144
2200.99719927193 1.190405189669085
2466.595600698038 1.0905824407626215
1931.91217567445 0.827624090590377
2220.3668918243757 0.9709600771939866
3117.818851182564 0.8003732641783312
3182.0594524067487 0.95618199474403
2265.3235820849914 1.0779465215470463
2082.8752571276073 1.1090924019654937
2129.7560960651695 0.9266659115204462
2854.4660267612826 1.0510536809548252
1716.5835842222566 0.915324562638005
3175.1749659574207 1.0917836897060993
2390.9757415086174 0.9488264805993951
1898.0728381131103 1.1775772961406639
2108.8738402780823 1.0303992942672182
2870.38711852499 0.9655606259100719
2216.3758225040456 0.9159582106968691
2436.2304121518478 0.912071937085473
