5 20
0.8970909940166387 150.0 706 139 108 106 107 104 136 126 115 132 124 114 126 129 130 121 117 123 118 131 136
0.8253697138656539 150.0 742 129 109 117 132 125 115 136 136 106 136 115 123 133 137 133 123 108 110 127 107
0.8213958396767862 150.0 745 73 78 77 66 72 62 94 63 84 84 73 97 99 95 68 99 96 65 84 86
0.8975711475420936 150.0 827 83 67 96 60 83 65 67 67 91 91 60 90 84 61 89 79 62 63 92 88
0.8172323493166398 150.0 829 82 88 81 73 89 77 97 72 87 65 86 79 70 85 70 96 61 84 86 94
3482.1312471637457 1.149775638998001
2939.268509949119 0.8296678835286273
1203.258629490399 0.9520550522028088
1723.9649259054338 0.8605932317388509
3122.3892004642744 0.817175153991412
2200.706555828197 0.8666414573680707
3367.4200509066645 1.053100435202583
2497.6807919589965 1.0017087407964798
3888.293772545786 1.1096377558826922
2604.1227598952632 0.9720638659476095
1624.0337970535356 1.1539424779276175
3892.571114458363 0.9900296850745455
1867.6005107467472 1.1684790408940182
2095.965671584774 0.9077520468233321
2343.242121559037 0.8613584430383857
2137.0309136428623 1.087900884434586
1802.5242338498742 0.858940845103321
2286.4643068691353 0.8913688949532644
2352.7647228751034 1.0262240094018027
2561.789138295865 0.8715635692114843
