5 20
0.8157563529985233 150.0 531 136 100 110 128 113 129 125 104 107 108 131 113 105 106 119 138 116 125 104 120
0.8253895501618674 150.0 598 89 86 97 90 90 70 62 61 60 84 65 62 72 83 81 81 63 95 81 76
0.8222899922497702 150.0 644 133 134 117 103 103 132 132 122 108 136 132 109 121 137 132 139 121 121 139 126
0.8143144164356346 150.0 820 81 82 71 87 89 98 61 99 94 88 81 91 89 88 83 71 92 98 78 98
0.8485950393026375 150.0 931 97 78 91 84 83 76 68 78 66 74 85 87 62 65 99 80 95 98 75 76
2631.518232394498 1.1424446993263841
2568.997199253859 0.9979892852586453
1825.9498392777052 1.194419800747589
2355.9563781919733 0.8674599969161563
1770.6659524300485 1.0460920752772402
1945.4256038514957 1.1420842949350924
2146.819226951696 1.189682809086963
2581.1449730167787 0.8970773799554875
2623.4354883702736 1.0861344423609012
2148.1751091156184 0.8141823949436287
2299.8365720946904 0.914366936312991
2199.706033990377 0.850573275366759
2772.5438264064605 1.1209944598780412
2382.6510894867015 1.1856234117431583
2555.8662063045017 0.9383110879444782
2976.4059533015593 1.0494653824973144
1863.285657042155 1.0827595941763142
2379.812058685735 1.0693519210926066
2646.6809563149636 0.8366004604535845
1333.7254300552618 1.010750175330934
