5 20
0.888040522269888 150.0 505 114 104 108 122 104 131 100 138 126 136 106 102 133 122 113 112 116 121 106 134
0.8352368541912336 150.0 533 67 78 60 94 85 86 60 82 85 72 82 78 76 64 90 63 60 86 92 68
0.8126287079890868 150.0 665 70 94 84 79 81 93 67 78 83 94 78 92 88 90 93 99 70 86 95 93
0.8356799557083195 150.0 775 67 78 62 99 92 90 86 69 62 84 92 89 95 75 68 94 78 74 95 73
0.8425066801569856 150.0 927 100 129 129 113 131 116 136 124 113 110 108 138 119 127 101 133 121 127 100 104
1697.4536808871721 0.8794530512884476
1472.6948009891548 0.8495360728034278
2360.721342485194 0.8779593504861469
1538.7589081598921 0.8559378539428594
2007.510601470596 1.0040720327279693
2290.8074304002384 1.1910082359387064
2403.127179364262 1.173534828759062
3577.80065014874 0.9695529843792787
1980.9188154895087 1.1186305449645984
2925.651400881547 0.9469886828175443
1353.6110230419777 0.9028988351415134
2798.7394408461732 1.0482781073402383
1871.042980428649 0.8715939409305016
3048.6696214871567 0.9457351171605044
1642.8078354400643 1.1629998446422887
1774.6356092327894 1.1171241481885301
2164.683538790683 1.0219314576342253
2655.851134666394 1.0842225991737404
2513.1411573683254 0.8704758553162144
1275.4364569321901 0.9256716886214857
