5 20
0.8944239085514815 150.0 607 133 112 134 127 110 109 124 125 106 127 100 107 104 115 102 119 130 124 107 103
0.8118528741632439 150.0 612 69 81 85 84 96 71 91 77 69 60 62 89 68 99 84 87 90 76 89 76
0.8165861797252613 150.0 629 70 84 66 95 85 99 97 61 93 70 61 69 91 93 88 84 92 84 69 71
0.8962494722847887 150.0 790 128 138 117 102 134 124 115 120 119 102 107 126 109 125 108 112 123 119 109 121
0.8301803875563745 150.0 870 79 92 84 74 79 66 93 63 96 89 78 64 83 96 67 85 74 89 88 98
3025.870656764893 0.8216250046196572
2215.045015722374 1.1321021372670712
1861.7858279292209 1.1422496048318718
2004.5177410197182 1.0976143377787126
2351.571067254567 0.9621045614113902
3022.147715872861 1.1240543217076446
2649.008971705082 1.0072341357095667
2823.5207905172897 0.9594811939635035
2741.539122050237 0.9349433274591409
2051.818236761964 1.0933871441541754
1034.3551237417971 1.135851732304669
1966.3101736892368 1.0880514692112084
1585.1142082006554 0.9425652228827415
1766.1589751475865 1.0179008299665204
2384.4007160191863 1.0712743473447506
2383.9816122168904 1.126904011325636
2442.3238801695397 1.0405384626794338
2583.048637163035 0.9246700694880198
3008.838973380218 0.9674685438890638
1628.379794081431 1.1648250084056264
