3 15
0.8851311261209218 156.99141012457505 601 85 95 94 96 85 62 82 97 77 76 66 99 61 84 90
0.8984650380243848 162.39704391662576 636 167 177 167 156 150 150 172 172 149 177 162 172 174 148 151
0.8880783554345821 149.68283255058083 928 65 63 92 82 70 86 92 74 69 85 95 93 62 78 97
1141.405840547745 1.0683919307059928
2336.726463586532 1.1855052010570886
2784.62662098369 0.9629199975934862
1741.8737105788432 0.8145697677300179
1552.6671906261433 0.9140972840106836
1196.782109979299 0.8181596796249807
2056.460057984431 1.1606869231170132
1597.0793744735715 0.8660467785241838
2723.3621199020727 1.1146866982606167
2502.571935521245 0.8898576551873395
2102.989787166991 0.9491456835518536
1370.3847106367773 1.1041184811923013
2527.9447158161706 0.9523370349270124
2118.4043249262368 0.8044310607165739
2174.026857053862 0.9717680234914798
