3 15
0.8039756444221952 172.867720498839 500 158 154 148 169 161 171 147 177 169 177 170 175 173 143 145
0.8028817878469384 125.33684056559316 581 72 63 61 82 66 83 90 61 96 67 98 62 78 69 81
0.831572269547324 167.02487888365886 839 69 92 77 68 96 60 80 64 92 69 66 73 91 95 65
2565.1063068882913 0.9561223945856456
1244.0469799551302 0.8038735250309906
2163.1642630793876 0.842151312255263
2854.85933522481 0.8262559472144617
1163.81566314103 0.8027023488271241
2950.2120423627903 0.993926030638526
2368.5150836232087 1.0360338714118331
2039.6272387081033 0.9222239805881716
1820.2814900091694 1.0289722640448036
2011.7836633348973 1.061996797473605
2772.8568870134454 1.0313508513042307
2272.4271856079645 1.1235521034742422
1165.9585866331106 1.0122729765250793
1634.8435140504853 0.9950123537066433
1127.9837562822374 0.9678335909440453
