3 15
0.8644750778078155 124.12150366092723 702 99 63 86 72 93 97 96 93 75 77 72 66 67 95 97
0.8138273907079268 176.70222875110932 756 62 91 75 79 71 61 77 94 80 60 64 62 99 85 75
0.838540080252637 126.15324391900151 989 177 159 160 156 167 178 151 179 162 172 168 177 167 160 150
2609.8857804540344 0.8202365845504427
1732.3582774133185 1.1602604772756422
2208.3397179220738 0.9443437448834561
2885.3066665671095 1.1904543464646031
1514.1077806171895 0.9587117365489517
1931.0828886015029 0.945447000408089
2174.446867392814 0.8697393797505296
2485.5710388787647 1.167114380150807
2196.2600160684638 0.8057612568941113
1772.5823226983682 0.875837029731573
1194.6224169902403 0.8420504509632706
2255.1872474847714 0.8674026826837788
1979.68959034237 1.184617198732873
1757.070743333816 0.8195908014593232
2061.8611343957386 1.068565015286208
