3 15
0.8545653917032302 131.13215130575455 540 82 77 98 61 79 85 76 94 67 94 79 77 71 94 64
0.8735128889868928 149.65505473318808 797 60 66 68 86 86 75 74 63 74 64 91 76 77 62 83
0.8238527157941307 173.98374405372698 865 175 151 142 163 154 156 163 178 178 159 149 142 168 146 167
1272.7516269515697 0.9678479532593486
2288.146927249093 1.003822064484996
1860.4200745966987 0.9334000388347198
823.4067202888318 0.9319131783123368
1737.0825631140137 1.0891059794624587
2235.841126422274 1.0979385472627992
2391.220048592782 1.0767738638820958
2422.990058842929 1.0817450808302687
1455.7107225936152 1.1636649380974062
1669.9070631953205 1.1104241425146038
2099.8931796309603 0.9673087600676498
1840.9991400323706 0.8306897173585999
1516.1182462026115 1.1734143594466069
1363.8090824409182 1.1363183197785311
1270.621486803215 0.8017013276259736
