3 15
0.8919496357309173 146.93758985259387 826 93 77 85 98 89 88 91 94 63 86 79 72 90 63 97
0.8899512528508443 133.13623825653144 886 83 71 88 66 61 91 89 76 94 62 69 85 93 63 60
0.8975747408970458 174.4096964401089 959 140 150 177 160 175 177 144 147 150 177 154 149 148 165 156
1436.6557697779042 1.1108405096517808
1409.0298873439478 0.8445787042595722
2153.133321384464 0.9405062774011436
2602.6918874729845 0.9211191474223225
2339.522226716007 0.8853267745199286
1953.122798145459 1.189982202953027
2178.7103972559985 1.136141658359802
2354.1979839847722 1.048341661101436
2393.312906201328 1.0910386299842207
2670.756725628307 0.958822643645211
1845.3755523172686 0.8899343792455364
2160.3022803686545 1.071798143486281
1869.816551022987 1.0472932475920613
1677.7698793455008 0.9414608489179999
1732.7524113201735 1.1028631411008023
