3 15
0.8601816710398796 129.12266043128855 812 84 93 67 73 76 97 98 63 62 61 98 71 95 91 93
0.8181092912975025 127.68371914286024 829 94 75 62 70 71 93 79 60 99 83 94 85 77 92 61
0.8429775315731309 123.59796334171824 914 170 174 172 141 166 161 177 169 146 169 164 149 145 141 150
1265.2260360339237 0.9917678970584491
1725.4051311982582 1.1916898934657878
2282.1034173211947 1.0765579933633884
2012.5603351276727 1.059440640316951
2122.5909333621503 1.0028991038552446
1800.0229320975573 0.9180807107576766
2480.1675257159413 1.1812263546830402
1670.005684882444 0.9102032207004381
1528.2056761911913 1.0400751185277555
2316.1590579923377 0.8440723138854791
1947.8731625301807 0.9425883164390223
1194.2904098317672 1.0198572138829387
1721.4827535791653 1.1304033176570552
1762.1268888715151 1.0849425806109592
1448.5324416698518 0.9838083257386249
