3 15
0.8332253443406241 130.29024473070604 519 67 73 94 60 77 72 88 99 79 76 89 67 66 82 74
0.8840815500674862 143.1246936504592 652 68 86 61 85 68 88 71 80 87 72 68 89 80 92 95
0.8857596079508601 166.8271875747204 823 172 150 173 142 160 156 175 179 167 175 163 153 169 175 161
2016.8112014085686 1.1145567302720112
1856.3498335495128 0.9042907858118114
2036.684231793929 1.0723026833495202
1626.6805221201598 0.9623542620341099
915.371971239327 1.1686357247235046
1444.38088477141 1.193184025832912
2054.443677250771 1.0275806971477008
1748.411013780397 1.0612375039016448
1412.1484927537517 0.9059966685450256
1810.4547396614912 0.9628828368776929
1444.5768264873177 0.964954656710417
2223.622001438944 0.9782374902500901
1504.6828320645654 0.8628729239218739
1507.4636177596408 0.9623485313006241
1914.9526218574033 0.9226467903663962
