3 15
0.8668035610711529 152.34643195745087 594 179 154 143 163 144 164 152 155 148 154 172 171 169 177 169
0.819805073988663 142.48786271064378 732 73 95 61 62 84 61 91 60 75 79 86 66 62 81 82
0.8442124241610222 158.49532611823292 979 85 81 71 88 81 74 97 89 93 84 96 66 81 64 96
2477.6811711269397 1.057373473014937
2794.840190403381 0.9441771107187427
2173.414729405438 0.8488558681729622
2748.9393805748978 1.0105403847138479
1344.2529468191533 0.9455147727874833
1766.0738115094891 1.093321181694437
1237.9252950022299 1.0796022165308914
1619.4755374646866 0.9092264933187995
1211.5054343971387 1.064972916570819
1496.3799969859008 1.1403108711969687
2438.865883422637 0.8203565458794111
3375.399025361176 1.075222499901064
2632.587774146156 1.1302288455104108
1142.3826573973263 0.94457112639543
2372.7414169845315 0.935459309593178
