6 100
0.8759433554411447 139.39973147267162 540 63 95 75 76 65 81 65 83 87 86 65 82 65 87 72 79 81 86 74 95 91 91 83 71 62 81 84 67 65 64 77 68 65 67 71 97 79 80 60 93 64 62 88 81 72 76 79 87 84 61 75 61 93 66 75 60 90 73 84 70 68 99 85 85 90 74 82 72 94 78 68 96 74 94 67 82 92 93 95 91 72 98 77 65 97 78 92 98 66 97 93 80 70 88 61 63 97 68 68 90
0.8730897137466286 124.2039195529895 672 94 84 88 94 95 63 75 74 63 94 75 76 70 80 98 87 63 80 76 72 73 82 98 90 86 60 95 89 97 85 71 65 89 89 66 75 72 62 81 60 68 77 67 76 66 66 72 83 94 97 66 69 91 77 65 75 76 89 74 87 91 94 93 96 61 88 72 75 75 71 66 95 62 78 83 88 97 85 83 92 98 91 71 83 87 99 85 77 63 95 92 80 99 80 83 96 68 80 70 82
0.8170892335888811 121.41977292005367 673 96 61 83 65 69 85 60 81 81 84 76 70 65 86 68 77 97 78 74 66 69 88 77 63 81 77 73 93 62 70 63 86 62 94 73 91 81 90 77 61 70 64 68 76 84 95 68 67 92 69 71 76 69 82 67 67 60 76 67 87 75 79 89 93 65 84 74 90 68 71 95 79 92 69 73 85 90 61 65 94 90 68 77 69 74 81 76 70 89 61 88 91 76 81 71 88 70 77 90 81
0.8154801094988922 167.98003307289176 679 88 71 98 98 97 81 77 79 78 60 82 83 94 73 63 95 65 78 62 73 74 95 90 62 83 95 92 74 65 71 89 83 99 82 82 68 80 80 61 82 72 88 77 95 85 72 62 98 70 91 84 70 96 64 81 85 77 85 80 74 81 77 65 90 77 82 99 82 65 74 90 67 86 87 60 87 98 60 85 60 99 97 98 66 78 73 84 92 85 90 82 87 74 60 99 85 91 62 69 60
0.8308736138069244 154.51083179261795 704 92 95 64 73 65 95 70 77 60 72 98 85 80 83 83 80 69 90 93 63 71 83 85 88 84 91 91 69 61 98 63 76 61 65 98 60 76 75 61 84 87 91 87 64 68 90 89 60 81 81 75 82 77 76 63 83 72 69 89 89 88 79 62 69 98 91 97 86 73 94 70 90 96 84 75 77 63 60 81 67 89 79 71 93 82 78 86 67 78 78 84 60 77 92 83 85 90 80 84 72
0.8262226790995153 179.67434333242403 764 86 64 83 61 73 95 72 60 96 82 70 90 97 87 68 60 68 66 95 78 67 97 61 94 64 65 76 61 62 65 64 77 79 83 61 94 66 74 85 80 76 95 76 66 65 74 98 63 84 89 83 99 94 90 71 89 63 64 99 88 97 61 79 71 84 82 96 79 60 94 97 86 90 90 62 82 85 83 67 68 95 99 94 97 96 77 89 62 60 94 64 97 88 71 85 81 88 87 99 80
5249.32876386347 0.8734823352895347
5877.731337736403 1.128921667852472
3744.6935688207122 0.9625237068635477
2761.5742748451785 1.112102528245508
5343.195240813073 0.8401094046397963
3536.4648389477024 0.8086444644056814
5211.450345591394 1.1009460190000837
4704.060594802378 1.1648773108003714
4293.700187845895 0.9296442280275079
3347.8828469915284 1.0728999625420614
5267.26251545208 1.1596189713655463
4126.910346583348 1.1984116481100004
2962.9846454044723 0.9954701870201906
5109.179297606809 0.9857634709196164
3511.3786631730636 1.1534165758032584
4136.3166499072295 0.9361901405411587
4633.935713738796 1.0119160747679068
3387.448400116068 0.9508748159539799
3911.5911243303444 1.124534116237469
3826.4675005739173 1.1300018078676923
6413.404862630323 1.0052747731861484
5624.507187885926 0.9425072331718283
6078.006823327827 1.1304482611643842
6366.47241037982 0.8373837516224667
5980.520801980111 0.9097033298863216
4074.857541142711 1.0075110891124994
4872.604061806 1.0227283184445424
3855.341945464794 0.992052147228739
5263.003952952735 0.8347160247358373
4695.165939218399 1.036681451657472
4323.4003706711255 1.1156392039022776
6278.624355772792 0.9872195629437921
6523.845535148679 1.1383271821646597
3691.891052504194 0.9145594815308616
6289.174652223079 0.9689228138190245
3150.175516879985 1.1855125291199191
3893.6376426640063 1.0785687920835072
4379.383038076264 1.0753209154219077
4662.731997677791 0.8682296410333843
7773.25611927946 0.8879323294327574
2899.5036940007826 0.9335611165547273
3622.1917034923995 1.0701891461691937
5626.754423456194 1.1521980020222151
6460.08882727341 0.8543733979398058
7670.788274330986 1.140313598231986
2270.7358687076817 1.0726093988801486
5808.920084947164 0.8044784408803194
5138.275782819375 0.8267349944286869
5715.440063860446 0.894424577628763
5180.164360609389 0.8811290742924432
4668.342125271959 0.911158138337758
6498.648031906993 1.0612585500291711
4947.192688417777 0.8790749991875892
4016.162159962732 1.1885907088803234
3757.003444763124 1.0825250554734205
5190.65847747275 0.939872777635452
6203.983583723154 0.9133429489103402
5350.663255589509 1.1266900670789408
2143.800974704591 1.1475827726221695
2631.7288411100253 0.9729312015150625
3780.628437927822 1.0226501897249498
6261.408342106788 1.0467364373185157
2816.2012219841454 0.8569879114876072
5559.070679923102 0.8409364478898397
3779.5028677366904 1.0806967878361284
6092.104118015147 0.8509683677047453
3920.2996740077238 1.1261297386734048
3814.8058481258495 1.1045618349502204
5822.745639302082 1.0270018639561125
5665.177503640501 1.0878117619741112
2343.563626455272 0.8581927886490593
4940.794209161126 1.0397737557903206
4472.263833522759 1.1107675207869363
5660.511701194609 1.0734118686975314
5900.984683628622 1.1658255756652594
2608.7376832662007 0.9837003426612135
4262.795962839075 0.9517273213342068
6694.597985722454 0.8341394005693297
3386.37503812503 0.8796845590690581
3975.272782124832 1.1864935155420255
5855.172982828719 1.0434161646862607
3566.6538608835526 1.0830526272672585
4219.998497172576 1.185643965845313
4320.4950408441355 0.9295017998847672
4233.831564471641 1.1315720511806469
2225.0263503267374 1.1855019140953817
3448.546305692992 1.0991339846625818
3227.3938036097056 0.9807300302801348
6240.670560036926 0.8073339645859988
4507.711963318835 0.8079249488018407
3565.648793615829 1.0916118344972343
5326.8367453105 0.996630530113664
6106.488131436047 0.9924337777487142
3911.3737973293973 1.0190922824589923
4457.219012064937 0.9020383651174497
4355.397921071798 1.0404120897544746
4835.499928056923 1.1236260914454195
4474.731538215339 1.0191205909690906
4461.844238804281 1.0596900718228435
5481.520513780533 0.9975127545457718
