6 100
0.8965561797458849 155.45173820689067 520 60 99 63 88 82 85 66 87 69 90 70 92 77 79 69 61 99 84 84 68 92 61 61 97 67 64 77 77 87 84 69 88 75 92 92 72 91 65 65 71 77 94 65 69 85 92 81 92 69 83 98 72 81 99 62 61 78 85 99 84 61 84 70 91 79 70 60 66 95 74 82 71 61 73 86 75 96 69 91 95 62 91 93 73 77 61 93 63 93 79 60 77 62 66 63 74 99 63 87 88
0.8894231461131704 170.41589606551454 632 69 86 79 71 81 91 78 90 62 75 92 60 79 82 75 92 87 79 94 81 69 78 75 60 68 67 66 71 84 64 77 64 77 66 98 77 91 99 70 80 72 81 82 62 66 63 66 86 93 75 95 78 69 60 73 64 66 78 73 89 63 99 87 82 74 81 62 76 84 66 61 82 93 64 93 71 86 80 81 69 65 85 99 73 96 74 90 83 87 75 68 80 61 74 76 71 82 77 62 96
0.8821667095305328 179.24008540031176 654 81 87 94 87 92 78 88 89 95 84 60 88 74 88 89 74 63 99 64 64 63 78 88 95 99 87 64 66 80 61 62 71 94 79 83 77 84 81 86 66 66 69 68 67 77 63 64 68 82 68 94 82 89 86 97 88 81 74 79 77 71 94 76 85 65 90 75 92 60 76 63 91 96 95 89 79 97 66 80 87 64 78 82 67 68 73 60 69 78 64 79 60 85 89 65 79 63 84 77 88
0.8322154528674202 168.93821287327145 838 87 85 98 66 75 96 82 68 75 97 83 64 82 82 92 90 61 67 64 98 99 79 99 62 80 96 77 82 98 79 61 73 94 86 60 91 70 64 88 72 79 66 86 77 62 89 98 78 65 90 98 76 87 92 74 75 93 63 77 92 60 65 98 64 95 91 65 78 80 62 85 95 62 85 87 75 62 88 76 79 86 66 60 68 64 94 92 81 83 60 93 68 67 66 91 97 96 66 87 89
0.8664624318617522 160.1659534471683 877 97 99 68 82 93 92 90 94 94 78 63 64 91 96 64 60 70 75 80 87 92 79 81 75 94 72 64 60 63 82 62 85 93 84 92 61 85 76 71 67 76 61 69 92 72 69 76 70 95 76 61 98 96 81 76 83 64 69 92 66 73 84 72 93 73 62 88 98 72 77 97 68 63 95 77 76 69 78 61 60 89 83 89 61 63 94 66 64 97 95 79 99 83 85 80 78 61 94 98 72
0.8308334330950082 124.89583045871547 924 90 99 81 63 75 98 77 88 75 81 94 82 97 90 79 81 67 97 68 92 60 71 87 78 93 79 70 85 72 63 92 90 96 76 89 87 70 72 95 69 95 83 67 75 99 63 98 71 83 78 65 89 78 65 79 68 64 82 98 61 64 77 61 87 90 62 83 98 76 65 77 79 75 91 74 79 77 93 94 93 71 94 83 93 74 83 67 86 71 89 68 75 78 72 73 93 97 62 95 96
2615.62309959953 1.165617928825335
5536.09692628387 0.9744263679631939
6037.987492851429 0.9516299244352507
4778.1618300347545 0.9156315163020771
5368.556577964267 1.0873945014423967
4276.707433430003 0.8437931754422363
5170.986479429453 0.926611544401457
4127.700502844994 1.0727504698264276
4645.588581413759 1.1455040264579475
6527.365087054551 0.8274923786606809
3409.987053274302 0.9231056287031194
3338.0629038485004 1.1750438724558747
5624.42207057592 1.1987596066150723
4926.088205943404 0.8443811795223299
3682.4762726861863 1.131538484429458
4685.988791319662 0.8290797418945639
5405.086040285516 1.1854680493765317
5484.996697594869 0.8939612257411259
4435.212256386775 1.162975200121527
5026.776242376845 1.0180182765313408
3756.4544031208243 1.1792291509166342
3987.5955925900776 1.03272594900123
2810.939266033908 0.9322352819870642
4278.078786772157 1.1864734038349425
5063.584239154995 1.081348087926366
3423.4373859923717 0.8853733793655827
3908.426309509196 0.9245717762907573
5887.9640948229335 0.9000045886147244
6323.000330014273 1.1728856585400638
2562.2186137031144 0.8863221191560455
3993.932575848742 0.8646333635262082
5317.885012723107 0.8926054427037067
2406.981873968599 0.9365411504213651
4546.368659216725 1.1923518694002357
6209.365760880313 1.193349896848738
3177.0993960727574 0.8034918953528102
5817.776828015574 1.0368236368148245
4369.674763779224 1.1561591388123964
3810.2312589743224 0.9252487832160201
5719.537661764635 1.0654888283949486
5872.248634701212 1.0536595713042944
4772.42099219827 1.0020518425741196
3553.434811583292 1.1135705238595253
2005.0748010629072 1.0835692839734752
4722.062043065451 0.8275902311992104
4492.588084510658 0.8385943788634396
4271.75213821015 1.0168269272804926
6718.674923416106 0.911569023543084
4455.638523819328 0.8193552929347343
3572.5997349070058 1.002330697819013
5862.251541301134 1.0104437121277359
4864.2278831220065 1.1468768399657663
3893.5038620522646 1.0358573274361338
6031.803305781206 1.114024183894063
5974.1357721543345 1.1394405633825853
4741.389351452254 1.0915792915572913
6351.884798767009 1.0680704996533308
5432.044786515937 0.8203926288767428
2956.3430760582332 1.1688466383727574
5932.201981595177 1.0484983114909272
4278.633344158731 1.1073246154199656
4626.01212874036 1.0422347798045761
4951.603088088208 0.9198027094544301
5263.718414565452 0.95185954616582
6627.171129542061 0.966090945985119
3649.107582816735 1.0439596959622897
5759.764005846473 0.8960309252260357
3744.658157704409 0.823555921276194
5759.287929886401 0.9016854904914205
4903.637135758504 0.8463855553006777
4654.645471673826 1.1299415312455248
4226.065996769827 0.898732450448477
4606.298828067797 0.9102750080331276
6517.726004139228 1.0790279954143238
5722.020513744962 1.028832003661349
7613.3062664559275 0.8621399152582386
4418.626101583459 1.135729328175587
4762.355992226351 0.821792310508598
7865.2341931275605 0.8441574425346344
3554.021814459087 1.0822463994676905
4713.757933998129 0.8260920709403159
3488.034980106428 0.8811826871288123
3468.089316036193 0.8332166070675943
3545.0610957698755 0.8267136235851301
6335.152881124931 1.1245922733939537
5646.578460824575 0.9642535876536821
5623.351539952141 1.021893084985771
6302.6740207872135 1.0182211274424684
5792.499000793061 0.9669266267816525
4228.552482946328 0.8222762508221079
5519.7892112830805 1.1614114142217502
6015.5090682662685 0.8935895982447718
4978.069495193991 0.9574543935958879
6261.166173760352 0.8653806881360556
4241.588338566259 0.9781820138148158
5111.332659979059 0.8132885665072469
7420.010795097977 0.889828744335429
6504.714957906952 1.0846729259831998
1910.0968489716624 1.1674795144485928
3640.813973265464 0.9206378270585155
