6 100
0.8787088894861745 149.17411389937607 603 75 88 70 74 76 97 77 79 86 66 96 85 71 74 90 69 67 80 75 83 66 73 99 83 83 95 67 79 98 68 66 81 60 85 79 66 79 66 86 77 92 84 90 98 65 91 75 95 69 64 61 69 80 90 71 65 80 85 89 82 64 92 66 75 93 86 60 98 75 88 97 61 93 63 72 64 64 63 76 74 67 91 73 80 80 80 96 86 69 79 85 77 75 68 97 72 95 94 82 86
0.8878651889240317 160.15417637906756 663 93 79 62 80 61 86 82 87 82 74 94 80 76 71 65 69 66 61 96 95 63 97 81 71 89 64 90 93 76 68 76 72 73 86 73 71 73 64 69 68 69 69 68 88 65 79 74 70 69 88 75 63 71 84 70 92 94 86 87 75 86 84 62 86 80 78 82 79 70 79 99 97 97 71 76 88 98 99 91 75 63 94 92 92 82 62 68 96 88 83 79 96 74 61 80 98 96 84 70 64
0.8765488878689437 122.1223433065516 673 93 96 93 62 85 95 72 74 95 66 89 84 67 62 79 93 85 70 67 64 90 88 86 89 67 86 95 61 95 70 62 60 85 97 79 76 93 72 62 98 85 63 94 90 76 99 77 95 99 92 90 99 89 81 95 60 78 88 63 92 98 71 68 79 99 91 82 78 95 67 81 93 61 71 78 76 76 87 90 81 70 97 70 97 69 79 67 79 92 91 91 97 91 79 93 84 69 84 69 71
0.8098838975702397 137.714953148183 781 94 83 73 78 92 64 76 65 77 91 66 87 60 66 73 84 65 85 71 61 66 98 88 67 79 90 84 80 73 77 77 96 68 99 80 86 96 92 86 87 82 89 67 94 97 92 74 78 87 75 93 93 61 83 70 94 75 96 67 76 84 85 75 74 94 93 63 60 91 61 72 97 91 69 65 77 67 68 69 74 99 65 79 68 83 89 88 68 70 90 87 81 72 90 85 64 76 72 81 62
0.8210073147516019 170.41152524236216 801 93 95 67 84 86 69 95 78 76 89 92 82 72 97 63 83 84 72 90 61 62 66 68 80 77 82 69 98 72 63 83 65 80 90 65 88 76 60 83 94 89 79 66 80 66 70 61 69 92 87 75 64 98 80 96 76 81 97 61 65 87 68 90 97 82 62 63 91 94 97 85 72 72 74 72 97 73 63 90 65 61 66 88 91 97 90 91 71 84 72 83 69 94 89 96 72 68 75 97 73
0.846957852548072 162.808259196619 940 74 87 94 63 73 69 64 90 72 84 72 82 80 83 61 63 63 82 66 80 99 86 93 96 72 88 94 67 91 84 65 95 84 64 77 68 64 65 75 72 98 61 84 85 85 85 94 92 83 92 88 85 92 73 80 88 93 66 79 62 83 63 94 94 96 71 96 96 87 77 90 87 65 94 68 66 63 66 72 68 65 75 66 86 85 94 82 83 69 87 79 88 86 67 93 76 61 91 75 98
5625.079268204565 0.8301413657601427
4529.879618320773 1.1038508508964178
6648.517188433712 0.9137634183312159
6465.020300800107 1.0976027571508116
2849.0921498548946 1.0663955152014462
5520.813706366855 0.8962439879485496
4817.434737210474 0.9855681230866792
4708.287725926703 0.8598149687044461
3846.655222573668 0.9150910991931743
4814.298279849894 0.9874822532486187
6274.340037063803 0.9213195775641753
4476.753478348143 0.9802211886199617
3800.317079072057 0.8414457574077241
5513.522815610592 1.0760829777519743
5658.489911452851 1.1085476141171329
3959.6766581832067 0.9010471206085018
7323.498358435549 1.0291736472764395
4903.166600483653 0.9627235064936166
5492.438308383244 0.9121080639160754
4112.666262589164 1.176851555057467
4787.983778428972 0.8609108700793414
7196.149538619453 0.9873744409970493
5735.568884711173 0.8797057029199864
4801.075668368145 0.9440092748750509
4469.164165720833 0.929694352639072
2491.0744784192943 1.0283757353808236
5217.350473421417 0.9252806054237775
4774.939483194571 0.8775723446070335
2682.055015628149 0.8845150267486878
3737.483083628522 1.1338068641522174
5727.242611737999 1.1483518344606398
5504.762243755775 0.8411818867313818
4442.739501487234 0.8221886711547797
3193.5205149517406 1.0472849786276932
5559.5622315487435 0.9967844276828368
4448.0152879701845 1.1115170138057031
4631.664098443913 1.1974320408227048
3073.498362199827 1.0334664006826964
2413.9427448127494 1.1352334777565836
5554.615185480493 1.0679624786369044
5644.345243770382 1.0859024567795144
5879.924962634421 0.8188161375182987
7301.789142973408 1.0408777444464166
3641.9666392048566 1.1081362645983117
4584.239669811771 0.8041967221928684
6319.462090025989 1.0755358913283255
3957.5450160133155 0.9403952202929591
6374.171199929239 0.8612036491097531
4145.078096054507 0.8632238422331496
3626.0737969696966 0.8857510965296252
3855.962848015422 1.1486859903763442
7989.668652850658 0.8319170190289671
3612.1904471547114 0.8511204396980502
4953.071930999343 1.11277203190884
4344.855322446256 0.9129051369030491
5822.080713084203 0.8421478545873521
3132.80825122268 0.9790253360351294
5417.5662957652385 0.9856353495945447
4705.719022710931 1.0798365796450509
3280.7155056073307 1.0682543385023089
3218.460440551772 0.9165249346624758
4637.571099668892 0.8597367379457035
6415.723123849977 1.0963736981733176
6204.853166645677 0.8523307693227373
3520.940617794843 0.9238944830628831
5116.94242150016 0.8510042743154945
4593.937016964031 1.1791569382570746
6720.392149830737 1.1861134807338598
3377.8685463164356 1.08313518580792
5641.879003704632 0.9865807105930028
4697.804122148623 1.1018342859140118
5587.65011248147 1.1662255483528126
3691.088914564545 1.116033834382404
6486.406193269269 1.161236731117113
6431.176695036807 1.0535655137009237
4315.20380247824 0.8956251566950286
4660.830715981657 0.9212159727957238
6147.141068591292 0.8354557328603004
3509.5040301679387 1.0424916966395972
5141.433758555123 1.137055136372709
5433.746167712504 0.9847189139179445
5909.473220738553 0.8122364004710425
5074.731549837735 0.9971215468796998
5953.770245210032 0.9251841306420977
4100.1943120110645 0.8715452259029813
4388.013916585124 0.9218577473181794
4807.377188690714 1.164902003472652
4822.3028512643095 1.0217647899993743
4038.0125623366166 1.0942485803478963
3174.930861401702 1.1419973812944035
6792.427065228874 1.149129754445307
7478.097667185732 1.1858260534547185
4861.679897382134 1.105296525110311
6165.8463004406285 1.1647241247343276
5309.7913097773635 1.0963970653136061
5449.218505286297 0.8443981539768254
4431.694810804495 0.9475920403878508
5850.02074751341 1.0483021115486402
4809.424103740333 1.1747090294435338
4470.73453275825 0.8080823956065797
