6 100
0.8227086650433764 155.93453059764641 532 81 75 75 74 76 60 93 92 62 88 68 75 85 92 94 81 92 98 73 95 79 64 72 78 95 89 61 75 95 65 92 73 77 64 65 68 84 64 97 93 65 98 72 62 75 61 91 76 95 95 71 81 74 75 86 76 85 78 64 90 75 99 68 77 92 78 87 65 84 99 73 96 90 87 99 95 82 69 60 94 86 68 61 84 70 64 98 83 90 75 76 81 95 95 77 83 83 71 76 73
0.8391011501776466 136.5360747927406 579 67 97 85 77 90 76 86 95 68 82 60 80 73 92 65 77 66 83 65 92 72 87 70 96 91 95 76 72 84 85 86 80 94 69 67 62 73 67 92 69 61 83 84 62 78 60 87 86 66 60 86 87 87 66 67 81 63 63 68 65 99 82 76 80 85 72 99 97 67 74 94 99 80 97 92 86 97 99 80 83 99 90 96 71 96 64 64 81 81 62 62 62 79 96 67 87 73 72 73 76
0.8356978155681886 151.9357487107329 671 75 62 88 87 88 84 98 82 78 91 68 61 80 85 90 82 61 75 87 89 74 72 84 88 93 72 84 86 76 98 93 90 94 95 85 62 80 81 84 60 85 63 69 73 87 79 78 97 66 80 71 68 72 95 89 67 95 96 76 96 75 82 76 90 64 65 78 71 93 84 99 99 83 79 96 68 69 87 94 93 98 74 74 88 91 74 92 90 99 69 68 79 66 86 71 92 62 89 83 79
0.8419555025686093 158.52891958752645 853 94 72 93 67 70 86 83 84 91 97 78 90 86 95 73 93 60 95 86 94 96 78 96 99 69 71 84 92 67 61 83 96 92 86 78 60 84 66 80 98 79 89 71 87 85 86 85 66 99 63 75 99 61 97 93 91 66 90 89 85 60 92 68 79 62 71 81 73 87 81 86 73 69 97 81 92 88 92 96 71 74 63 99 64 79 92 86 96 92 89 84 87 82 73 83 86 72 75 83 83
0.8332004682830079 177.75406214958224 876 88 70 97 60 70 60 67 61 95 87 76 78 79 98 92 95 91 80 60 66 78 68 96 78 74 84 84 93 65 99 88 95 94 97 86 98 87 62 79 78 97 80 69 88 88 60 73 68 66 79 60 95 87 94 60 86 67 99 98 92 78 88 88 60 89 81 62 73 92 90 82 95 99 90 74 66 77 71 90 65 60 99 85 60 82 83 91 87 65 74 60 95 65 64 90 99 72 74 72 84
0.8977794191401809 169.0811324970844 959 94 73 79 71 60 68 61 69 86 75 66 86 84 88 78 94 76 75 79 63 74 63 63 90 69 63 82 85 62 83 72 61 75 78 75 60 89 96 72 79 65 98 92 70 85 94 74 97 78 88 99 85 72 68 99 84 97 97 98 93 67 95 89 95 90 77 65 87 74 85 71 71 60 63 77 93 80 92 78 73 99 70 78 87 78 60 92 74 91 81 66 84 73 90 98 92 82 95 95 73
5388.06710931324 0.9181259417099684
7586.731006197137 0.9688321703161799
5404.351574508264 0.852547391687317
3987.6100303140092 0.9422959376124351
3783.9514409290096 1.1389748564333
5382.843521746215 0.8496292299032792
5028.399529355577 0.8975214262918114
4847.3353284087425 1.1942765849867796
5292.882285471193 0.8132762621725431
4672.958165187077 0.9718677830374219
5076.375751642864 1.1222016294929467
4682.228426488582 1.01882709087065
5524.256046061977 0.9910154724538167
4056.3726030308712 1.0585123657143896
3029.8339097250428 0.8797917704593217
3184.0146145168987 1.0770245207237679
5435.569116232562 0.9849725783674861
4968.767786571473 1.1338176661880377
3843.988383582431 1.0750051358490578
3303.839905467676 0.8683134210826153
5150.345863944291 1.0762847615758808
2648.6860941206887 1.0292213265826404
7646.166843927092 0.8745534701626327
5735.416992856762 1.1511154257046372
5548.057878036446 1.0284332255507693
5091.421325163667 1.1624358530334074
4933.068073256266 0.9528574267678799
4916.424975939642 1.124386105342197
4862.431751499601 1.0158739630710771
4080.0345702934897 0.9175440656737021
5157.9771166218825 1.012721391747585
5498.242751005658 1.1633565030982462
6734.182231224526 1.0912144976174758
5724.442339106022 0.8082464139054145
4088.0480876482193 1.1150358348391398
6086.034923248837 0.8102409205821345
4585.035642858027 1.034989443913563
5513.785109941054 1.065415532391043
7294.766681560042 0.8381132929729449
4126.518924042926 0.8272118121164765
4849.17694152777 0.9844352823531627
5116.456104550497 0.8062412830226643
6295.106625042358 1.1651660965177566
4630.944776736305 0.8268642710948488
5548.639777513074 0.884240540278034
3334.02833504121 1.184624927677548
5929.413990378479 0.9487755542149701
4123.5282879665865 1.0815393448328505
4738.453087972313 1.0597289986053535
4805.438510078937 0.9626652392189603
4415.315399082245 0.8461777714349384
3910.459093296778 0.9025919684148791
6305.652284792847 0.9084577064210374
3389.519295302267 0.853876692037811
6444.036456895188 0.9222344573605116
4326.176243253593 0.9856204232352175
2316.2109554639333 1.1839731724663465
6276.1285382562 0.8785151435034653
4819.726759321885 1.1438267564407176
5165.560696577446 1.1713388696620228
4220.051618782824 0.8996509655383932
2716.1873772683616 0.8589661244668345
6539.504591494267 1.1279401774325826
5160.378116989388 0.9014868310208105
4141.446102276862 1.0174658272746857
3869.766359939056 1.1395469542104344
4680.669775878281 1.016709038849654
4734.059879763625 0.979686761361592
6380.419326000514 1.1418036313874327
8612.465217299783 0.8778563400385048
3764.052706859199 0.8224347630773472
3502.420047384062 1.1550944329076682
5395.064450405766 1.172567455903871
6397.710249767483 0.8491818496147914
3258.335080711462 1.1463942754536904
3347.5488720604694 0.964419697331406
5690.937669080927 0.8173182273478465
3077.58911437994 1.0041250081274788
5275.278188162192 1.1540379482348044
3079.435127377943 1.1252983179152312
5022.076256474735 0.8490321189170184
4151.431517871168 1.0823945194878966
3331.554539690656 1.0484862564771622
4282.9073388446 1.0357772280557427
6437.433485860758 1.1406552193862924
5738.267374001398 0.9770886140827096
6614.372204055982 0.9245666155049065
4261.6199829730285 0.8071438524127614
6306.831038527374 0.9061967232524601
6391.862721081456 0.9828862592683031
4032.2433291583625 0.8505871530537058
4047.737886233931 0.8304369743726904
3189.0787270232513 1.0333853228656344
6184.140230744004 0.9854862371761391
4650.713046203895 0.835562236296437
3959.266150104038 0.862322747212765
4093.2527093990566 0.9124716342191712
4729.049590209744 0.8780779264113441
5129.790545829919 0.8693376252830406
5759.652219416119 1.0357327912185115
