6 100
0.8772089848066789 150.83347747288903 527 92 73 69 63 92 83 82 93 61 71 92 85 99 74 69 70 66 77 70 90 68 97 65 90 73 61 78 73 91 76 70 82 69 93 86 97 67 62 92 68 87 89 66 71 62 98 70 61 79 88 86 60 61 94 84 73 73 97 77 67 96 63 88 93 72 74 96 64 98 76 71 92 62 95 60 63 65 81 78 82 96 90 64 79 80 97 82 60 70 99 76 91 61 76 65 64 95 60 82 81
0.8276890464568964 157.54393546451536 621 60 72 61 74 93 60 94 92 98 91 87 68 72 92 62 68 84 76 95 89 83 95 94 74 75 94 90 71 77 92 72 87 74 97 68 86 95 77 70 71 89 96 89 80 96 87 63 69 61 97 67 69 79 88 93 72 97 81 94 64 85 67 88 97 77 96 94 87 63 91 98 67 67 93 63 94 69 61 74 63 79 99 99 63 97 68 69 76 93 78 91 64 99 99 60 79 66 84 99 81
0.8899328916496299 122.02831549435676 674 63 70 70 63 75 82 86 77 72 82 75 99 82 83 77 76 77 71 72 85 72 62 60 75 67 78 98 80 83 73 65 75 64 62 93 66 62 69 64 80 61 68 73 80 87 87 68 90 83 90 73 85 70 64 86 70 93 84 89 89 65 96 79 95 91 96 86 77 91 78 62 89 85 82 81 70 87 93 96 85 95 86 84 90 97 93 68 61 65 74 82 99 81 70 76 98 62 71 89 84
0.8717954083851466 179.46187526222468 733 80 87 71 88 89 73 66 90 76 80 86 77 80 97 88 74 88 72 66 91 65 70 89 86 96 93 81 99 80 81 84 93 96 75 76 83 92 66 62 86 62 76 81 70 88 94 60 80 76 76 88 74 95 95 88 87 93 71 90 84 73 90 67 90 83 79 62 83 96 64 75 67 81 89 97 67 96 69 60 86 79 62 88 75 94 82 80 72 64 94 68 97 85 95 97 79 94 89 94 92
0.8910137518514705 141.74761429651042 743 72 87 78 80 67 84 73 65 95 77 74 70 73 95 79 79 72 64 60 76 73 75 60 67 71 78 77 98 81 96 86 92 82 80 76 90 65 74 63 64 91 95 79 65 95 91 72 84 79 73 70 87 65 84 70 85 77 66 60 92 93 81 90 79 98 76 98 75 77 90 85 68 77 82 93 68 86 75 96 72 62 65 84 95 90 86 86 92 97 84 85 65 94 82 77 77 86 75 67 78
0.8330484151381958 167.05981181739122 941 94 98 87 69 63 91 83 68 78 94 90 96 96 88 83 91 60 82 89 71 83 63 77 75 77 96 70 70 66 63 95 97 94 66 63 95 89 71 63 68 67 62 62 61 73 82 63 89 83 91 69 92 95 92 84 96 96 65 73 75 80 98 91 63 70 98 63 78 72 85 68 84 81 85 96 70 63 85 61 93 82 87 74 83 76 67 82 89 88 94 65 86 83 78 95 76 79 60 79 77
6130.387896699118 0.8556357650494368
5350.458427095602 1.0361839084607642
4244.723944563429 1.1718304805092232
3768.887690581695 1.1663622824426794
4335.313149157645 1.1771216427386135
2714.984048215207 1.1614990525598587
4467.804406978533 1.1848379083380425
5088.3538416280535 1.00100851455465
3483.7695703697973 0.9844531419507097
4022.5654400251983 0.8450129747861805
3231.734323328345 0.8698267705570482
5019.444668813584 1.1316065369847568
5517.683538050951 1.1818436344074308
4518.205236592446 1.141951410351179
3600.9817061752346 1.0892648824600268
3304.5977829488056 1.057318125306261
7008.21783243012 0.88181171416782
4904.51653747889 1.0615952018158819
4730.561130004129 1.0813652564767702
4492.5168149563715 1.1420436125494084
6652.923908131431 0.8892541886206838
6072.800299922716 0.9646336918429597
3604.8965423582113 1.063977963739643
5016.006600274276 1.1726656531013702
3683.092094036736 1.0530127701067404
4935.61481313491 1.0978818338185907
5644.584617903832 1.018574888148945
4344.1574334260695 1.1450699416129149
3944.509423027727 0.9485119466241967
5240.753921585452 1.1965570262053609
5621.683776257379 1.0043342010072465
3554.157804607945 1.1465773164306279
2048.1996427384715 0.9489601397929197
4783.2152643717645 0.9818502009138084
3009.241107007833 1.0822828314219728
5849.573340260756 1.1245997929569111
4469.690541213795 0.9612937981978343
4039.417974334639 0.9544909913724954
3363.601395994524 0.9094742963566377
6157.084435529185 1.037803889229726
2459.3023059754705 0.8820281572706359
5955.449135384782 1.0158758463099438
6525.583402604894 0.918146422831797
4654.559377174797 0.9280376372913078
6168.936555659101 0.863704598017153
5930.835666328665 1.0157219036324387
4150.813340022732 0.956870449568782
4784.218941546142 0.9647870003073817
5367.149183686607 0.9909486776196269
2735.493867645391 1.0002748577563685
4476.588349956075 1.1738886638250539
2969.9606328133914 0.9763156231504925
4213.132347419952 1.1619879503210275
6912.160227081205 0.8939039741657274
6762.4463190853185 0.8845139829463883
4542.360434935437 1.1730070783199649
5420.397901499868 0.8526520703991863
5011.992732477813 1.1592179920777474
4767.376084000508 1.1715052453778783
5206.173328017945 1.0355108682303253
4031.42340728208 0.8975746731238949
6208.307922524103 1.13880477834074
3630.5180893881907 1.1012856711445704
3190.6582626001104 1.0760529294748205
6523.010423120843 0.9673024488477405
4498.602124653261 1.036980271345456
4461.865780185145 1.0321476398425937
5447.308680287357 0.8090165986627618
4771.713351537027 1.1879311287424938
5695.917995616528 1.0888242372638028
4087.6406623471285 1.1834041693794144
5436.486562983226 0.8298483811985943
6516.851106248877 1.0738785305785994
5346.747747157571 0.939564020369624
4956.215957767743 1.092375416074334
4724.180266264826 0.8279927448661134
4492.793853785188 0.9008961116143769
5506.87377948274 0.8430375675755393
4004.3607512021667 0.8648851300539059
4122.570207971983 1.0552083189278485
5185.289208236169 0.98848395394451
6197.091790770135 1.0630152912206519
6220.1786437279125 0.8853434453298766
5131.04464460159 1.0149941954676434
4174.146932005946 1.1746404197631415
3701.2295348156263 1.1401351159590254
4958.126918913787 1.0774063450674525
4037.18654942197 0.8470411727034753
6419.755052075186 0.8360556168472526
5189.551960741067 0.8454859849491425
4423.890840535087 1.1360101634528028
4504.308718742883 0.9207224039369007
4237.543994383915 1.190902538315033
3440.831055110912 1.0705302419791551
6159.864496408141 0.9759423998278015
3405.1522780957266 0.9178199630977539
4906.383448387042 1.0706988649520388
6070.846806417991 1.0908289875314776
4294.414394524986 1.1476690134824963
6659.219944136869 0.8766413911281917
