6 100
0.8650921378000358 121.81028020076027 558 72 92 86 82 68 73 84 67 81 67 87 88 80 93 69 81 72 79 89 76 67 84 64 95 90 63 79 85 74 88 92 76 60 77 97 84 65 78 88 69 82 96 94 77 87 97 72 71 85 91 73 80 97 66 73 78 95 66 65 66 67 72 77 70 92 63 73 96 98 90 90 68 84 83 84 61 93 65 72 68 77 79 62 71 93 70 77 80 70 94 90 79 85 76 79 75 78 62 98 86
0.8950636377919668 142.13720323721753 700 88 69 77 74 64 68 94 91 75 85 78 67 66 62 72 71 69 85 72 95 84 93 71 99 74 80 97 66 74 64 92 88 83 60 73 73 69 78 94 72 99 64 97 63 71 66 93 78 95 73 70 62 75 92 97 65 79 65 76 84 97 61 71 67 70 63 79 95 79 61 68 61 83 75 79 96 99 70 78 65 96 75 80 96 88 86 64 70 74 65 86 83 81 60 71 65 87 98 81 96
0.8517617640556475 150.69435351573742 750 83 68 84 71 72 69 75 89 83 62 86 86 78 64 72 66 99 89 72 86 86 72 95 95 91 61 87 66 70 61 75 98 93 64 67 91 93 93 96 93 86 69 96 88 65 64 87 96 84 68 89 60 70 65 84 67 93 91 78 62 70 98 75 96 92 82 60 60 61 84 93 97 75 96 62 84 74 93 94 84 88 79 84 68 61 64 94 72 74 89 80 90 66 99 82 81 61 91 65 61
0.8413464521984588 150.2176089607125 790 84 85 80 85 95 76 75 95 80 83 80 75 97 81 81 74 65 94 94 81 87 79 92 92 88 89 94 69 65 67 80 67 89 75 85 75 71 78 76 88 62 63 97 88 71 64 78 77 73 68 81 64 87 83 91 83 61 69 99 94 78 81 82 76 90 89 96 69 60 70 77 71 81 78 69 94 61 88 94 69 98 94 71 74 89 89 82 75 63 78 65 84 87 97 77 95 91 75 66 94
0.836349490641863 148.83556466372266 851 73 95 71 80 91 70 63 72 75 67 87 81 64 96 76 91 67 62 89 60 60 99 73 71 92 90 89 99 89 66 94 69 87 93 75 73 77 90 61 79 60 79 73 76 68 81 60 68 84 96 85 72 95 66 71 72 93 80 79 92 91 99 60 98 92 72 73 94 67 61 64 68 90 88 73 81 91 72 92 97 88 91 62 69 81 78 82 71 95 97 83 67 84 86 89 90 92 79 62 62
0.893216088528527 178.52032635792807 987 96 64 75 69 65 81 71 79 67 70 69 85 76 91 63 99 90 72 75 93 86 90 65 98 95 94 90 67 78 89 98 83 91 71 89 64 69 86 66 72 70 90 81 90 82 91 95 87 86 95 80 94 70 81 61 81 83 62 67 63 65 73 97 81 60 89 66 85 85 72 65 97 95 91 75 97 71 91 95 70 73 77 95 84 90 81 66 80 91 77 98 84 89 66 94 84 68 61 92 92
4696.34899244426 1.1737608574803562
5580.032899179979 1.1956892617279866
5121.669381994872 0.9247410204377127
7023.679970054298 1.1722459531788285
4906.473575124273 1.1122327978921116
4620.661313453844 1.0746114603017451
7382.035583778873 1.1414552198974788
4006.5907564922068 0.9533001875603633
3681.1970549141715 1.0678328064160338
5379.285208779112 0.9124984107224474
5590.330625135536 0.8979495048786854
2737.9250779396716 1.0891416019784446
4062.401457959375 1.1454171790353986
5285.672376161071 1.1012058113073362
3486.3929789819204 1.105288928902633
4980.985817573506 0.9673497921561431
3209.28963447746 1.0522476654076423
4423.576078701389 0.9522069221360789
3217.742988208751 1.1537962785677807
6311.478549265565 0.9878213459673306
4534.405903021332 1.1551912846783452
4134.650542906684 1.042927572394214
5098.8145746449645 0.8219459931352825
5377.084335369121 0.9016333979664332
4566.4695195975655 0.8518344626222134
5312.541178456383 1.0065557081493257
5082.904995962056 0.8596366672322489
5966.712110433697 0.9875864060498825
4825.579121838003 0.8505442082540988
4777.952462533674 0.9381236317219925
2806.0279702740363 0.9882079868837541
3527.581985969341 0.8645161925232339
5143.589721309385 0.9185121593316674
5112.588920677617 1.1575873349961894
4989.653133305474 1.1057083535235956
6890.657220637722 1.1926800412094827
6082.287109959334 0.8914585515229054
4426.816069921895 1.0792184698635126
4852.82959296841 0.9276115468249102
4295.22880666893 0.8474751052123611
5206.097856077807 1.1260757367407337
6519.691398438913 0.8496101245976365
3844.5522706190845 0.8870262781045355
3329.310872064101 0.930451287589791
5311.8475899610185 1.076089853638312
5101.1794160442705 1.027448560218219
2951.3478474386193 0.8625629744358823
806.6898686165687 1.1937900135756856
5333.147329538004 1.0722635847131614
7155.220913793402 1.1931201142394599
6811.846252564307 0.8723571989368899
5204.8644841521045 0.9602698408824805
2920.119756454982 1.1204264079840298
4991.177501217997 0.8963901554705961
1839.9093307497687 1.0500387777569107
4566.576445114952 1.0892774301655266
4379.9562953120585 1.1996278989583842
3853.8203234206194 1.0934278865343452
5274.798004453528 0.9860796640278628
1389.8046923281813 0.8464546182563399
5008.448501941141 1.0863462414294118
6757.130574272537 1.159223880422317
7074.704565230275 0.8269442827687976
5528.356490614962 0.9399801866988848
6124.727486358448 1.0751549200907693
5340.491015266647 1.1084721792401142
6805.708222343044 1.033378179839886
2941.9031559917485 0.8910473063793223
4592.329904585991 1.0425906327796992
3923.7933248149343 0.8717974829155768
3641.8774831103806 1.1729225278579143
5649.653326068736 1.1763478508339735
4153.647139426837 1.0576541222479199
5185.912286487553 1.1082304007171173
3876.5266512914977 0.8087351721968571
3831.3152260868674 0.889036041064533
6340.407950400266 1.12905462567781
6457.538957772484 1.1803595487554168
4259.960528603305 1.0212709530695843
3097.56393651463 1.076197454071334
4027.2654921019102 0.9516759065614432
4427.395336935213 1.068293408158206
7105.748478849959 0.921621686696917
5533.444217571152 0.9204706501540454
4059.955304803479 1.089679631991992
6269.72291039707 0.8835647533564873
3072.4020318191533 1.0411730898421583
3128.995027367574 1.018108441213729
5151.269979287307 0.8789188737324825
4370.818928981713 1.1592723885640577
7454.000672574113 1.0427765043674233
3100.9741084839293 0.9360818619871965
3786.31743411727 1.0035645459834772
3761.7896119701736 1.0618379773838649
4994.961410909222 0.9638409177689179
5396.348042848989 0.8292574432180184
5565.2355644567615 0.8751130706496124
3115.4397795263576 0.8207942020865826
6186.020477395539 0.8183352206896229
6375.4773973643 1.0956972528525348
