6 100
0.825601246953263 160.6916303566343 569 98 68 86 66 89 76 60 62 66 96 84 71 69 80 99 94 99 91 95 94 70 67 73 84 67 86 74 65 61 66 96 69 62 94 65 79 85 96 82 87 89 95 95 77 62 84 97 69 97 87 99 72 84 64 63 85 81 80 60 75 80 89 67 65 95 86 60 90 81 70 76 84 94 99 74 73 82 69 75 78 80 67 78 75 78 88 77 75 62 98 72 98 70 86 75 92 70 82 62 83
0.8396205509615206 127.08398988344734 645 66 76 62 80 71 93 61 92 75 89 89 60 67 77 65 78 99 98 87 74 84 92 76 95 87 78 91 84 86 92 93 61 87 98 94 72 85 62 61 60 70 67 82 99 60 80 63 73 70 89 93 79 79 93 91 75 88 90 66 84 77 69 63 91 71 78 90 62 82 90 98 74 99 63 83 96 72 98 93 82 79 97 88 78 68 64 85 60 86 96 97 96 93 85 68 75 90 79 89 87
0.8407586733977492 120.99116873013112 749 95 78 86 60 84 70 98 70 60 70 88 87 89 75 71 65 71 78 92 99 67 73 83 63 62 91 84 96 81 81 65 95 82 75 65 84 94 60 95 87 93 85 67 85 83 63 92 78 64 87 91 91 64 79 72 79 78 80 91 86 65 84 61 92 67 60 73 78 85 63 89 96 69 83 94 98 64 96 81 62 86 63 62 95 65 83 66 75 95 82 78 89 63 80 71 60 71 93 76 66
0.8972125524368189 166.0425020087066 790 92 83 97 98 98 60 89 99 75 86 96 63 69 77 63 63 99 84 65 84 75 94 83 81 81 82 86 66 73 83 72 92 66 63 70 93 75 73 73 94 73 83 78 82 76 72 78 75 76 67 78 83 82 98 92 81 81 76 66 85 75 69 86 83 73 62 87 64 96 95 71 88 69 87 71 78 65 75 82 92 66 83 65 76 97 78 98 89 73 78 78 69 72 88 61 91 66 90 66 82
0.859070967348297 179.778614776393 846 75 88 85 94 73 73 80 70 78 84 94 61 62 72 75 64 63 81 97 97 92 99 89 71 62 67 84 71 98 84 60 92 97 99 72 85 80 61 80 70 71 62 95 76 98 94 83 66 80 89 71 67 77 74 90 82 78 65 99 97 75 95 79 76 89 99 74 86 83 76 98 85 95 79 87 87 78 81 69 88 78 63 69 62 99 92 78 71 98 75 67 64 63 76 62 79 78 92 98 79
0.8664338353376173 149.73075485444713 943 98 65 60 70 68 88 84 65 91 78 81 86 62 78 75 70 74 71 81 83 69 61 92 95 68 60 99 61 85 97 98 84 88 75 81 95 97 83 98 65 66 69 89 70 71 86 77 93 69 74 87 92 63 66 96 95 87 74 72 84 74 91 97 70 74 73 76 60 72 67 67 67 90 76 63 70 83 67 81 87 64 93 83 75 97 66 99 62 75 96 75 64 91 81 70 60 78 70 60 80
4498.759869842736 0.8180594180521178
5312.03295758458 1.1228988754279392
4721.374548190911 0.8598094756562037
5054.023591065305 1.1730940542145205
5505.129693887284 1.1150029113162763
3508.0666283128858 0.9250647900747817
4258.580262140829 1.025542290076866
5019.433213161663 0.838326787260924
6485.42750455902 1.112231063734981
5226.560291033267 0.9215680415025675
3760.876830590383 1.0053512967562603
6284.318758760439 1.1222445788886268
3074.7629065654837 1.0256946806403808
4769.7062933368725 0.8706839273770768
6089.72161693833 0.9459891362308359
3637.7347334316955 1.189363937210894
6451.168060247388 0.8597470580259623
3324.800972631898 0.9284179558288259
4303.307577661955 0.8887429770008929
7975.197923483778 1.037014765299295
5572.172159623845 0.8410157475774812
4576.139402515548 1.075980390286951
4837.515485002152 1.0496069492372335
2886.1021498861737 0.9448980943906743
4874.235325418056 1.1725330725813885
3921.2115189333117 1.1671370920747646
3068.223412455286 0.8118459925783077
6469.340349775643 1.0364748281604423
4521.804595280311 0.8566755363714149
5642.419620352564 0.8580057558843512
3318.4209345662684 1.0800549794030339
6075.9383766865085 1.0880359315403516
4575.57508064722 1.0517077660126612
2538.6565191679642 1.0264031793106347
3684.8723764960564 0.932614601508248
5143.6076593095395 1.0175444987291857
5165.896087342604 1.0713514143618532
4142.085918891662 1.0634841094389365
4361.954058043033 1.1724412962721977
5785.410183932187 0.8513618976777888
3664.4028464380763 0.8397269704419519
2983.245018782938 0.8682386245080683
6434.210283400036 0.9447471206078358
5482.383056032259 1.1983653444506035
3777.567062211535 1.1624577047987417
5570.242189025039 0.8244709973781931
3459.4054507389687 1.114737625579766
3678.2082718402353 0.9355935852099801
3179.3690046627507 1.1810293814265223
5590.017718179079 1.0506215994153234
4297.809635258063 0.9490403407114043
4987.8642523043645 1.1096876114142433
4141.151642176388 1.199347293791651
6687.536920174429 1.0838346564338832
5890.1863709428335 0.8143636313045622
5977.922911191956 0.960204094726856
4160.526533249917 1.1556759457999226
4684.9182518847 1.0932858248837625
5992.527984147919 1.1802232004088076
5574.750227468449 1.0050015088080129
5163.97979964288 0.8443153586467234
3511.983752838599 0.9440220069273146
5591.650312667999 0.987009670149857
5876.699821626213 1.012391821652619
3801.2851610587904 1.0027804728717968
4744.414839861492 1.1151331292454558
7056.1127106570975 1.0382349721161992
3645.223114914461 1.1371566946091274
4641.501411900255 1.1111887799723044
4286.551104951716 1.1540304723124981
4435.1875477234435 0.926673299309581
3850.8804633410327 0.9875215074030897
6097.281325704006 1.0967475607316115
6557.814736300823 1.190272988623759
4958.807150005695 1.121140049903769
2815.050706981278 1.0761848125197224
8029.990000239224 1.0159859247233713
4047.906681866831 0.9875868920585482
2576.9398387454785 1.0866333071305794
7238.713408325182 1.1119301443665033
4233.421646769151 0.9234259864577576
3374.078399380805 0.8434125339151233
5288.024705711852 1.174275452487397
4698.746617845487 0.8355811814677467
5046.791481125968 0.812818485581551
4231.1265565179165 1.0415924082782706
5852.094342108718 1.0226362257651658
4241.944618897611 0.954322921317923
4563.912552964502 1.0968858262146641
4208.356387583542 1.1703109288491262
6146.26893603521 1.0190176307899845
5525.114336411345 0.8587334362396483
5460.222318023477 0.8482614991190535
4086.283314680316 1.1867977596105206
4728.628699075433 0.9050366298482356
4976.826683426508 0.8616132204884649
4164.5985108103105 0.8117600386631756
3942.956225922023 1.083206572908766
3985.5613230313406 1.1912328775242753
4285.494546555043 1.1206657761479326
