6 100
0.836407928451643 125.84660484904718 531 71 84 75 64 69 81 90 95 95 87 87 89 90 93 83 66 72 80 72 92 70 92 87 67 68 83 86 84 63 98 96 97 63 61 75 84 71 61 87 89 99 97 78 96 75 95 81 99 82 63 72 83 75 74 71 98 87 84 98 85 85 64 86 79 84 87 61 72 68 62 60 89 73 99 62 69 73 60 68 62 92 87 98 73 93 83 68 83 88 77 88 85 99 68 97 64 86 92 77 92
0.8414756721237497 141.67447644292065 608 87 60 63 61 60 64 87 97 81 99 85 91 95 69 70 85 69 65 97 95 92 63 82 97 70 89 96 72 70 87 74 84 65 66 96 73 63 80 74 79 64 65 69 82 90 79 92 76 90 97 61 80 91 76 72 87 86 61 88 91 88 61 97 88 87 82 84 91 94 88 61 80 88 91 74 98 60 70 77 71 83 73 65 71 63 72 62 97 90 71 74 72 78 98 86 95 83 93 96 62
0.8379326615775282 178.7785385852992 723 63 73 71 95 98 98 85 98 98 99 86 96 80 96 70 65 61 80 61 90 93 80 68 64 92 74 91 73 65 94 89 64 89 77 68 64 76 88 61 87 99 73 82 66 72 60 75 63 68 62 63 74 97 75 65 69 63 65 79 89 72 81 92 76 88 93 73 96 70 62 76 69 86 87 62 77 87 86 82 67 96 73 98 95 68 65 86 74 77 80 79 98 90 92 93 96 94 70 93 75
0.8232361229618849 137.8144733410829 743 87 79 99 82 98 85 78 95 94 88 86 70 66 91 66 61 71 66 96 63 88 80 67 70 64 73 98 82 90 96 61 66 66 67 72 60 97 95 62 74 67 85 62 72 81 88 71 80 96 77 67 77 93 60 84 76 68 97 73 74 60 98 63 89 91 91 76 62 70 95 82 96 83 79 72 63 87 71 78 98 64 63 82 80 83 73 82 93 67 99 89 80 68 82 94 71 70 88 62 99
0.853246941296923 174.05542682217742 829 78 86 68 91 89 88 67 62 70 73 93 87 78 83 66 80 94 62 66 78 70 60 91 60 64 95 71 96 61 73 68 81 65 83 70 65 85 84 94 99 62 99 75 97 63 84 87 97 93 67 61 72 67 87 71 60 94 77 75 97 98 87 64 87 62 67 74 99 61 95 67 88 75 94 98 76 94 75 60 73 76 64 93 94 64 77 90 69 75 77 84 94 66 95 98 88 81 76 65 81
0.8633076793748786 164.79937422461757 930 74 98 94 73 98 85 66 76 75 77 74 82 90 64 88 95 94 98 90 66 98 98 79 94 81 86 60 65 97 77 73 64 66 72 62 62 70 64 98 85 73 61 60 66 72 61 75 89 63 67 95 71 88 98 88 98 85 72 62 75 75 63 70 78 65 88 96 90 73 84 94 75 96 77 92 98 65 83 66 69 62 80 82 75 81 95 67 75 61 89 79 93 78 77 87 91 64 78 69 74
3177.309008283116 1.0859424536004278
4114.3487428216695 1.0072355131666273
4159.7644957309785 1.0545419599899482
5369.996198086944 0.8475457490155148
3166.566172815733 1.1399192246030523
5484.4857987195355 0.9262959563088092
2463.203681254857 0.9828746683757397
2710.528862307691 0.8043454590820396
4968.609806987926 1.0438241737562473
5164.819784264935 0.9531873916445943
4675.888603152608 0.8020891270673087
7238.535809388339 0.8880074000868122
5284.651435836486 1.148266513360043
6474.557077470443 1.1420780963832033
6089.048490085548 1.0859485048308462
5572.632959117531 1.1212795765930652
5558.044979282082 0.9529216302624625
7660.424430510702 0.8162106017474631
7277.810145302557 0.8842815267064453
3490.929529089264 0.9049258259189575
6400.457226563644 0.9394392184984967
5016.677416351475 1.0711765439172067
4532.740473064538 0.9097877297056008
3832.0335872012456 0.8162114429356827
5108.230766331116 0.9318195919417878
3108.7209494862227 1.1015888998962893
6311.7859925733455 0.8034779164751403
4574.290505740628 0.8926193707591142
2693.3976228832516 1.0326267237763598
4741.963310897938 1.0674352988665434
4419.786031813134 1.1210616325608658
3873.5836220037045 0.9930080780637598
3743.733043167061 0.9506973029267397
5715.46913352624 1.0808016331923609
5871.132664138657 1.0987214639595164
4978.652064313212 0.9327056292650349
5467.6704487673305 0.9702578211492093
3159.519883020188 0.9556378567260845
4637.656848947943 1.1211317010226063
1943.4952875131435 0.8234528000500346
6187.288115978674 1.0322959615684886
6030.486407550466 1.1136766586294506
3617.407640974406 1.1953558074319905
5126.0246191055585 0.8251645548062487
3725.5454155218104 1.1448153464515913
2738.4945934826146 0.8195131027977959
5918.790097857891 1.0229121765138012
6034.194752776176 1.1948359683667782
4611.087278024068 0.986655149354337
2955.958689819293 1.1128880411747932
4902.797074104216 0.9436406588148984
5600.691425596189 0.8469910648520946
4659.209122209227 1.072091927507323
4801.751541560562 0.8064389308029465
4592.7349391006555 0.8074660109503895
4801.468475325239 1.0742595196464182
5369.289301257918 0.9583722546291893
4380.977780274875 0.8373249227857701
5416.2556631779025 1.1497250370576233
6491.991128479209 1.0988856986983624
6777.418713115756 0.9943023925366461
3682.883392890174 0.8519972042290148
6132.824698528056 0.8858120928244749
4769.216961368858 0.9357607109896692
1290.1914427776946 0.8768488578864004
4482.519716714174 0.8032070399529943
3089.716200746763 1.1686419575038511
6065.577644713922 1.0992507023625777
2854.1957358526793 1.0107388019666772
3146.9736750002594 1.0746405194568343
4470.262406120268 0.9216438551117976
5570.742503863992 1.0656616476612495
5382.046953303104 0.8833200387382026
3913.2696776297034 0.9672319007689155
6486.198692748481 1.1322625382945097
4545.503137093461 1.0615082607313926
4206.2738902332 0.9924680925416884
5318.86638518207 0.9590251777697312
3018.6321708579935 1.077907624674012
4722.600464158939 0.9817069686175703
4473.123765504647 1.158737404186108
6688.630182942912 1.0282315377864628
6200.357503661705 1.0816903377921
5257.7533948860755 1.1390020856304757
4915.854820349251 1.1811250644406002
4273.760998433328 1.1718623327601443
5349.991091104827 1.1636595180352753
5201.0155585064 0.8250641591200985
5184.287160839974 1.0253361534542
3698.1959264507427 0.9436688594485135
4938.868741743485 0.9821701079552824
5356.158531696003 0.9829791909573612
5694.602225951178 1.0992564928983435
3957.1210321395874 0.8132393461552175
4704.166531895166 1.1304495571485382
5147.188414608604 0.966226232978793
7893.390306288145 1.1737030292469905
6031.0160452717355 1.0053275341264873
2778.306774100446 1.1643754006622167
5308.338697372973 1.0100742550949944
