6 100
0.890265270094314 162.571688783975 542 86 75 70 69 81 77 71 63 66 81 80 75 84 89 68 75 76 79 90 91 71 85 72 69 79 68 67 96 83 63 86 66 82 72 63 76 81 78 86 74 73 77 78 94 83 84 92 96 98 63 95 82 71 73 81 86 79 82 66 81 79 66 63 69 95 64 84 96 74 66 98 66 74 66 65 72 91 86 90 97 66 69 96 86 67 65 73 68 61 87 79 65 82 64 64 80 75 92 97 94
0.8333155406296403 175.1634251139276 586 78 75 60 72 89 77 64 99 75 70 60 76 71 97 82 82 82 85 84 77 67 86 70 73 93 89 65 71 61 83 82 62 89 79 92 71 60 97 63 77 82 61 79 94 89 84 71 64 71 65 68 60 97 74 80 80 70 88 81 70 88 88 99 98 60 96 87 97 97 87 70 87 64 94 93 64 71 67 82 72 85 87 72 65 86 84 69 94 77 81 81 93 71 77 89 70 79 68 85 89
0.8152634215040612 128.4136267678875 645 76 76 91 97 77 93 86 73 67 75 71 95 64 79 84 68 97 79 84 61 84 72 98 71 99 63 64 81 62 71 82 75 99 79 67 76 68 85 97 66 77 62 64 98 84 69 94 70 80 88 81 69 68 73 97 88 66 62 61 94 86 99 80 94 78 78 79 91 76 88 81 67 76 79 81 85 88 89 99 88 87 94 82 82 60 69 80 73 86 86 82 81 97 91 84 66 67 96 78 82
0.8916365170883799 132.75012784904115 714 63 93 92 95 60 80 61 97 79 73 66 75 66 83 98 85 70 70 79 88 74 78 70 89 85 82 82 89 79 68 68 86 61 77 66 64 95 81 64 82 83 87 72 98 70 97 97 68 72 71 76 68 88 62 61 60 84 69 96 72 93 66 74 76 76 72 60 83 64 67 88 69 62 76 83 85 65 84 70 71 95 68 89 98 71 68 69 85 77 87 80 84 77 94 97 81 99 69 90 65
0.852839145080388 155.13986984739836 847 66 84 85 68 82 62 98 71 89 60 86 69 69 60 76 92 63 77 70 84 82 99 75 66 84 75 93 85 76 80 68 61 85 68 90 89 67 89 86 98 73 85 78 67 93 68 97 90 72 76 64 98 98 91 75 63 98 88 65 64 97 66 70 61 61 68 98 68 77 97 61 78 75 91 61 85 99 72 77 81 77 65 80 67 89 66 74 65 72 62 97 98 61 63 87 75 89 79 61 77
0.8766437691481851 140.87954980234892 932 68 69 62 75 60 90 73 94 78 61 87 71 88 89 62 78 91 62 97 94 86 92 76 87 64 90 89 91 70 77 99 92 79 98 67 60 77 78 93 93 76 68 97 98 98 79 77 93 70 88 81 67 92 65 78 60 67 64 79 69 80 79 75 62 91 92 94 78 80 80 88 91 68 86 74 95 96 77 92 67 98 77 92 70 94 62 60 95 90 62 81 62 77 94 93 69 84 82 84 78
4035.0810943205406 1.0154064418486477
3373.5120827976593 1.1072296974231732
5806.384282435897 1.147413466524632
6405.7418728722805 0.8162402758876588
1259.3271951287684 1.1311317966000347
5335.070882010013 1.139831704919367
4536.483131534656 0.909318247218148
5197.785739500026 0.8574843683366639
5796.374914710584 0.9874639759650278
4107.526932762502 0.8592569492034158
4006.3146253645436 0.9425838893968278
4887.17838499048 0.9497550741897614
5623.601707494445 0.8569932388080164
5028.220078679137 0.8947265100592529
4973.540647203374 1.1882121162937795
4334.740215983709 0.9355147148886462
2550.210412019237 1.0645412024139256
1954.4394717779019 0.8591954278847191
5068.422376178343 1.1269911637370655
4565.378903764253 0.9901509242338867
4974.2915532042 0.984433246331636
2777.0912211145333 0.9820963474889947
3856.1343417793696 1.0128243591495827
6998.571499539739 1.117499558055386
3352.597892175195 0.8788227084048383
4148.299484653303 0.8979036510888004
5379.058027202354 1.077738075429817
4833.9613666211735 1.1096692983737084
6289.874149774154 1.0159682708064075
4809.875425486 0.8685008615109318
6675.633658495471 0.9276993059940681
4741.687274895093 0.9739798496640946
3777.528038936162 0.8516914397191008
5456.738233591421 0.8115988745679639
3261.979569495049 0.9703703951023361
2098.2018910548722 0.9996194236888158
4702.239309934273 1.191051671815521
4412.264601046123 1.125121896833695
5038.521570755429 0.9825420388988182
6042.693687058843 0.9326427421087713
4455.1491513233705 1.17963483636107
3773.0797689685887 1.1116667728055372
4722.77864641467 1.0888484618375438
3505.4755014264942 1.1000662357183482
4729.398226311058 0.8798088037843587
5223.655600603266 1.055093970363631
5812.989593029396 0.8524183579937004
1794.7042949107781 1.0142201335077772
4165.2394476189575 0.9325024080015685
4367.4245157422365 0.9868280153072554
4397.1167714260855 0.977782833284206
6873.70833591031 1.035703490288011
3100.030343806452 0.848062741509286
2945.103519334073 0.8398168185018559
4067.617733679319 1.0694105260905364
3074.714692094125 1.1598031256582715
5553.0276998515665 1.106281999606313
3612.1796651897375 0.8332295966042464
4944.67185197909 0.8277017464972821
5776.598504850319 0.9479751613158398
2534.867358273012 1.0649429124254426
3583.8756032924916 0.9329927841969594
6606.173807649616 1.023317494511643
6521.815285512136 1.144812245974727
4455.973598065437 1.1165056273560463
2668.5684243824453 1.0308969640020629
4896.694208008824 0.8847978380722795
6012.151836221202 1.1502566361186366
4947.636977001383 0.8607026208678521
5654.825541427606 0.8113927564676378
2082.2790295944087 0.9651187714703318
5893.2313438502715 0.9518725408183171
5161.651440264014 1.1886470434776815
4645.387288836029 1.1131327668174706
3229.5917435052124 1.014687755518575
5520.907407568087 1.1258036313600592
6936.690464383204 0.9702776913238235
6332.455502948706 1.1926608081035723
3676.869573894676 1.0491407381717597
5595.808090914329 0.9097695647169893
5567.354203362865 1.0935633990407578
2846.339326213252 1.1219282212096695
5984.858267879692 1.0076704734395117
2587.2995447498447 1.0509417854217835
5073.830535925588 0.9679268895638247
4138.1960980335925 0.9377548804844578
6630.701921725027 1.136245205678483
4944.8230922179855 0.871066480147824
3889.260025140337 1.1866198952845253
3506.6616385006823 1.0624307322237303
4503.043865840965 1.1378395144915088
5219.087069995082 1.053147789145742
5723.685133863846 1.1579062422673543
4926.2274530301165 1.1352934705296807
4238.506522891404 1.1545396161839712
5886.195821991621 0.9320719613852319
7599.893367671137 1.1369884569018844
6434.919033416698 0.9925633985590788
4898.306550251592 0.8176164399319976
2997.1354761211014 0.8273878343329791
