6 100
0.8439808293495291 140.02887632385685 721 73 62 81 99 83 60 84 83 88 65 73 77 95 61 62 86 73 77 94 84 65 71 94 92 80 70 83 92 79 80 74 81 83 95 92 73 78 79 60 81 83 60 84 86 61 94 74 94 70 90 80 70 69 74 96 60 85 98 72 72 68 62 78 73 68 79 84 77 67 62 73 91 60 95 82 94 97 80 95 90 93 86 68 70 79 67 80 98 69 91 78 81 78 93 63 81 83 86 77 83
0.8126782586979974 163.9899057832161 813 60 90 99 73 87 68 95 86 82 93 87 61 97 72 77 89 74 98 62 63 96 80 68 69 96 91 76 74 96 89 69 81 79 66 74 76 97 63 74 82 85 73 76 97 84 65 72 69 64 62 90 71 78 71 79 74 99 88 64 73 68 96 84 70 71 86 64 93 83 97 73 92 99 90 74 73 89 84 89 78 80 92 68 92 90 79 77 63 97 63 98 94 92 98 87 83 69 76 81 62
0.8787165418304286 127.33894963826071 861 63 72 62 97 91 66 65 69 71 99 93 97 79 89 62 66 97 68 93 73 65 63 87 84 71 60 64 83 71 61 83 61 91 84 86 93 61 87 97 74 95 69 91 87 91 73 67 75 68 82 99 88 75 61 96 64 63 75 72 99 96 72 84 90 82 81 64 79 80 67 89 82 67 78 85 80 82 77 80 77 77 75 89 88 67 96 61 78 86 73 94 98 91 82 90 62 74 67 69 64
0.8489451635248857 140.16959562451777 909 92 82 79 76 61 87 75 63 77 87 87 92 91 98 92 71 92 98 93 92 67 94 88 70 85 78 85 96 81 95 91 89 60 73 94 65 87 76 70 70 88 91 90 61 97 69 75 90 66 68 93 88 83 80 99 94 67 95 71 96 87 67 79 81 68 93 60 73 94 72 98 79 79 79 63 97 79 80 94 96 71 96 65 92 98 71 62 78 60 81 92 61 88 94 84 69 72 64 84 76
0.8224044741258103 175.36617829325007 921 84 82 94 98 60 86 76 90 77 63 65 87 91 81 63 80 90 94 63 79 93 67 64 99 79 72 82 76 99 82 98 67 66 82 77 69 86 80 83 68 63 97 92 94 68 73 93 90 99 64 60 69 97 88 71 93 97 72 64 91 99 63 84 97 63 70 70 98 81 82 89 68 92 65 82 77 85 75 67 91 79 86 82 68 83 73 63 97 98 69 72 85 70 96 97 94 95 88 68 95
0.8962326946656858 139.37374986767819 985 70 80 66 70 93 83 63 75 80 74 66 81 61 70 97 65 60 93 93 61 82 68 66 70 91 87 99 94 88 86 93 75 60 95 83 81 63 79 87 71 62 74 95 62 70 73 61 75 68 73 61 62 71 94 72 73 71 96 88 78 81 91 83 68 92 69 90 95 64 96 89 91 95 85 60 63 83 84 91 64 97 80 88 78 93 70 90 94 77 97 79 64 86 64 63 84 99 64 87 72
5187.089690905051 0.8331847070614689
4979.396227777754 0.8510366242154599
6050.2510100717855 1.0350076185137158
4733.487943567901 1.0646303298150053
6056.5232230809315 0.8759384802482753
4067.1349831176476 0.8453800841757152
4843.297815289493 0.8958853893618733
5158.883793529466 1.0550627027965627
4200.380582280743 1.0641658496063242
6701.293719377128 1.134138704294598
6149.155525889137 0.8421386053670665
5725.13389837873 1.1706531186721432
6367.288773466502 1.1326246721054258
4036.0183963761365 1.0290207408123189
4353.522581836616 1.0006996073277241
4524.714784719031 1.1116877546073303
7439.395751293609 0.8022140090825095
4297.198782299493 0.8609455895714696
6395.594598553094 1.181036524901203
4398.879681393469 1.1389218563034111
6128.175632750976 1.0273060350302234
5849.379204042056 0.861152506020866
6708.430695814897 1.0082678439644144
6420.635531845068 0.9178910997724747
6493.771232536555 0.8904997664182067
6454.0773093261405 0.9710948591590326
6229.7114829442935 0.9043060594781009
5653.196323838867 1.1858693561513711
6360.820203998704 1.0641306903064238
3501.4061121431178 1.0856447857897114
4786.459473839723 1.0101193427449913
6564.16946884369 0.8961090604546564
6090.047205121435 1.1239999473694253
5685.048823746919 1.1972617545922217
7478.239531146863 0.8479777742435575
2047.5150213099068 1.1495921554290316
5650.291360450728 1.1416135010677677
7793.256942967588 0.9417293366035643
6886.085782422942 1.0552615896309823
5120.38710646485 1.1463490029260033
5712.959289568123 1.069984355148782
4421.924118213813 0.8661101152336352
4675.70164294286 0.9851800303450174
5479.2717093535875 0.9248046039583925
5240.590693202213 1.0073515709539256
3772.112835790216 1.0110406603076105
6059.592403165467 1.133246041222284
5639.697777087991 1.159364014428796
5428.30967156201 1.1868042484885701
7061.36986423068 1.0576843401685536
3045.0595184318045 1.197632016694589
5928.244585083216 0.9723433939575734
4875.319421776514 1.1326360172028171
5916.979826013946 1.004933568621847
1778.5808150048942 1.1979146042005406
3993.305696499343 0.9841687654277629
4926.926680392833 0.9932063637885884
3729.3942825269833 0.9145373783255978
4041.302017641613 1.1463981920130477
4801.166440704479 1.0543844901449793
4935.3197455579075 0.8591019668550836
4178.172831823829 0.8627003583189665
5303.775265879598 0.8935275505447167
6491.052594616785 1.1782930111783134
5235.97443990102 1.0920444871617156
2774.180144287218 1.07848950917796
4937.70189059416 1.0457498835863739
3258.414176573002 1.0431784292065274
6454.057779302904 1.0336460035022836
6388.9241420126655 0.8747973920535892
7043.43919141078 1.0422316985603761
5410.259951360076 0.8049138776672629
5939.394718081511 1.0015826436244943
3796.5705088672903 1.0508092725264966
6001.730785171818 0.8993247199773279
4819.615278269998 1.1356168356810576
6358.9103842794675 1.0000525784214633
5705.855926906556 1.1986649910182021
3636.4329702522214 0.9258962090100707
4954.549314935068 1.0037676302593583
5826.720440791653 1.1699438822885262
5945.288191475694 0.8884606932189822
3628.1641084287758 0.9854559790979862
4704.4902550505085 1.0611420342231042
3226.259710129527 1.06546893816397
2681.6971183489077 0.8069470769606539
5429.928765069623 1.0847192621529875
4259.667222802651 0.866468312865079
6020.916751876082 0.8819787447892043
4169.6101088447 1.192754582379465
6533.442832064571 0.8283265906998549
7062.737415849274 0.8531580013120653
7087.769389464589 0.9659924307517017
4904.6107952799075 0.9233019179451725
4588.482916541837 1.1609821244259186
4154.291796621702 1.1112275400738978
3875.442092011398 0.8695006880262688
7994.991924037584 1.1598870089582536
3365.1087088711547 0.8287941491631907
6431.314714685282 1.1812404808327888
