6 100
0.8278661329115433 160.79422324646293 509 94 85 64 90 88 65 98 96 64 82 82 66 72 67 85 66 61 72 82 81 89 82 79 68 90 83 65 69 70 69 78 65 67 84 88 97 99 70 83 93 73 65 64 80 77 97 65 80 90 82 68 61 72 80 78 79 82 90 60 97 95 83 63 91 96 98 75 98 79 81 62 78 96 99 92 76 96 93 66 63 92 91 83 72 71 62 74 78 96 94 98 64 75 72 91 74 82 96 93 95
0.8725297629940452 142.32586807998817 512 71 84 78 98 84 83 94 68 78 76 86 72 68 62 84 81 97 96 94 92 79 69 76 78 70 91 88 67 65 93 66 95 90 80 79 91 77 79 90 95 71 71 89 98 89 68 74 92 91 65 76 79 89 90 66 65 96 76 74 94 64 82 91 70 78 82 84 71 83 97 66 65 70 72 70 95 83 97 90 86 88 98 70 87 97 97 79 78 96 91 99 66 82 87 82 69 99 93 97 98
0.8577303953132859 178.21369722887766 606 70 65 72 90 60 91 61 65 68 78 86 91 68 98 81 81 80 74 68 90 60 95 91 68 81 82 93 74 89 87 62 85 79 62 98 80 98 92 94 88 85 64 92 96 83 95 93 99 63 75 65 96 63 73 81 85 89 65 89 98 68 60 85 86 81 87 70 62 80 63 70 80 62 68 87 94 91 67 74 71 64 88 88 92 92 62 72 85 97 67 84 83 75 80 77 77 60 77 80 78
0.8103568069463689 165.4915997804737 611 80 97 78 81 73 73 87 99 75 82 83 98 81 92 97 93 91 63 73 68 65 85 71 81 86 84 83 91 68 72 67 83 87 92 61 64 76 61 73 82 65 94 85 93 86 83 86 70 79 62 86 67 88 77 83 63 99 96 72 78 66 69 66 93 68 71 62 79 95 76 96 74 90 99 92 83 76 66 98 82 72 78 71 69 84 70 99 65 69 77 77 78 91 71 79 68 62 71 67 79
0.86534260055104 126.99578085515154 859 96 84 73 73 82 98 85 93 67 75 71 80 95 98 98 67 78 79 93 73 80 97 92 70 62 93 73 64 60 86 89 98 97 88 91 86 93 73 98 77 96 61 83 86 99 87 90 88 98 95 81 68 79 95 65 60 71 80 95 76 92 78 81 92 86 77 87 80 89 90 93 94 71 77 96 68 66 92 91 66 97 65 83 96 72 86 63 81 64 70 95 86 61 84 69 83 63 97 79 74
0.835597422433686 123.54851098201922 985 93 60 82 87 64 93 92 60 93 96 73 65 73 74 71 79 61 74 85 68 65 72 76 92 97 96 92 87 97 72 80 92 91 68 98 70 69 88 97 74 63 89 95 88 69 82 86 72 80 95 62 83 96 72 95 90 62 63 85 78 82 66 80 92 64 98 65 76 81 94 88 68 93 67 61 72 61 96 79 68 73 62 70 67 81 92 78 64 66 89 93 71 99 70 68 98 82 77 82 80
3611.3816872113057 1.1052820060245094
6059.161057356028 1.1162973175816795
5618.112889360988 0.9818552184200475
7430.0724365217675 0.8200374144046569
5564.737266757004 1.1020141712138323
3559.4321648998093 1.0293337593161553
1891.4753126791143 0.9196164787195442
3912.804775959566 0.8846407283749673
6526.015611390058 1.0710119425781326
4309.407817029705 1.0815924829550512
3945.7338229675684 1.0399758361537335
4368.3605967434 0.9444061199002907
5545.032680987619 0.8841457884022486
4583.098916178914 0.862512629350521
2678.022301115052 0.9467014621535362
4704.88854311618 0.9054302342331025
7065.998347707802 1.1134730672588167
2357.023612202176 0.8758466653436245
4898.6465956781985 1.1557093593649372
5685.158986667439 0.8982642333740772
5500.82830596658 1.1100286170380458
2870.219230295399 1.145133936506172
4867.4944561916445 1.1608377200958522
5829.215449099043 0.9122735969437622
3326.2922385557144 0.8290621449188909
4979.2189246394155 0.8175228176045283
4913.227435522404 1.1546621874090781
4628.124678818201 0.8688095876464614
2629.275179884301 0.858346710817042
7432.917730044619 0.9347833995731787
4723.983629086277 1.0180305705944603
5734.702797719746 0.9167018243194802
4746.190256475437 1.1706751966875628
5487.138298001863 1.1242289257084834
3239.026088621198 1.1749665750457412
5621.202263027933 1.1650324116492103
3713.602881880238 1.1205119491906843
6027.901265110458 1.0814008205206271
5668.445518467421 1.075681045263026
5004.473780482965 1.1256366208004513
3142.485012415229 1.1247099015515885
7342.613879001199 0.8218771923719096
5444.055391870041 1.043784123973936
2692.071622018847 0.8654932148699416
5475.051082232812 0.829873987090065
4038.6320172780015 1.0568073234246198
4532.977442435723 1.0654455121537685
4267.529969849517 1.1954146302517856
3227.1806490926406 1.08409650159558
4915.169509861323 1.1702599821988868
5276.9088123771335 1.0334438415835707
4800.858921678331 1.012713261497548
6429.39456843731 0.8850322484289903
7768.470640011314 0.9356457149433446
6531.64236063395 1.0374311608083222
5030.664186754123 1.0785159677218261
5056.0409895902485 0.8652088845161029
5661.9430888152665 0.8570939812006331
2618.0316199688104 0.8715157108956009
4856.300601256316 1.0401996989950146
5011.929245261843 0.8026724894696036
4049.4614635253615 0.902475054537542
4654.2955024331095 1.0047898601719556
4914.189872397535 1.0819877292522224
4609.647805702322 0.8016809031842291
3928.3386031729074 0.8050627280981455
3383.996859873556 0.8336576464059223
3883.615572007505 0.8065795175141137
4325.634336394084 1.029603890319571
5616.095707366037 1.0403552931350064
2144.792942377098 0.8770909625087776
3730.8746712317234 0.8978521469062671
3221.7279486717316 0.811892683651295
5597.04638851179 0.9784857226898099
4752.831211119586 1.1428443581339303
4538.205764737312 0.8160812902945462
4472.918395845525 0.9264204593395986
3921.598837372834 0.8223163797727853
3555.129240119651 1.0174522662990206
5973.532422342206 0.8233083744615135
6060.713694597488 1.0923343718784224
5530.713239137834 1.1977376647473292
5742.7659989515105 0.9305819204649365
3841.2553021868107 1.0074170555485977
3718.379005070481 1.0200931532903794
3549.1105719945804 0.9073603836021241
5268.807591182824 1.1721601075464538
3339.077180434596 1.1559719445360654
3898.0785514006957 1.0078751064623008
6051.926593592598 0.9346665807218107
5135.628053075749 0.954324461805806
5471.62026840464 1.1671704487987664
5993.567949122607 0.8297055261175844
6009.422340914356 0.8258169225725531
5584.704265706299 1.1764998963836621
4543.761512543973 1.0331199063089367
5789.487916869026 1.1836493316381393
4470.400315307739 0.9004203191765673
5540.45766788817 0.9376225905567558
7368.286894460014 0.9259213401878288
