6 100
0.8371671945214678 174.29238318176638 546 89 83 83 98 68 69 88 92 78 84 87 88 84 73 83 85 70 87 63 74 78 94 63 73 92 72 84 69 79 78 70 77 67 73 69 69 62 87 77 77 70 90 88 63 65 73 84 79 82 85 94 89 73 93 81 92 90 69 81 68 66 89 72 77 64 69 97 64 84 88 91 83 68 88 60 75 74 78 70 88 64 63 81 96 79 65 70 69 61 65 94 80 84 86 77 71 80 76 85 69
0.8585655441618206 139.60252813373384 593 68 80 86 68 88 71 78 91 97 64 90 64 60 61 94 85 60 66 70 99 96 60 62 72 79 68 70 85 87 72 92 66 68 80 97 95 82 74 77 86 82 95 80 60 85 82 83 92 90 78 77 78 62 95 70 91 75 62 75 95 66 86 81 95 94 90 64 64 84 81 95 61 88 92 62 86 87 61 94 81 87 82 64 80 91 97 91 79 95 91 76 98 88 98 95 74 94 83 74 97
0.8932121856521041 160.6514459594062 606 94 77 92 93 70 80 78 78 64 86 81 69 74 94 84 95 66 97 96 75 86 68 73 72 71 60 93 72 67 60 77 88 73 66 79 89 65 89 72 86 70 62 68 70 90 95 69 74 73 93 88 63 88 60 63 97 87 99 70 76 65 75 76 99 80 65 76 88 76 61 71 71 80 68 76 94 87 77 83 98 89 73 68 69 80 94 62 85 82 65 77 96 69 94 98 65 99 63 78 64
0.8271059819300403 174.30175688056022 804 74 77 82 76 72 97 66 95 67 93 68 65 76 96 78 65 84 77 79 80 63 69 76 84 76 77 88 81 86 68 82 78 92 82 91 95 61 69 75 86 91 65 81 71 71 84 71 66 81 96 83 96 72 75 86 74 76 70 86 77 85 97 72 89 72 70 86 97 72 60 95 66 95 77 78 99 98 74 64 99 68 76 73 88 83 93 67 73 90 86 92 67 69 86 71 74 85 81 99 65
0.833058597860494 132.91763500000724 893 88 76 87 75 83 74 92 63 80 99 83 89 60 65 63 69 75 81 79 65 79 60 87 90 74 87 83 74 99 89 64 90 61 75 77 87 68 88 83 94 77 81 83 77 75 64 63 86 67 66 90 93 80 85 70 60 99 74 96 69 79 73 63 72 98 75 72 72 79 70 94 62 91 68 68 79 78 83 84 75 90 68 88 95 67 81 93 88 77 95 97 67 99 82 74 82 72 66 63 94
0.8124353974830142 147.3955476703518 929 64 89 86 66 68 73 91 71 79 63 78 69 89 86 63 60 94 66 97 65 92 73 94 95 95 60 67 99 83 84 92 90 90 82 81 63 93 93 91 60 75 61 71 88 79 97 88 82 81 99 72 63 60 96 97 62 69 63 66 94 78 85 64 67 85 86 77 92 79 98 79 80 98 91 78 86 72 68 80 97 89 70 97 79 78 73 82 63 62 73 65 62 80 97 91 95 98 60 71 96
5045.306140747703 0.8457104247800897
7951.113650016771 1.0190113232248643
4901.904001048947 0.8271351215560143
5269.946806748412 0.9655401304497628
2392.1415479220245 0.8242227280914188
6688.733049880062 1.098472621335354
4901.933924101477 1.1991057005743095
2482.908442388719 1.1638157209873272
5014.547752649642 1.0892509238324088
3940.585286346852 1.127125789474849
3586.996589795006 1.1953934649263798
5817.1849405775165 0.8424485869915319
5020.6911513076275 0.9297956505522993
4762.73486996152 0.8724472194487032
3530.936742923615 1.1556946054584258
3935.8552239539554 1.0782432940537579
2937.2046016908753 1.008790660229341
4450.8985712735985 0.9887723358674669
4063.1902737264522 1.0915081715652022
4986.54707033833 1.0605411847630035
5656.4257481708755 0.8099931393058544
4019.7928415094875 0.9140673364262627
6845.3704589741865 0.8447169316837007
6452.64395607834 1.1840864368133401
3203.786010553401 0.8197205265361748
5707.899209699063 1.1707001872151719
3413.4458869837863 1.1800346452454795
2473.6465461238213 0.8990476574464044
4960.724109074007 0.8917184182708366
4928.7815410614385 1.0082821275136913
5744.4548823225705 1.1069815837863528
3673.3070136774554 0.8375641918301133
3215.052725378566 0.907394935054405
3527.9656424528434 1.1375393660097595
5547.112746958928 1.0087506949903013
3093.779590076043 1.1529513134810878
6096.604463433614 1.052203801481214
5618.953308034501 0.9666180374042694
3530.2885353502606 0.8776043177454188
2170.8880756154344 0.8727393173069384
5544.071671162023 0.9109920644647588
6016.69806718478 1.1920136201441682
6635.090398600503 1.1530460794972215
3529.0750719381563 0.9305036974043132
4955.918266073517 1.1279308166838704
4971.0645149147595 0.9211548359945949
5230.840858499105 0.8208460828789916
4281.225532767086 0.8425932451833723
5303.699585005936 0.9380738909661706
2166.7675952830805 0.8673251884780445
6481.563517744933 0.9631297695557305
4122.929032886083 1.03041871303411
4619.145117203344 0.9372817862605213
4156.22377628814 1.0945001378826267
3889.5124919127434 1.1882568565625695
5495.552913185722 1.075904908434566
6032.644512295694 1.0537637931999495
4850.23828156324 1.184858514006506
4448.592073642759 1.0923990979043163
3689.18556996411 0.8437733161349952
6784.826926796742 1.0595015366539422
4753.4597505529555 0.9697289159313072
2018.1938570420843 0.8818309930597603
5288.799581409026 0.8458459873351545
4536.03840761611 0.9344398812741066
7786.252239008994 1.1279708387470846
4336.990914712927 0.8427870800327358
4880.241910635814 1.0177905232867785
6218.811583918612 0.8747904485680893
2265.4197568593468 0.9661938992060041
6021.313624779811 1.0184085709305166
6113.026421784744 1.0490078979256852
4457.475984585994 1.060733530005594
6631.444211623972 0.8418110752483217
6857.920886268329 1.1969516566525051
4712.682266799166 1.022276911864231
4667.074898574711 0.8768597163580796
2226.94253693522 1.0844907132898427
5667.170909936984 0.925573758098375
5156.019499429044 1.186276131201624
5221.981167396269 0.8000287454772346
5132.857707517907 1.1755427917619556
4485.079538517831 1.123627802155145
5979.229737515604 1.1976817076786643
4347.275931880969 1.182679392939453
6052.513750240863 1.0217643325031747
4895.385539319032 1.1503773528067827
6508.763513581354 1.1728525458553447
5765.296564383212 0.9699663593490854
5850.513575515078 0.9779753066449606
4266.6854750856655 1.1970936715867537
5305.139463306392 0.8806241334337108
4129.844839168796 1.1764070009812504
4219.4735748525045 1.0078219714281123
3838.4275353364665 1.0824252190634334
5400.329006960055 0.9222418748156267
4793.467464028298 0.8693257602342076
3309.509284869944 1.164456007296899
5669.632112140971 1.1819540213616953
5615.013142239572 0.909404865347998
