6 100
0.8030198053836121 129.10339909727077 529 89 60 70 74 92 86 72 70 66 69 87 70 65 78 78 64 63 79 89 76 66 73 65 71 71 61 88 91 90 96 72 63 91 69 68 76 67 80 91 96 81 79 62 83 61 87 70 94 71 94 64 71 86 95 82 95 66 75 76 99 61 97 84 97 78 76 91 99 61 85 71 89 69 80 66 68 65 87 85 63 93 99 97 92 60 61 67 79 91 92 62 77 75 64 61 78 91 81 90 60
0.849076330768046 178.4670833011246 562 99 97 84 86 89 68 60 81 76 69 68 88 99 91 87 80 92 80 69 90 91 94 93 71 84 66 69 98 61 82 76 71 68 79 88 93 64 97 62 63 66 66 75 98 82 95 78 79 99 85 73 91 78 65 89 71 63 69 99 66 95 64 84 70 60 72 98 98 78 99 74 84 61 64 92 94 68 86 72 98 89 98 77 95 67 72 64 73 80 73 88 62 71 91 85 69 96 79 93 68
0.8411994489566894 139.99753298278821 648 69 88 83 72 75 67 84 69 69 74 96 93 94 63 64 91 91 86 75 68 81 65 85 64 87 70 64 66 75 88 66 81 89 82 91 70 96 98 70 97 62 86 92 76 75 77 72 67 62 88 86 66 68 65 61 81 70 92 90 88 89 80 67 84 81 68 71 70 80 71 95 80 72 87 70 67 90 77 62 71 78 63 88 76 75 93 74 98 87 66 73 60 99 76 99 72 64 91 69 84
0.8764999726093655 170.99561851500098 711 81 70 67 62 89 62 85 64 78 95 79 78 88 95 74 86 65 96 98 77 69 64 71 67 97 75 73 82 64 98 78 64 76 87 91 63 74 80 87 93 84 84 88 63 90 98 60 70 92 94 83 99 83 61 89 78 73 99 64 78 98 73 99 70 91 68 76 68 75 88 63 89 76 82 79 60 69 63 93 65 82 89 69 86 73 67 79 76 97 60 86 94 95 67 86 85 89 79 73 85
0.8258340153930783 142.02294296778337 846 82 91 90 61 87 94 88 96 84 86 74 86 71 81 62 88 63 83 83 89 73 81 94 75 72 60 68 86 60 66 98 89 64 78 66 74 86 96 83 66 90 76 70 77 78 95 91 78 98 93 66 87 61 95 87 75 79 67 65 68 81 74 81 87 82 82 98 91 68 69 97 63 89 71 71 66 77 65 69 71 60 84 74 99 71 65 92 91 78 65 61 61 81 92 67 86 64 90 93 81
0.8599684237915144 165.35451935724626 953 63 66 67 74 85 86 72 75 81 60 70 96 94 90 60 86 85 83 64 85 66 82 68 71 98 98 64 96 81 80 60 77 87 61 83 95 68 93 69 99 85 70 73 78 84 84 89 72 98 98 77 79 86 67 98 62 62 65 86 84 92 61 70 61 91 63 97 78 91 82 98 78 89 71 71 65 76 81 77 95 70 87 81 97 87 72 71 73 68 91 73 66 62 67 83 75 62 70 84 93
4623.483193458132 1.0409812088739252
6327.176959488473 1.1165313968500694
2774.3243887782824 0.9314574587609588
4538.892866555776 0.8994662595069804
5602.159734372488 0.9390117256138143
5822.020608191183 0.8238440950078736
6882.647126979309 1.0493561447609399
3699.5984224338 1.0934533384620593
2176.0291114728852 1.1650395094784836
3940.237510596246 0.8535036587188644
3956.588462365761 0.868812750568469
4757.652680608582 0.9462819991338438
2989.393766976406 1.1290606478611567
5304.215039042425 0.814088002012479
5365.699535605921 0.8755910092974457
3470.056303095333 1.116974516449921
3698.2714882909377 1.1434095347554722
7091.57208592284 1.1646092010461162
3673.592177921166 1.1583398521991515
4951.54206418985 0.8929686601672909
2799.217197904638 1.1921936770559562
6146.865229669715 0.9489290000031588
4187.9489316076 0.8628454600208266
4135.504973330841 0.9343469131067169
3556.204901446633 1.0706244118887538
4585.500246507082 0.9010725846274128
5010.444275319239 0.8024143058204125
6401.820413928515 0.8548669672593627
4110.336380237981 1.1767232856600873
5413.8442307161295 0.8547747425103307
4493.257151367731 1.103180380317522
4089.414557676627 0.930078275952838
5713.865294841079 1.1507244188128338
4932.816316487273 1.1165325861725968
6100.6733895785055 1.1324146416860308
4265.334279221521 1.1134510058819587
5901.419652667695 0.9151735396650077
4654.111935777379 1.0944749797518223
4332.3469634325365 0.870414403759874
4849.884135623409 0.8862205813471765
4313.841232775348 1.1615645746666183
5388.753028339737 1.0601174536227789
4947.441578463142 0.9022764205645951
1724.465131559255 1.0378279018619196
5701.179807506626 1.1863464800594177
5240.709146822119 1.1900796856124307
4871.182487171496 1.0451810415970988
3976.759403968078 1.1205939845493003
5983.731455259089 1.1427849368171548
3142.718438087373 1.1224579446609124
7828.231142098165 0.9106745917747406
5267.616277574138 0.995585468639603
4750.605941786529 1.0304574142865215
5460.054047182432 1.1640476812093843
2284.278525087063 1.1490724479656464
6309.303590105383 1.1206787387609114
3524.2198844227833 0.9226967457050441
6113.012496303143 1.0266961434353936
5528.964049127423 0.8988467423012688
2980.688028941798 1.182264090910591
4177.3248010993975 0.9566667262686719
5377.452718406807 0.8938838288857074
2345.5313381110896 0.815663711756673
4318.071640899539 1.1116774563771108
4513.199970561905 1.103649729605553
4187.041109357295 1.148730198695457
5518.434955393756 1.0894461580081898
3775.801158933772 0.9592168609264043
5219.3632052590165 1.1642226433960148
5472.747408243634 0.8358190496773086
3037.4777114228787 0.9917078707971352
4257.960611584223 0.907742352635818
5363.459767246004 0.9169868687475917
5590.752330843213 0.8415403259720159
6668.234820031889 1.127136411878523
2889.6886260981637 0.8442297080080597
4529.701380700762 0.9007841707760503
5902.551562713513 0.818308364639909
3433.7683550046822 1.0522454555273968
5252.761770619674 1.1311662963409512
4437.6711305447025 0.8826293024845457
2797.027051592233 0.8623765182821848
3874.03376902223 0.8962387965138493
3399.094309090682 0.8889197365019339
2449.52531481412 1.162286300477117
3220.081450149244 0.8823584874752907
6460.22544191423 0.8429810595667617
5973.588666255989 1.157360742384188
4610.286076511408 0.9559570576261749
5075.542705841349 0.8932821282624334
4764.478091952548 0.813962700602229
4321.278085744183 1.0133417190181682
1876.369213575961 1.1422025664227329
5623.718502376437 1.1133168426452766
5209.98246308336 1.0024058364131814
5371.970457000853 0.913980777964981
3315.3137930796506 0.9572837708405322
3777.884737886594 0.856682626145077
5939.646217493367 1.0929923717758299
4578.453965614945 1.0031740857863811
