6 100
0.8541966075119746 159.31816814845052 504 66 75 74 70 96 79 65 80 92 72 79 73 89 90 61 76 72 74 84 97 65 98 94 89 97 97 72 68 70 86 94 80 67 86 95 65 94 89 75 98 93 91 95 92 90 85 73 63 66 79 61 98 75 91 90 91 61 93 61 72 65 87 84 88 77 98 80 81 94 82 79 83 97 89 81 75 64 70 64 64 94 67 80 71 91 63 89 93 72 99 72 95 99 67 69 84 85 88 88 68
0.8557518713973371 163.80688663582566 513 78 86 85 63 89 74 75 78 68 82 76 66 86 95 88 93 78 89 72 69 60 74 86 64 64 67 91 92 97 99 89 66 91 72 69 69 99 92 80 88 94 75 80 69 71 60 93 84 80 92 63 92 81 85 96 78 62 69 71 88 78 60 74 71 85 80 82 87 61 86 97 61 61 66 87 76 77 89 71 76 79 60 68 86 87 60 62 99 83 60 62 63 70 81 62 76 96 92 68 63
0.84097080909216 170.51909447694945 534 68 70 95 89 85 68 64 66 82 69 91 88 67 68 84 80 92 72 64 92 96 91 93 90 73 73 86 71 93 67 61 87 77 83 69 75 76 74 78 83 64 90 96 91 68 72 84 97 84 74 88 65 94 86 66 90 89 75 94 86 81 90 95 63 98 80 69 81 87 83 63 68 63 68 70 68 89 90 92 90 89 65 96 71 62 94 76 91 80 89 72 78 94 70 92 99 63 78 78 96
0.8703317991423025 148.79067131049223 557 94 69 79 94 76 92 82 83 84 72 92 68 63 80 65 74 91 84 68 99 62 90 63 95 73 99 63 94 97 87 72 68 80 73 92 60 93 70 77 68 64 68 78 89 72 63 72 68 99 98 70 66 99 67 74 66 85 87 66 92 93 79 89 70 99 81 60 75 84 79 98 65 74 81 64 94 96 93 96 68 87 61 69 70 73 75 71 97 81 79 97 79 86 89 86 73 64 63 85 81
0.8386027820854756 130.464130205306 790 87 93 98 81 70 89 72 68 75 93 79 91 99 94 68 76 92 74 78 62 66 67 89 77 99 73 71 84 68 89 90 85 96 88 94 92 98 88 75 76 90 90 77 73 67 72 75 75 76 69 91 69 61 79 84 69 89 89 61 69 94 69 74 80 83 96 60 73 70 98 93 68 97 62 61 96 80 65 64 95 96 87 74 64 88 94 69 99 60 80 71 83 96 83 74 98 70 88 71 76
0.8966363262683947 166.96314885327786 951 63 70 61 87 61 91 74 78 60 70 64 78 60 64 87 96 79 96 71 91 85 97 92 70 87 63 74 87 80 75 94 61 78 90 73 70 60 94 64 71 60 83 62 80 69 62 85 80 97 98 64 85 90 74 86 95 87 96 91 62 96 99 63 79 80 67 97 64 99 77 90 98 81 91 66 82 92 68 62 99 94 76 96 92 92 99 71 88 74 66 80 92 83 67 67 63 89 80 82 78
4985.41164302837 0.8936907854886404
5697.334555416904 1.1763763258109734
3336.945229638006 1.1908401429256736
5089.901346732485 1.1424571277268756
4966.848744379456 1.0636621847405567
3596.0393927637633 0.8026227608996086
3091.5866300878833 0.9219466216639725
3592.348779710108 0.9934029434995156
5703.014257299885 0.9815224387682093
2963.5078236106756 0.9558325547189401
4792.3644715198025 1.1903937576219148
5783.315353255375 0.8826048875238618
3540.5683149577417 0.9641244160327712
5028.477469351675 0.9616865148343439
8586.955337785575 1.0365729660363379
5459.579087681403 1.0002001953473485
5566.417497232332 1.0498686884256634
5397.9090242441 1.0738281085409267
3971.3249418468636 1.0201315042205896
5582.769481338412 0.8235574911111525
4537.356830992195 1.1783724183080104
5457.5685568533645 0.8491344402062777
7661.568737727298 1.0862742811834618
5774.010952618311 1.1501027633089953
6368.167078027184 0.9667814971808262
7220.6058687964105 0.9618654456569026
5430.071519766667 0.9695005108764245
4281.050746963919 1.0557497633515833
3160.496664120762 0.8604240153000056
6617.7940184316185 0.848848337752099
4790.71141138803 1.1715260997042711
4709.649954845027 1.1373461368014415
5491.124549725439 1.1048511531509881
2321.2617870657436 0.84577226781807
4437.480610857843 0.9341583412758426
4692.1359262754795 1.1283548751704395
6170.040249005406 1.1161895748042714
5524.442076049215 1.0608996630403777
4464.492283189208 0.898143653984444
5004.3193354535415 1.1901972826118743
4875.485153194732 1.030667053385675
3796.4603464692273 1.0056402655271222
5995.2483848518505 1.0541010659143069
4219.51956230156 1.0715704221126525
5121.770657869549 1.1545747249625034
4167.554365610568 0.9875718626922245
4125.1004006813855 1.1506340840784504
2060.388852152491 0.896470101090011
5420.930048462488 0.8474739932699875
6179.250368533072 0.8701395618205061
2219.1520701010436 1.1010436522958087
5304.934217757846 0.9337977196875515
3954.743288863001 0.9767717417494476
4259.653801507115 0.9793356553777437
4456.892786887007 1.0059245087458282
5736.409001341863 0.8115133164892955
4642.706100852194 0.8448191610288003
3714.5972087322716 1.0421309560498677
4221.778339049789 0.8105868006677108
4738.947467999634 1.1829064150195547
3095.1844392056464 0.9558044327436027
6939.157568911518 1.1418980973162745
4022.589239574206 0.9512972577087339
4729.314334437027 0.9281960640293546
4010.6052577275536 0.9183197680744338
2987.942192849954 0.9889662813759302
5727.179956660068 1.1422827756684746
4917.057322119437 0.8661023047629252
5511.736522424149 0.8016068964922648
4428.143095714854 1.088472355283768
3658.4685217655897 1.009812684501815
6083.330209664906 1.165009078820793
5706.583921931013 0.8463238170009012
5430.838843345737 0.935064400263096
3624.822419563099 0.9612586524337956
2721.1052024732708 0.8316395016606937
5853.698344826767 0.8673565728913696
7328.65082135806 0.8697311344338307
6698.6043807075275 0.8023378382106849
4185.538693321223 0.9894010210364734
3318.6935386672117 1.0197267598321484
5533.415346461054 1.1979174134410995
7172.998218761453 0.9437288046193925
4040.198943149956 0.9652070345399637
2727.7214977424837 0.8636108056088869
4159.009755888151 1.101572738403439
3545.3714032047633 1.0569298362971495
6268.53967663493 0.8333425092567928
2263.834116576251 0.8037331624811102
5161.309929866648 1.0557193972908854
5992.47881129324 1.0765314012729583
1874.7325859247435 0.8035877494212113
5853.25689077769 0.9455147338427856
6214.958328877532 0.9824389686290267
4141.009195287712 1.01688532517489
3675.046770630786 0.9596158696508326
5306.547946314851 0.961169568359181
6370.491685182263 0.8844332681525543
4222.549738897293 1.0274117491793888
4015.9433533490155 1.0800442813411797
