6 100
0.8884848436431316 145.77127543083458 529 77 75 63 90 91 63 90 68 90 62 84 62 75 96 69 92 79 71 65 99 70 66 70 74 72 76 68 92 84 86 93 91 88 89 60 75 83 72 68 93 65 61 76 74 75 90 92 94 91 95 88 79 69 83 93 80 97 82 88 67 83 76 70 65 99 96 63 61 84 68 60 72 79 67 71 87 87 74 76 87 90 71 81 91 74 62 65 92 86 72 85 84 85 86 72 87 80 84 80 70
0.8314698015830063 139.24415859855705 539 75 72 90 60 81 98 73 81 97 78 86 62 61 99 68 61 69 63 77 71 85 83 71 63 92 81 93 81 88 64 87 68 64 81 86 85 84 97 66 87 76 64 87 92 92 84 64 88 65 92 92 64 68 62 63 91 77 73 68 97 80 72 63 72 90 83 71 88 64 61 78 98 74 95 69 97 91 91 80 98 63 73 70 84 85 80 77 69 84 60 63 77 87 60 87 83 81 79 67 64
0.8071820572217197 138.3235976457757 546 75 65 84 94 91 79 75 73 70 90 99 62 98 91 81 99 98 94 75 70 93 92 60 66 83 66 75 96 94 81 86 94 91 83 70 88 89 94 76 65 72 80 77 97 64 84 88 83 95 60 97 80 82 88 86 77 70 66 88 93 74 73 87 79 89 63 66 83 92 83 99 92 97 96 98 60 68 60 71 63 94 71 93 81 66 83 61 87 79 73 76 74 62 99 62 92 83 66 75 64
0.8428822052314647 179.34701707077485 757 75 94 93 91 90 80 60 65 91 90 95 94 67 85 85 79 92 67 75 65 98 74 96 99 65 67 66 62 74 62 77 99 95 71 95 70 90 93 80 68 63 64 70 76 69 72 93 90 61 60 78 64 77 88 73 76 75 65 85 93 73 86 78 60 71 80 88 89 89 91 79 90 72 95 96 95 81 85 72 89 85 93 75 85 78 88 85 98 75 62 62 87 63 61 79 75 88 63 75 74
0.8405766514102929 152.19055454901212 889 68 78 96 72 91 96 99 68 86 95 63 87 67 62 61 94 97 89 86 76 95 76 89 74 60 84 92 79 63 89 69 66 81 87 95 83 95 68 61 92 95 63 64 60 89 63 90 61 63 65 69 63 71 87 74 68 78 78 75 97 81 84 99 70 92 95 88 98 81 85 63 94 63 74 88 79 82 60 82 64 96 92 62 61 97 61 82 74 60 93 95 99 88 96 67 81 87 60 67 99
0.8191098237522795 122.64898071850732 939 69 71 69 72 76 71 85 71 64 85 83 90 73 66 72 78 65 74 75 92 86 67 61 79 87 66 78 64 75 87 87 86 65 79 97 89 75 75 64 67 64 69 85 99 65 94 78 63 74 70 62 89 67 63 91 67 78 63 90 83 88 69 99 66 98 75 95 99 83 67 60 81 87 80 67 76 84 63 87 62 86 86 80 69 73 97 62 82 72 79 68 94 82 91 94 88 92 90 81 86
4691.928469923992 0.9938340807558936
3861.449860058067 0.8784140568900818
5669.5652265725275 1.072469302110983
4866.34858625003 1.1449244689145535
4907.861234667607 1.110948558400802
5464.6983428481035 0.8246801062217058
4112.813397716343 0.8396404144552401
5420.288392436223 0.8684359638708158
4501.683955699752 1.1417477308002115
5301.571340372519 0.8261102797266793
4996.568375050908 1.1272098133314477
3665.800898238385 0.8913612321039656
4730.304389199936 0.8069037462565924
6198.292970351274 1.1778988866600648
5588.349831087656 0.913723805657909
5715.897414161672 0.8522532347966583
6038.527038070196 0.8601090337232727
5942.657524210687 1.0150788903985322
3741.570744894296 1.1093425118904827
3542.038637707716 0.972830658493035
5076.4899711776825 0.982797015230398
4249.781828502435 1.0411789166944168
5818.822155038933 1.132401007313141
5848.5016908066555 0.912723173836472
2909.541225646093 0.9967103731305107
4264.4116224025 0.9876277724115022
5549.941575911758 0.9417797968339994
6625.379867485537 0.9606349350091649
3352.02402722652 1.0934278506029225
4743.882808193506 0.8070069892211552
4750.706949100973 0.8322013682841793
4325.710041398578 1.0405770416478552
4989.712412104878 1.0272903717259478
4751.038272238107 1.1231498362333259
6136.4129364410555 1.0678053840756578
1690.6296852572295 1.1613022912239943
6313.853793816682 1.0596644091326206
5171.649057362824 1.0347077752137235
4429.90912948765 0.9393082551296671
5412.170218967364 0.9443113933000028
5056.552040467061 0.8520455192849642
5775.045497219203 1.0579775718788247
3475.205703058353 0.9790204809144141
3483.0260523169954 1.0001673035321337
2108.190083448575 1.0521149819153586
4407.266350476693 0.9808719179924659
6446.395983109644 0.9265470164762628
6578.0313724990065 0.9492322977757143
6200.110987423622 0.9852952220113549
2697.0685400699886 0.9150200538674831
5744.758713515833 0.8613507774363156
4101.960485360134 1.0707703856261992
4889.365019057214 0.9023085737816385
7749.468251620504 0.8611447451612726
3739.806160939258 0.9456950042420211
6280.626256578007 1.0054998454630761
6747.763054901331 1.1024920827289302
2561.305542324929 0.814619472596451
2524.7614660095965 1.1271089694364296
6128.2194685541035 0.9944530270219679
5154.9372193827185 0.8796413683557145
4493.027728531073 1.0544598470211934
2757.5568651536396 0.8955090672217357
3828.5815712969884 1.150775072484963
4621.1450168584915 0.8708858307798806
5266.099881145716 1.1934772719010844
3580.0984720996794 1.1127249199396163
2614.643987846915 0.9242262552463382
3966.166364155743 1.029686132772992
6242.188931191023 1.1322354095510647
3698.7551633860376 0.9186885206742912
4041.4926665557564 1.093750188694515
4405.87947787146 1.1165978952379467
3028.445740141395 1.1987588229896948
6253.8620875611605 1.113082064249606
4401.008779031394 0.8534346834449104
4299.011022414745 1.0796755049192381
5445.9038022966 1.0839288405447323
4830.650788273702 0.90085443741413
2648.2137795489675 0.8925888007701092
3534.7717995098965 1.1430298745063983
4369.15168345929 1.187066641126553
3487.7867266495523 0.8389894034347322
4712.502554440189 0.9643558533032249
3563.9807675158445 0.8248224056919569
6643.377268174777 0.9728622412184118
5627.3632158883665 1.1335854934439835
2796.593935279454 0.8836601318712431
7184.167299612987 1.1875394612605124
6238.900530178893 0.9283262342337186
7430.1487831275035 1.0171567155618506
4658.362043157086 1.016660212387283
3567.334832000868 0.9355575905606004
5676.8522252925695 1.0560591972206745
4401.021210229291 0.8944446780613209
3264.051281520026 0.8753535888408162
2808.2501945127265 0.9907406273484174
4786.168397201729 1.1618382980978195
4991.526709471164 0.9230561058837508
3576.75099989906 1.1084929330756614
