6 100
0.8468879165722681 137.0133227166616 708 73 89 80 64 86 61 81 65 69 79 83 86 84 76 64 69 68 78 72 63 96 94 97 65 91 68 67 76 72 80 99 75 64 84 87 94 66 65 81 62 87 84 90 83 95 60 61 89 69 63 95 88 88 86 76 71 67 63 78 62 82 72 73 87 64 60 70 69 89 85 70 79 80 62 80 94 89 96 87 76 78 98 78 98 78 95 70 65 93 92 71 81 76 78 76 92 95 94 90 94
0.8071458040621527 152.5812834944864 734 99 79 64 97 68 71 97 91 99 92 70 60 91 93 71 66 74 92 79 98 89 73 95 71 96 92 72 77 90 85 89 92 82 70 60 92 74 94 72 87 93 67 82 81 61 67 60 66 83 75 72 96 78 93 96 97 75 62 71 78 74 69 83 84 97 60 62 84 98 81 84 80 88 96 64 79 81 80 75 85 69 70 69 84 70 98 96 67 63 61 79 68 77 81 77 72 88 73 87 95
0.8667891481432259 175.76217812325177 755 93 92 67 82 89 84 91 98 61 98 98 85 85 93 72 63 90 83 85 98 87 71 75 74 67 86 88 70 89 73 94 73 77 90 64 86 64 81 73 98 77 86 95 94 65 87 66 75 86 81 88 95 73 98 69 60 75 86 60 66 99 86 71 98 64 72 70 98 67 99 93 76 66 88 92 80 74 72 91 81 96 93 69 78 76 91 80 93 85 78 74 73 99 83 99 97 88 96 82 88
0.8674442031974633 125.45199033878886 800 95 87 77 99 61 66 68 92 82 61 74 71 91 88 86 89 89 95 94 79 86 66 87 82 60 85 67 93 64 79 72 87 78 75 89 99 67 85 75 82 71 93 63 96 70 82 93 76 87 88 60 82 65 71 83 69 80 93 77 72 97 75 79 95 68 63 93 61 62 76 92 75 84 66 62 91 73 93 86 89 69 88 72 65 81 78 98 90 71 92 67 98 78 78 75 71 76 95 80 65
0.8005410611432995 170.00841085766098 872 75 76 94 87 68 73 60 66 71 79 97 68 73 87 72 76 88 77 69 88 70 93 71 60 79 77 77 94 80 69 82 83 91 63 96 73 95 88 83 68 67 73 87 66 74 64 86 90 71 95 65 91 74 64 84 83 63 75 79 96 79 75 69 61 98 78 75 73 77 70 90 69 67 79 71 82 91 96 84 91 80 61 80 79 69 64 80 75 79 78 62 71 67 62 67 96 71 80 70 70
0.8488712258333232 170.16871226599017 970 98 72 99 76 97 72 92 91 94 67 99 64 75 97 92 93 61 92 89 91 99 81 99 79 78 85 82 94 68 67 76 60 79 79 75 80 99 77 70 88 83 71 61 96 67 70 85 72 81 96 60 71 86 98 74 98 83 86 60 96 75 86 77 87 62 99 83 98 61 79 61 89 86 89 92 66 90 68 97 83 93 84 68 75 84 81 74 90 98 63 68 75 66 99 81 93 86 74 85 98
3701.741584470139 0.982619767699541
5251.965196495053 0.9445866708749091
4983.668918370252 0.8360803385148263
4773.488886744873 1.0583242611520192
5592.529055923822 1.0977938853075853
5347.142929132118 1.0902208382089624
6120.925855814889 0.9196051934594599
9246.544611885973 0.9206592382311216
5766.396196282618 1.1337312767464374
5567.382145716434 1.090171351890877
3981.6373592101468 1.097928881332781
4362.960773044719 0.9303149905233794
7002.064017583516 0.995856948049985
4153.726320128228 1.0694356372571105
3408.2567473710087 0.9857267283565792
3961.4685847873043 1.1039240240337354
6898.026602634434 0.9224284550580772
5338.220161730394 1.016326101894388
5143.0689288278 1.1813100079678678
5379.152944102558 1.0589099305890923
4489.937299854252 0.8775925087339927
6910.723433876513 0.909841972131167
3355.153146448435 1.168054889720465
4636.9159963315415 1.1451421242183524
4686.933920721289 1.1618422959710413
5082.697335831713 1.1062824732498582
3660.091301517178 0.9665100175327707
5132.84939836082 0.973022418368479
4764.406172847611 1.1132355721075298
5447.068667102222 0.962994712804615
6991.973453747586 0.8302906446817406
4689.1466781690415 1.086859417615131
6025.498968862712 0.9105360677357366
7132.7361032488225 0.9498066964255929
6767.78886638712 0.8835072382798561
4799.7381602405085 1.1784281866306405
5159.190548803176 0.9005628623545177
3668.2829068996207 1.083008654988061
5141.02754412665 0.8091779169090649
2030.9944896401444 1.1471968544713724
6622.586925634316 0.9936454837777381
5433.209006396114 0.9233494044547375
4594.487460000815 0.9840242070523203
5874.286900395033 1.18474571525342
3955.249998517214 0.805943261483616
5036.197556230009 0.9381319919794282
3827.848932151265 0.9613381181674233
3117.6589366814196 0.9471964335251459
3682.2947709638365 0.9181404997732688
5650.394188300405 0.9785212127054554
5419.221147037423 1.1486929863670423
5755.474783919562 1.0578732009335299
4854.824185126396 0.830689721516803
3682.4865508941375 0.940063094255032
4220.6486305394865 0.807929141817068
6480.629015974644 1.1940064657442981
4000.690585757581 0.956298687935214
3410.3952784384323 1.1956761957340487
3785.2318204878484 1.1231678830609904
4071.317794029599 0.8419927619358182
3692.2375751003233 1.1340264091738075
4280.733747351182 0.9719142021694752
4966.064776901849 0.9321133591118682
2277.0962812685707 0.8049590672537223
4189.84954792505 0.9672396488438764
5509.8098389015095 0.9835804919385803
4786.492733009088 0.9626879663418134
4281.520346056979 1.0563941539032835
6852.056808563847 0.8140866864024926
5035.608952380613 0.9160727795951198
6110.420937557687 1.1126766828907644
6292.581254840035 1.1751112944158812
2907.958437584916 0.8158059812832018
6119.945508348167 1.1859832718656076
5658.070118854333 0.9708818266446869
4736.245207317755 1.100126012515786
5644.171909051573 1.0168426423946304
6741.5938672457505 0.9741825848147303
4512.645055305461 1.019768543782542
3625.807511318918 0.8714103351020203
6578.509707041877 1.097567699236056
3843.971432326406 1.0374013629445684
6702.02033137125 1.1543893086910728
4479.572911467633 1.1471867824996989
4908.642005254074 1.0950000049013746
4326.423283584184 0.9886665329269113
7252.216404116292 1.039419553648203
5581.7074149872715 1.02932556471324
4078.6562345684047 0.974100975988953
3216.248202121389 1.1207468170844814
5578.375712575093 0.9338672071733932
4509.087720596686 0.9766730732374367
5513.348331009816 0.9679174960801346
6614.6588953004575 1.0608353418827086
4675.957905693105 1.0405660371615806
5009.418738741647 0.8180179271339852
5986.76820638038 1.1542421492537782
6081.857279929385 0.9879023308715024
5571.35485400471 0.9369431212626639
5107.469384259551 1.0540007509726488
