3 50
0.8674974377125871 145.8956039179228 804 89 68 61 61 97 61 66 76 92 91 86 86 70 81 77 69 98 85 74 73 87 74 72 90 68 87 80 82 67 67 94 78 79 87 85 82 70 63 77 89 86 66 71 81 85 68 62 81 70 89
0.8839950958141095 150.1270763039999 961 139 110 137 104 110 132 119 122 138 122 103 129 121 116 124 111 134 106 139 108 139 128 113 131 102 104 122 138 133 130 123 138 135 130 106 113 128 131 134 137 117 110 103 123 109 139 129 138 122 121
0.857671281112621 176.8498582197779 991 60 90 67 85 99 95 86 88 97 60 82 79 63 83 83 99 77 76 96 63 87 69 95 90 82 86 69 81 61 66 75 77 97 77 63 86 92 79 83 95 77 88 70 95 76 82 84 93 95 75
4671.525117565646 0.9168423642153959
3298.2309804239403 0.9681154503024076
4151.543516981066 0.8714899650420449
2861.7141992464285 1.1057494756357586
4902.872883806474 0.8315375443385951
3647.9480151670978 1.3779544567731348
2955.1089774624115 0.717575998295675
2405.7145554189065 0.7505222810166732
4429.573906884592 1.1192887266931355
3820.4324685966053 1.2425158564600973
4310.691961519951 0.7119750659954398
3574.0713213156987 0.616283458776564
1316.647377200506 1.1621026549112665
3926.019740125807 1.0595126325292161
4531.342207156883 1.2750261426824938
4207.415069338159 0.7467764213243449
2747.5097766792305 1.164188947861576
3699.1550575212927 1.2903608817253718
3951.6467762461266 0.8647594160401849
3552.2511685922436 0.9296623475339396
3295.21947128321 1.2981245122232685
2128.5120326444676 0.667604227024851
4463.692621909814 1.004205622716457
5613.213876284537 1.032386788701434
4212.156788437476 1.3425414351945753
3476.8017267226855 1.1180287257378116
3314.399379578411 1.052896998035435
3027.701896160007 1.0745362868662123
4676.984232910901 1.333306250680577
3733.606478591945 1.2957259917340396
4235.4383691813555 0.9881287021727874
5675.486243695684 0.7663518562929995
2609.534780375664 1.1669449994511085
4421.27155646321 0.9703643702662907
3202.321381983325 1.0757298356216314
2484.6168380036884 0.8571983537953323
3231.898761839864 1.0310863155748273
4416.087335423307 0.6742299923860737
2440.079725410033 0.7564924210523567
3408.0295185027553 1.2715854410040208
2996.0004747751327 1.0010088542392999
4643.778658861665 0.8989021684917335
3283.9217177761875 0.6744046381774496
3487.7543093241998 1.273259796040264
2898.3271042980623 1.199006578519318
3886.2002906114885 0.7559432383165491
2679.6501588109722 1.0494509166998995
4288.051702335048 0.7559502450449153
3011.005388288134 1.3025796819359883
5476.602755324078 1.3095822704986895
