3 50
0.8608142986173505 156.57757517795886 540 128 116 138 124 102 111 120 115 102 113 127 138 119 130 138 134 113 127 123 126 105 103 108 107 104 134 107 124 121 117 105 130 127 116 130 102 119 119 131 133 114 117 139 126 118 117 130 128 129 125
0.8558157685466286 134.2427413960167 843 78 91 95 85 68 94 91 60 96 72 83 71 85 74 84 94 84 91 71 88 92 99 64 60 94 66 63 75 89 71 79 77 88 78 71 88 66 82 93 80 63 65 83 86 80 97 93 66 80 71
0.8039716310999907 135.43722643693718 932 81 78 85 69 79 97 82 97 94 61 92 75 95 69 65 71 82 73 86 62 72 62 61 88 92 78 97 60 76 83 85 86 61 90 93 72 97 61 95 68 94 80 85 77 68 90 65 85 91 84
3476.6842856967523 1.0552347118118666
5275.97302748465 1.3155382824909911
3167.3483750955083 1.2354675054453128
2597.11501476367 0.8825204238395044
2927.256756897299 0.9656919392438912
4219.815423498731 1.3208303183612102
3269.840464743743 0.6952086701934512
4403.7053845393175 0.7185428351454691
3655.5528963638885 1.250479433115034
5475.476158302163 1.0551634134359071
2623.823531003746 0.7635330339526636
3655.178147157977 1.2308997858879938
1445.1618320676553 1.0226671859055567
4150.086901060667 0.61387610787035
3436.049824546304 0.6936630019763258
3354.699964242167 1.2187544844741138
2812.957776203876 0.9560991830632208
4445.903720281885 1.3245168935605645
5257.729864582883 1.2594002354916918
5327.662697557242 0.7201583527841681
3122.092152390386 0.6902476256154437
4075.9540150868493 0.863445489204953
2887.0906766751245 0.9931137451309953
2954.005395222943 0.7855766780081485
4688.5548116508535 0.6090085313004887
2870.039744265502 0.635795139040915
3837.8653386128585 0.8003181560349948
4254.35033801305 0.8890406374557611
2780.3868523482215 0.6286865693837163
3686.7930326900664 1.1466397720579065
2838.701202638684 1.0756825763276867
3974.495175633648 0.7135559663864449
4396.603003367373 1.1368565443532899
1852.833939528697 0.7553089275908416
3069.740179255212 1.0696729539320844
2196.0552167652468 1.0460666351670995
4394.093876678982 0.9149704560021641
4728.690088575891 1.347683710021581
3326.4044636917733 1.1539390462328576
4738.842917698479 1.3800689489324127
4363.8900903609 1.0153389850062688
5041.771237542018 1.1780694358837298
3349.579631096152 1.2898853496127631
3349.1009403259686 1.0869146284003242
3245.816491833189 0.7932032410587161
2999.757973406667 1.093343438322544
4036.853923711662 1.20460099782421
5536.418621315341 0.9915420787547564
3990.3400815120126 0.8770843025094346
3754.6316080873953 0.8474557886544893
