3 50
0.8859245982310261 161.24300537576843 700 68 92 71 76 92 89 94 95 84 78 97 68 97 87 93 71 89 62 73 97 75 79 92 87 92 78 91 98 79 88 72 89 62 91 80 75 97 96 90 86 97 62 92 61 78 96 95 88 90 71
0.8074475685235949 128.94848557373973 737 87 70 91 86 81 78 92 96 75 69 99 76 97 68 97 84 67 85 85 88 81 60 79 86 68 65 76 73 65 84 68 88 95 88 77 69 83 93 91 97 86 86 61 70 79 69 90 92 64 69
0.8357967891805804 122.59789144973874 871 106 127 100 115 114 118 135 112 118 131 125 129 138 129 100 130 113 139 125 139 104 117 119 118 103 136 109 106 100 101 110 123 108 135 132 102 113 126 134 130 107 122 129 108 104 114 113 125 129 134
4037.717950763037 0.7072820263049089
3527.2907356020983 0.8479404612534347
3658.294054969856 0.7896878672157169
2360.385341332555 0.7091256784012425
4401.214793783798 1.1947317468821024
2985.3390749736263 1.2182319404091748
3726.7328162389936 0.987353228884301
3471.1968606375494 1.2922443822107477
2495.898527468973 0.9852021048177877
3416.789243386523 0.7615554194439142
4319.079985409231 1.2644130068292592
2855.527907954467 1.30015231293882
3777.1339540630624 0.8168892280531685
2981.271574890771 1.2923142719172112
2734.9485972577763 0.8072047490356309
2639.0158436087036 1.3227467247533975
3495.2056921296657 0.8463773894029526
2975.493806564288 1.0987322721433692
3142.6523130292912 1.124688486182924
2316.4223606067103 0.9113180231197378
4661.579062444042 0.9830862248942593
3331.421992192067 1.3551562763812017
2211.8875793430693 1.3043507277068684
2070.2990994226616 1.2086402769016737
2307.74763922595 1.1803229895026104
3522.0713167603335 0.8692947074161503
3805.26319189114 0.8502396190880118
5077.256995272435 0.7656531116077936
3441.9725169029643 1.2182145213772997
5253.581947166689 0.8429115253891966
3209.2754304228697 1.2950790112152344
2582.6201448700913 0.648296106492858
2324.4369287221684 0.603242049191911
1930.2935725533875 1.2906234108602517
3264.0645458284384 0.6393193237715972
3069.9646994916275 0.7298423605203763
3763.2859658758343 1.307676174948556
3100.9609836145028 1.184895833251114
2926.3375430557185 0.9060616635407472
3628.7461824362267 1.3794075689881466
3734.523752469906 0.6585524130392785
3174.4392853176178 1.1946148144319975
4342.076323754451 0.8749018153800179
2658.270157495083 0.6338291515138926
4904.175597325281 0.8381863188416551
2691.2737504751194 1.2541683221880822
4359.444912097694 1.1946112151722916
4540.861106240545 0.6333230196995293
4147.741268918439 0.7596112770134958
2698.6167206677787 0.7871905291648812
