3 50
0.8799696498493927 165.20778559733085 530 63 76 78 78 86 85 83 71 64 71 93 97 97 71 76 77 78 74 97 96 99 93 98 61 71 66 92 81 93 85 71 61 64 67 72 87 66 99 80 78 99 64 97 85 96 79 66 72 73 71
0.8520277694511807 171.35106948654283 692 111 127 132 113 102 108 120 111 101 106 129 139 135 119 101 137 109 100 139 118 133 130 124 123 129 124 105 137 111 139 119 107 117 126 117 106 131 108 104 114 129 112 106 131 102 139 103 107 113 106
0.8253731165966859 129.6908387853005 847 64 87 60 77 79 67 82 91 68 72 60 98 66 80 68 77 88 70 93 81 65 73 90 64 60 68 73 93 65 86 98 77 72 68 78 82 82 76 69 97 67 99 64 73 73 87 67 81 92 61
2306.0058310289332 1.3015705930338106
4168.029914257732 0.6070121058058544
4481.171453308997 1.2666709556042706
4245.236428327495 1.020805296579907
2910.8610706475883 0.7908571822460189
4136.424486547869 0.8566706695355321
2709.112164609918 1.3030861279530959
1802.0354680225655 0.8223672996554675
3176.4204169139703 1.365448079057532
3412.715262865534 0.8968832892064826
3557.8852547538627 1.2569326978109627
3720.597344326115 1.2744751410957245
3626.0370390396324 0.9800783772894255
3219.6556501450536 1.227664225486032
2533.3851021914325 0.7167130837557323
3415.842376804264 0.655135355325038
3759.5995872118815 1.2083210188527063
2622.7653865737448 0.6530985364165255
2257.700345238812 1.1937528312584456
2148.236555177751 0.6601399894188074
3944.8050478883733 0.7393605787214761
3348.293046057116 0.7175738306619085
4188.163439829571 0.6057623006471636
4102.974678187635 0.6807918538927049
4144.266386835663 0.9364211844102682
4168.991525817759 1.187968558021121
3066.612012527694 1.1897555017132464
3867.103720007054 1.3638988265919234
5088.008470951475 0.9025124609040645
3875.420949600312 0.6850125053182268
3815.261785179209 0.9997062132702697
4237.442255809206 1.0046343848151897
3029.4964746119017 1.0120633782920792
2935.5172512350864 0.663371637280689
3997.376882343049 0.9702855091702324
3915.036935945205 1.2511436888011813
2043.9506273023133 0.8555988865885267
5151.1537285299755 0.6460577907094877
2288.008837979377 0.8600314854566676
4757.524455323981 0.6717484762968498
2854.743140151775 0.6929890472912922
3590.513219778118 1.1482285174423417
4513.591314019986 1.174207404607075
2636.539118982242 0.7424718511212403
4765.402391910129 0.895061664491953
2900.3000136406995 0.9927787712947859
2076.2231161140844 1.3424568322278312
4661.555412977951 0.6110847717744086
3816.7599592178112 0.8150444870056361
4088.76267317081 0.701700552475647
