3 50
0.888559266835658 167.8481720907497 515 135 127 129 128 139 106 122 139 118 113 114 116 113 133 107 122 117 124 124 115 130 107 109 132 110 132 118 126 106 130 116 130 111 105 107 115 135 104 124 112 138 119 101 121 113 115 108 120 138 118
0.8090355576736389 151.25297050385538 687 94 64 93 63 94 96 88 67 89 64 78 95 99 85 77 83 93 66 79 64 95 68 74 71 67 71 82 78 90 80 62 89 65 99 69 98 65 80 64 60 66 66 65 64 89 95 60 79 79 71
0.8631721109247644 174.03290718249778 840 82 90 98 77 96 72 90 70 97 95 80 74 63 60 98 68 72 60 79 81 97 99 90 64 71 66 87 82 93 95 72 61 62 69 62 61 99 78 60 97 62 79 84 71 94 75 75 85 73 95
5661.920389143217 0.8791489079324877
4037.261030247462 1.2920483721266744
3452.721607948112 0.971098398026611
1787.8113859680718 1.3325621584968133
2762.933393538822 0.6639048117815172
2616.814729867549 0.8848584130436341
3970.7345418683653 0.8991540856028584
3409.050824250994 0.6375466822255748
2802.252948869746 0.7248752467169337
3151.283492791726 1.2208291542592886
3993.074003633553 1.064689870652618
2981.1265179913 0.9834534329866236
2862.887325861719 0.6592881684103153
3172.896771414296 1.2423596341400653
4340.893885361099 0.9133437275779281
4460.200351056943 0.6364547702859876
4591.141195218433 0.7913146334150396
4137.472041397406 0.8699967629268394
3729.5014745776502 1.0546856631372468
4290.31510837319 1.0626706001858819
4292.366073669703 0.8114971858244195
4217.455072145429 0.6858958475913636
3475.411719158 1.1452546885431811
4023.1383050148747 0.7231271033966631
4088.98491217421 1.0490455428900711
5323.8100619258585 0.9167075835113888
5483.819544818408 0.6858173388255161
4548.101914854492 1.23069025667591
4750.966217835967 0.8524250201387626
5497.524493576095 0.94953142927325
3512.85160530364 1.282299199333957
5301.2544806229425 0.7655141904605653
4214.2324198854 0.7448259989676993
3594.7859395128503 0.825979935516217
3799.8581582406973 1.3907390803447222
4702.063190484703 0.8476809943926269
4427.368910115336 1.267215972291159
4117.040377008816 1.2075848503725526
1531.753738290718 0.7068329481886632
4783.727933985331 1.0315515647183506
3936.4695057399545 1.1849858951606094
3515.3569761331396 1.1739605917625746
3860.507997370962 1.0284663792373103
3434.520440016223 0.8317910989956055
4360.470063167534 0.7323237334080646
3629.5258915647214 0.6728876526661289
4000.3337483878863 1.265766192888663
3722.740023591024 0.6860231493317982
4249.21093727792 1.0234802412957933
4683.978209485862 0.7950867226734167
