3 50
0.8486349414572794 146.5145073862586 790 130 107 123 111 114 119 110 106 131 128 133 120 132 101 106 130 112 124 134 121 100 124 107 132 126 130 128 109 138 126 121 139 117 121 115 125 135 102 133 114 132 109 100 130 114 115 108 107 138 109
0.8940226901498667 159.27033064635827 886 71 64 75 98 70 75 85 86 83 64 75 77 88 73 80 78 98 93 77 89 92 95 86 74 84 67 61 92 91 84 75 89 77 92 71 68 61 61 71 65 93 93 78 96 84 65 74 63 66 69
0.8121292244540617 125.629585672749 995 86 88 75 63 74 79 61 85 90 67 72 95 90 93 84 94 69 61 93 95 84 79 94 97 88 84 65 61 61 73 83 83 64 81 60 75 98 93 80 94 82 68 72 81 89 82 63 66 61 66
4336.728697430288 0.7262328149231584
4219.257110304184 0.9543157081249773
5667.806599232792 0.8932091290502138
5139.299268015131 0.9868324076955199
4310.463937386148 0.6755037083237991
4950.5878207238 0.7550849231797616
3544.677207791423 1.0040595897441844
3511.3886889450646 1.0890685784450438
3177.4061003110687 0.9749465117430122
3917.8672102478677 1.1125151067731829
4292.551940232389 1.1419174991066638
4418.178730186813 1.3038257575140497
4842.306002205763 1.0836042302107292
4239.616580580552 0.631574758155228
3157.732771147843 1.0000149976452382
3483.031682022847 0.8278166424980744
6500.44229685181 0.6659085238904718
2347.1063626641435 1.2245929239751656
1727.5330524745486 0.8945338218412867
3148.2343623112024 1.309534406894702
3261.906523893258 0.8526323884699343
3005.760095961604 1.1986127409461655
4643.129631876728 1.3157990133227897
1356.0695956585091 0.6760698376934423
4110.700231834953 1.3012909825356
4360.8471764211445 1.1511255784511891
4466.408039657448 1.0534085361131624
3551.851753752228 1.320725671293156
2973.0442444701657 0.6492857041531593
3794.7113417847804 0.9642963395515017
3822.3703561136394 0.7511052021129271
3248.7907003955893 0.9730597969958392
4343.087623097004 0.7751696560439767
3184.6005393585037 0.9615113500042609
2500.1875371379824 0.9949501572315871
4564.528406076717 0.7032303365225343
4264.720523833596 1.381631271241484
2576.158175946017 1.260745280595911
5329.293088160195 0.935655725824472
4430.299705455002 0.8094725442417195
4898.38324840156 1.3686227865759957
5154.9395041969365 0.6159085877344351
3288.5358033775046 0.7202296175759834
3569.179728217317 1.363452592346596
5921.705543123383 1.0721539646187406
3933.917591973703 0.8373031166547271
4757.701709606064 1.2221908602651856
2485.554868091921 1.1233284540550135
3923.1813217271533 0.6729380867074157
5312.767917246971 1.3819191445679229
