3 50
0.8694164151776758 159.6557233814646 651 118 112 124 134 131 124 106 113 103 114 139 114 122 112 122 136 114 131 116 128 114 111 139 139 138 121 104 121 104 128 114 103 126 104 122 139 109 133 137 101 102 118 104 111 112 116 104 136 104 100
0.8802346699613823 133.68701627557041 781 97 63 77 95 87 77 74 72 61 95 78 86 97 85 97 82 66 70 81 77 72 67 96 77 90 86 81 70 92 93 64 99 63 93 89 64 82 99 96 94 84 89 69 94 70 81 62 65 84 87
0.8178048449164523 152.38013530865499 918 60 77 77 79 67 67 66 90 97 91 72 96 83 71 94 91 65 94 96 67 77 83 81 88 80 83 87 60 61 82 98 60 64 97 65 85 99 72 82 82 69 84 60 67 77 80 84 66 98 66
4279.9897297712905 1.3494754071039667
2589.1628643054983 1.2126570441475701
5216.3251429175 1.0775553287337463
6142.324996217627 0.829960192385799
3322.0757395641144 0.6492438339805081
3312.606305755812 0.9591434687660598
3968.0503677352813 1.1088886757388638
3311.759663370403 1.1049001158973675
4821.5900238520835 0.7375752147848764
4358.3193811669835 0.7750088689737185
2984.015795507544 1.0705784452179152
3306.4599596532335 0.7845576121187212
2397.8862497406963 1.2397858641852335
2587.959739492875 1.3878692427400783
2873.971182714301 0.701776707799449
2537.2858705628855 1.3767553590414638
4763.715384398487 1.2846745300673197
4827.635324091454 1.2355766524805847
1941.8649587566708 1.1892481535559507
3488.907725118069 1.2177056846241978
3990.254057660963 0.7023579536563188
2094.312161380347 1.2732575493075764
4377.887879600396 0.8681251869695035
4120.501733508499 0.907268585954755
3788.6731524501297 0.8541594589465275
3346.354252262306 0.717070156111388
3755.235933594134 0.6095574868820696
4328.363054790281 1.3907777946608708
4892.456642524462 0.7097790306569398
2617.694401500862 1.0072548092206883
3634.639134533222 1.0002104139849546
2051.3883609878435 0.7024403805501886
5679.871672791619 0.8273996103749386
2891.902549857535 1.1000697863011133
5078.751030522133 1.1796362747238731
2517.8484438499827 1.2897086131768014
2989.9108506648745 0.6593606218918334
5050.266827740033 0.7090846918237538
4149.966353593255 1.0560734257104754
4847.062155850425 0.8597777589604796
3359.496062523582 0.7417040298504245
4170.491705125953 1.3244937501607044
4126.747274076395 0.639521855331418
3823.6025675595383 0.7909120805080504
3252.064065366039 1.044202572982059
4109.666243487803 1.2402876941337206
3344.9608641376226 1.2197033191640352
3013.3519735230057 0.9310666149937872
4519.159588967456 1.016739970916144
4244.5729713260025 1.044319947192605
