3 50
0.8329602299531005 174.08159712071304 505 65 67 62 81 83 86 98 82 60 61 85 79 62 90 98 78 73 87 66 65 75 70 86 76 77 71 71 86 61 75 71 88 97 72 72 89 63 92 81 99 66 74 64 72 87 76 95 97 63 61
0.8657333757379875 127.05983260491946 672 83 60 79 65 97 89 79 95 65 78 71 68 89 76 79 62 73 62 79 68 66 77 94 89 98 97 74 83 74 89 62 80 65 66 78 66 73 93 86 97 61 81 73 69 84 62 78 91 62 61
0.8477366078181527 122.13606902012575 819 134 131 129 119 118 109 102 126 109 136 136 104 118 116 121 104 114 137 135 126 130 113 125 129 123 138 113 123 136 136 132 128 121 135 139 122 121 136 110 137 109 132 120 119 116 114 118 134 121 108
3811.701134700564 0.9422457221450078
4004.3443739594277 0.8584163645804261
2736.8046881730047 1.2035454172139655
4213.207455802818 1.271253300375791
2854.4878348392213 0.9802813125128238
3390.0258408822524 1.3960420970164888
1066.0600283611295 1.1166246746642223
3246.4463564340604 1.1219651063820009
3986.908064222109 1.134607445062417
2456.9283841384004 0.7322577749329101
2028.5023262704087 0.9330200705270365
3108.748176527598 0.9018049619054941
2510.075679125529 0.8305755247992295
3548.074102324191 0.824761847111821
2432.419158973551 1.1536442008112127
2667.2193267175335 0.7949152425973401
3061.8140647221894 1.2281586743701969
4311.039789192864 1.070710184408623
2909.118781423469 0.8107194774876403
2747.8370454177775 1.0706648302831665
2207.052115403516 0.8996838259923092
3083.7800911100812 0.9026551428849571
2520.9438605329246 0.7946835446626404
1303.2710565624805 0.7698252579302761
3326.880871763086 0.8312708078514344
3545.5537514101197 0.7193429894975822
3782.732743233621 1.0647189202970428
3832.992279063855 1.176894979557538
4201.35271175126 1.1220275370845312
3355.1972553283613 1.018856202069219
4812.503681354608 0.6690531731618304
3158.3567659617984 1.0150300547588675
2890.1138838037427 0.7468805761177646
2604.557523254151 1.1370948409640338
3908.316413670389 1.010378383932
3675.2448780276227 0.614539866660616
1751.053649631146 1.2245477483711578
2991.907263610508 0.8862384927816733
1442.7569298847236 1.12352384012261
3157.609707370425 0.7426718179936267
1238.2588684653729 1.3793337569281259
1234.9688428386748 0.7037121343451666
3749.1643517404054 1.1855774332271332
2516.7726686928854 0.9852743743348589
2498.476029170385 1.2281666335058372
2640.34600304647 0.8953014788343228
3240.6236201695624 1.184369346622538
3848.043863695819 0.9646563626223463
3555.901360305272 1.228525219669792
3071.308993691767 0.8285244594030686
