3 50
0.8686721648783803 164.63966208842217 542 82 73 61 81 61 78 82 99 65 87 89 61 92 69 81 62 69 82 60 91 93 96 65 92 73 96 71 73 90 72 66 81 79 74 70 95 83 89 65 72 71 82 69 64 81 77 83 77 61 74
0.8499075733346679 170.53024872705612 590 93 96 86 85 63 81 67 80 98 62 98 95 99 80 78 96 65 85 98 89 69 82 70 71 84 86 76 90 81 69 75 80 91 64 82 73 83 90 77 99 93 77 80 97 95 74 66 78 86 70
0.8390851561776738 165.616697193972 914 127 110 121 131 116 127 130 118 129 117 137 101 104 118 129 109 104 126 103 127 103 138 130 120 134 133 110 111 118 119 112 103 106 102 130 131 127 117 105 138 131 120 101 135 139 115 103 112 133 123
2723.5797112388773 0.9024400740683786
3335.881308932078 0.7714779599516787
1039.6646976270863 0.9800813875559224
3471.701582291188 0.7597302710186665
4148.974039800165 0.8378126976617265
3715.1846703989745 0.8040370204114266
2563.1279125649025 1.3006691734391314
2724.2448943018167 1.2351985588287442
1725.4669662938197 1.0504074012807127
3658.330907517225 1.1909000057873294
3361.5694314930656 1.3114271971240383
2995.8791332822557 1.1348801930841481
4551.978661915213 0.8029573353980219
3012.2125216690333 0.9678267691873966
3566.936120893801 1.346378703989771
3435.3824980547483 0.6597650858785064
2189.2534347997 1.0430594196831786
3083.7292140639615 1.023998785316396
3392.9564082209295 0.8578721307068387
3680.8428884450527 0.6535555134562506
4081.6783515255183 1.3816992035136912
3995.1587476030236 0.8832985173428275
1839.5234407380756 0.7620465305885417
3354.8616410940167 0.9187942103314448
4176.813391675538 1.1940504943358627
2687.42322583532 0.8531977169761724
4809.468367777398 1.2120683388195972
3554.084298596639 1.0128170327020989
3800.067858605206 1.129673402506899
3613.9122124002315 0.98667425290822
3959.1874440967913 0.7254429288754456
2208.007052869165 0.9489657521506965
2911.971509523037 1.163820624762621
2049.295201919447 0.85094047033003
2281.762517304527 0.7331908847073496
2769.106462105081 1.2571889976136004
2652.8226875753976 0.8723280485469744
2322.094636919628 0.7062052066208574
2204.7914162704196 1.1022727875031275
3906.967297711558 0.9141517382626879
3128.182414432492 0.6135975326127651
4083.3563518748997 1.2154987570228144
2109.917586330304 0.8079501525977274
3509.3230543504587 0.712416285953902
3305.860299509412 0.6237327044957895
3279.905164067362 1.366838088439734
4171.190138164218 0.747332717143019
1984.0669954335067 0.7783843224986615
3544.327778573847 1.1217284787767199
3495.2362862858445 0.7012451302892563
