3 50
0.899160455306955 179.30139610531646 669 90 76 74 81 83 91 79 88 92 86 66 81 73 89 65 61 64 73 60 73 92 83 90 71 75 94 66 77 91 67 85 95 72 60 71 70 73 93 87 79 78 82 65 79 77 76 76 93 60 92
0.8278470532130967 166.74094392300663 857 70 84 88 63 98 75 93 62 73 62 90 80 61 71 70 60 82 65 98 70 98 63 73 65 98 97 66 74 81 67 83 61 79 68 85 93 64 60 85 77 63 96 82 91 90 95 70 68 88 81
0.8789961256003795 157.17953110682896 899 129 128 103 105 130 105 134 108 112 139 124 127 129 120 113 107 109 101 133 100 107 121 135 123 115 116 123 115 128 134 120 103 124 139 105 109 112 125 131 113 105 128 127 139 104 114 103 112 129 139
3519.036220093316 0.8569280726659172
2874.5097248592183 0.7383295082186963
1994.2685573296008 0.7529185689609765
3147.686178527938 0.8826321122095986
2012.8309330842144 0.647085603168157
3737.6471765144674 1.399515364995194
3129.209213572814 0.6961994318941881
3330.278269169003 0.6309401825498459
3130.503483650159 0.8606068455638431
4810.991507245315 1.0990945790759885
3508.034776914236 0.675338952442585
2965.0242513545627 1.160185518924635
3281.0739572428743 0.964600526475444
1915.9203735662256 0.6893633165197368
2307.0786585383803 1.1342697512974609
2727.5145734375587 0.8403483455824302
2923.081738757644 0.7466577435779123
2795.725474813662 0.8381533428031414
3621.8607799638826 0.7273110988213349
2415.087595116693 0.7055972972559222
3269.3270564405066 0.9343249044983517
2034.0843773828667 1.0679673925862418
3839.177395508348 0.7646748767932814
2269.6873587089885 1.249027333119644
3201.7846111325107 0.6648064450768345
2111.2062820861793 1.3170547467603873
3473.118883140096 0.8486189286692962
3592.228887621701 1.3703353472339064
2257.0460925710804 1.2404323033492162
3621.9337072048816 1.0070264880145878
2385.092365622655 0.8109296889818912
2341.6571272616134 0.6672490675398342
1673.7891487050501 1.322361030009787
3182.3001555856686 0.6432754710791467
1757.8468386241168 0.7680937107951765
3653.2190062684417 1.2124306959029254
2826.0805217409547 0.844056215518257
4035.0507134625464 0.961806028752374
2413.6780988769956 0.9263648543849236
3416.5530283530074 1.0021713264779915
2024.3812824958434 0.6203612293700062
3224.487377202033 0.9564165818430537
3727.287960854753 0.8083896666697976
2038.9647491280887 1.3724688532839757
1989.4688241344325 0.8120872411378002
3173.8607082627236 0.7197342701254228
2299.001075131894 0.948238123430277
2982.7925822184147 0.9195652157537484
2698.2676639545894 1.3180576471398067
2915.374301803457 0.823215673835784
