3 50
0.8539015074824421 160.33052740102463 535 104 109 121 124 122 107 103 106 124 128 128 119 106 117 107 122 103 108 110 117 111 120 114 111 103 136 109 117 134 113 122 116 113 118 104 137 122 104 112 135 101 113 136 122 127 115 103 100 109 133
0.8493808904907567 177.73303675725435 646 79 74 92 87 96 94 92 98 76 62 60 79 94 69 85 70 96 86 96 72 69 72 90 93 91 86 73 99 95 94 74 75 99 96 96 75 95 95 60 70 84 63 75 71 83 63 68 99 75 96
0.8108640184208784 120.03590365806167 951 65 97 99 81 84 60 89 74 70 62 74 71 93 72 84 72 96 94 97 71 68 90 65 66 77 97 91 67 83 78 70 71 66 69 69 73 81 89 69 82 78 67 89 93 80 61 82 97 93 78
3748.218343742825 0.8270871120149957
2188.5469282716413 0.87551881611695
4497.098559933749 0.803974992990737
2703.4169624343654 1.2300755346134067
3835.513887441769 0.8460759734964819
2390.891192860573 1.06011639958998
2113.945237847425 1.203628540853667
3422.8701559744068 1.1037076553930736
4155.538941902876 1.0614533657995713
3658.7492313659077 1.172670709806349
2627.098681956563 1.3735288529009018
3111.109092780388 1.3773367461358483
5168.362267149379 1.3266393861940098
2649.0179979491772 0.6652152418916011
2276.270255323301 1.1529513421404585
3089.953132124949 0.691694363560869
3199.3092436316983 0.9247049534539131
4653.667201029542 0.7245330171052493
3138.539703339311 1.1984414936082928
2074.1385470146006 0.7913504714323425
3414.0021767674534 0.856328037264663
3863.203996053328 0.7441355605299598
2536.860495396082 0.9610272248022104
3643.316685479948 0.7449670361453617
5215.955588531904 1.1304295757195444
5202.634252538199 0.9798530604152214
3474.940187135648 0.6101887399972835
3623.4349812373516 1.1807141084122956
4181.643961837997 0.7140971764426791
2181.4212143460563 0.9021060753680664
5562.793022036067 0.967361971471997
3101.10150980475 0.7737243544930956
2932.101548665751 0.7748043228599635
3656.204813483118 0.7363005868508331
769.896772247751 0.8236843985345262
4653.821760613014 0.9009123363023012
3368.314215354655 0.8784105546618246
3449.4848979272197 1.362250505947431
3497.892952235184 0.6970033363003836
2324.379414525483 1.3478676364176074
6486.473625864515 1.3877220462603848
3579.4842724578384 0.8790369120266893
2669.673413814792 1.1750630851477384
3161.9544019956047 1.3734056864915523
4626.782541565413 0.8127741559041657
1957.073826151021 0.607906831735648
4312.313363478161 0.607070564399691
2733.6438825583205 1.1305839148917805
5336.747946181833 0.8588397191528945
2890.9668490545746 0.7700087212348314
