3 50
0.8788202833499205 145.04062990932886 539 73 66 82 89 71 75 78 98 88 72 62 68 76 63 83 91 80 61 86 88 77 98 84 68 90 89 91 83 65 65 77 99 82 79 62 83 76 60 79 94 64 62 65 62 81 94 66 65 67 96
0.8699770083400095 156.16279817427562 587 100 123 116 118 105 120 117 108 133 108 118 136 123 111 114 127 120 104 134 107 137 100 126 100 136 100 102 128 113 129 132 108 108 104 115 113 116 138 120 115 101 113 139 127 100 105 138 125 106 110
0.8290462655828991 123.48438247058945 814 84 96 96 89 95 70 65 80 94 73 61 63 68 86 98 97 71 69 75 69 89 78 82 70 82 90 93 95 99 77 76 96 65 80 83 69 94 81 64 92 78 72 79 67 92 74 89 78 80 91
3993.9384899489755 1.2029537878855572
2066.926674558764 0.832211928283179
1696.6778537894902 0.7801505082283097
2763.225697915821 0.6724887926569356
3783.7574536618854 0.9588743280455365
2700.676943091769 0.7101714305281169
1260.6095901376166 0.6363648353608713
3669.152679411551 0.9896368441830012
2714.8022533879903 1.2005999481410852
2502.643614031282 0.6466120444332477
2693.079638600344 1.074319856253169
2734.3046597134144 0.829443889921127
3386.181749679171 1.3691379405541266
2400.0633722529255 0.999875742646313
4187.9226888978155 0.6781464886480653
3989.583177267436 0.8071039559229771
4040.2735729947817 0.851941119766173
3402.3058434613195 0.6409439245366435
2501.584726726402 0.9712884685851855
3840.4628161313 1.3937088682151473
4479.840017915234 1.2746365330607277
4383.1476547946695 0.6238917340354584
3135.3707560750627 1.246939875740431
3295.75850047788 1.261302633191009
2194.9583790034153 0.8064423829990638
2377.6139394065167 0.7795852320279306
3308.0435442644057 1.3662221121592575
3898.1208666073744 0.93665446037743
3638.8015935071185 1.199348593365325
3763.3503841113193 1.2434360877805706
3732.4413351232156 0.6539576982823141
2672.6587028614413 0.9800806511495503
4237.690655788594 1.0835140776455454
4183.1669628647915 0.7968126277362411
3273.3158943499866 0.9867145073996318
2765.7869086621604 0.7467881384464577
3625.319940288992 0.9387886195552968
2913.8751053524225 1.2763883546623507
2160.258289190934 1.3247765946667465
3720.0435963547598 0.748332046327602
1837.9718300690686 1.0249762091073409
2176.6108146782053 1.2100477188814334
3653.2626308359086 1.396489559089863
3239.4179545995285 1.2148833947547089
2184.005677267938 1.3841319192777282
2641.6344582547463 1.1135440254408508
2905.9283373368853 1.1801908279974
3816.5487098333206 0.6378806253049444
4084.225822785008 1.0551397498859405
2286.710790339304 1.3205390239689994
