3 50
0.8009231693792532 179.91963933052398 609 77 65 86 62 88 92 84 80 64 97 81 67 70 76 82 79 99 71 87 99 91 94 76 85 85 73 91 98 77 92 70 63 78 91 78 93 63 86 76 72 99 64 82 61 77 80 89 61 66 99
0.8069902041795616 178.07972122051854 636 84 76 95 71 76 65 60 93 78 92 61 63 69 80 90 74 61 90 83 72 77 82 80 85 62 99 96 98 81 66 87 98 68 94 96 79 66 88 95 83 81 88 76 95 65 86 87 80 70 91
0.834327822528146 166.22246043194951 880 119 107 103 136 101 108 130 111 131 135 120 139 116 106 114 122 112 113 102 115 133 113 113 106 132 117 114 118 122 124 100 122 124 104 101 116 132 122 125 119 103 116 103 124 133 104 106 105 101 119
3245.8191827982164 1.2724326411962361
4090.288359968902 0.6625154008508742
2136.377657704513 0.993113308598867
3012.0781173648375 1.392108529246979
2643.2243945520727 0.7359519982013287
2537.0265023312877 1.2690279806492233
2870.8979601779884 1.3889088630306494
2876.623226560074 0.7331393536607377
2258.985829967666 0.8176275022677246
1884.3133605856262 0.7181069611371393
2976.4196669952053 1.105177356289286
3554.928315616875 0.6907842375724697
2602.1985054637694 1.0039640835761003
1356.691328635335 0.8917147355625734
1210.606467694073 1.1791227806169404
2178.2121338400843 1.0021489091341085
2103.590286505722 1.1708531488810334
3758.8990770763585 1.2449204771902322
4072.344553037503 1.1194168185949
2920.6099024467676 1.1559623298726804
3528.0962340067645 0.7843466354654599
1307.6878976281364 0.9238771596991618
3789.608564542904 0.7926652976454024
1853.9992916738274 1.012593571298396
2636.5245358163447 1.0548506535928674
2510.793302805032 1.2599216566922173
3352.120226285985 0.8854349961072814
2416.64991260926 1.3554938962375203
3575.0569027708957 0.6150990795225272
3267.680120060665 1.218345330708267
2716.978645582262 1.399395000241557
2205.5513088233884 0.9649088206062024
4626.905841379854 0.9304723560200249
1953.3926639669914 0.9552254721817702
2479.102784197258 0.9103812415999768
3480.215249932333 0.8749414513765879
2706.1188417170433 0.969938407324344
3867.2317404834275 0.9445207994493026
3175.1104177853977 0.804305879240882
2980.7520161905995 1.011190260360645
1956.179826219101 1.3098582871243838
3841.048638672909 1.3249489941550965
3532.863957917717 0.7912884438220039
3097.3448347130166 0.6742261091382131
2931.2893615235466 1.1674191285241289
2787.959712728567 0.8647252165929095
2381.1402872369704 0.9172618210336242
3051.0978840950734 0.696751192611097
3960.219913456878 1.1144780720467815
3332.336181717626 1.1619384632584286
