3 10
0.802710904333051 120.21759715480852 613 113 118 115 131 105 127 106 107 133 128
0.8116652679940227 160.2598763884984 765 94 90 77 97 94 72 78 81 83 89
0.8071912171030564 144.35374384003782 967 82 99 66 98 70 77 71 63 83 77
1826.5499455155104 0.7440301796260838
1942.1347079244456 1.3523913313843998
1861.1214403408726 0.7498943637317891
1312.1548244851047 0.9246893570665804
1031.7978742166815 1.0325406718296948
1294.2392751294506 1.2637185214771378
1285.6413785506918 1.0697976406066054
1635.3316512478193 0.8254837546034081
1922.361135622731 0.8578567003621038
1610.259461138176 0.7619918029984453
