3 10
0.8433367459545018 134.8853316067539 649 110 127 137 128 125 131 136 100 125 101
0.8745606148691224 135.3941600929877 916 80 84 75 88 61 94 84 83 81 87
0.8692611826332772 155.102836902878 929 92 97 79 75 77 92 98 81 97 90
1119.58635649747 0.6936431182188512
1606.5531880063581 0.8735657382280232
1476.99706984401 0.6341334844029137
1679.482199007933 0.9502726267309899
1469.8644726045507 1.0806048603105665
1508.3605343841793 1.0362522927455116
1959.6385507800487 1.0602647362970075
1277.5581749612068 0.6481141811186714
1706.9373788578112 1.3516926874442978
1576.2082031660918 0.7392193941374364
