3 10
0.8895834822950827 142.90396502998027 602 126 112 120 115 135 133 135 139 118 130
0.8372544406134813 132.25483836561884 765 94 80 89 89 97 98 96 77 92 75
0.8246945032244541 132.19144996233362 802 88 64 96 83 96 90 75 75 77 90
1554.6962964827 0.9997500863304158
1563.8167295879102 1.0821774038334
1453.448641396445 0.8988236193834686
1616.4810371033784 0.6026092466792392
2067.181963389768 0.6724402766722916
1149.9437140287182 1.0157540586542155
982.5811503405096 0.9432368216583528
2007.0726802091956 1.2113056101798878
1342.826386720857 1.1532724804086874
764.1681287335533 0.873634722528756
