3 10
0.8629766672654005 121.8358805422662 668 92 72 85 71 65 67 93 69 82 76
0.8019366707302519 136.75587521749387 875 82 90 99 71 66 63 67 99 82 70
0.8864113435077118 166.0309875897165 926 123 135 109 117 124 112 111 101 128 137
1943.4467651974967 1.0311241732212773
1053.1872516373917 0.798079350504287
1478.121170877955 0.8445262659212854
2185.8518798002706 1.2923399251652892
1651.2151905447108 1.1651200561706663
1367.4376340272304 1.1752318240668718
1320.7033738643588 0.9429782040356983
1528.3205657001583 0.7290646916634963
1501.4102586441786 1.0297879526091034
1407.87660748333 1.0078660053459443
