3 10
0.8480045150003168 153.780358557412 710 65 85 73 82 90 81 94 76 77 75
0.8681175552472258 168.28644630372645 815 101 121 116 125 139 112 126 136 123 121
0.8956403441468471 168.03135434385723 979 70 85 94 65 93 69 77 88 75 75
1799.8348116667248 1.0258597409235417
2050.794723719688 0.9039432179725183
684.2813409490549 0.9297041919278828
1284.803592487536 1.0734456205737382
995.5257152208968 1.3412761049144222
1756.1700563943768 1.1632175333487722
2358.9107778204134 0.6870393193619097
1136.5853733051956 1.2994295267059686
1276.8937043277363 1.0798872193214046
1333.6819625992314 1.3452797101165528
