3 10
0.8984753719801585 141.1286084767718 847 67 93 69 84 78 61 82 93 77 98
0.8084826117798585 165.9904231534653 856 72 73 74 79 67 63 87 62 92 99
0.8465473921529292 131.50452450573454 982 115 121 124 104 107 111 120 115 127 139
1748.3459993540632 1.3329681875246502
1844.2978167907745 0.7201466338548682
1228.7924959476286 0.6470801885725689
1022.4593991474203 0.6320744971344948
1754.4439000448801 1.0223018071720416
1923.360190708136 0.7056790854100312
1022.2065001078785 1.3968863876855184
1278.2910388221924 1.2016710566575557
1408.3286044990464 0.7524452358845242
1512.732166978546 1.2704158781769692
