3 10
0.8199695252255922 143.37388451256857 660 129 119 128 131 135 131 133 114 117 124
0.8587432561093404 128.22007217531288 879 93 89 91 94 89 77 65 69 98 66
0.8623005694498616 174.9376322302825 928 92 94 93 97 85 73 90 69 80 94
1638.6866593017098 0.6948456754355853
1371.207695652421 0.8975675246104595
828.3806778144265 1.3666523843487652
1281.8376321587414 1.1760163337714424
1881.3447794236256 1.3371135944192634
1464.370264618367 0.8959772489337429
1479.3387600660294 0.8989466454120133
2128.152483704203 0.988641390318286
1460.9882143868845 1.180576833334083
932.7068935568253 0.9892335498370075
