3 10
0.8927602300552477 152.0382833931529 527 137 126 123 103 110 133 120 129 121 102
0.8555648578368013 149.92851160512592 587 97 71 81 65 86 92 73 93 94 79
0.8142268127000302 147.52267533975453 689 97 71 78 96 69 68 69 67 63 89
1609.5375095747363 0.982292993199785
1256.165507742122 1.1674476432632583
1762.3794286172908 0.9359365713133834
899.6670295941749 1.3839817281561408
1311.9407136964542 1.1745571007911026
969.9910580565211 0.7145839088117474
1002.2426225047307 0.7302443207048881
1119.6725002495443 1.0761780435994515
1762.421024791885 0.6219198975762638
1011.0212573537715 1.0326172908112323
