3 10
0.8843440141989585 160.47269998788124 635 83 75 86 96 67 73 81 71 66 92
0.8137507956383869 149.42445872440496 651 79 98 90 98 86 97 60 97 78 74
0.8730372532185959 131.6687099846624 872 115 111 100 103 119 135 104 123 125 113
934.5161306610703 0.6297196191023803
1515.3334772665658 1.0856577278177637
1970.2085155649906 1.0442581601321468
1277.044246808189 0.9923758083534824
1545.373639167014 0.7994628144020184
759.2720878660191 1.044281451912917
530.6458976829625 0.6495353940390508
1126.1241757942114 1.389076731908769
1806.0381887711474 0.6255075366036335
1378.7006090969705 0.7914990617748842
