3 10
0.8651162012620816 143.13694234690334 598 123 134 115 122 123 138 110 128 138 134
0.8315151958693463 166.19641581550871 622 69 89 81 96 99 67 62 79 95 68
0.819841954882604 168.4401285327619 952 86 68 99 62 75 89 64 63 76 62
717.6751009751385 0.737828366388947
933.33292672885 0.7814502577542934
1821.8857692740908 0.710438316191355
1474.8241929350925 0.8528557478533277
748.7413787751901 0.7931109569582296
2364.870364654399 1.3205892089079572
1347.927267023283 1.1438076136891653
1445.915435324695 0.9083762770546501
1948.399497622555 1.2301481339859386
1859.0550960850117 1.2276085298820862
