6 100
0.85 155.55439286548327 511 69 66 69 62 92 60 78 72 73 82 65 68 62 74 67 75 66 99 88 97 91 85 93 80 74 61 86 70 79 83 87 83 79 85 62 77 97 83 86 71 91 86 70 67 90 92 94 73 74 89 62 98 80 64 84 73 65 90 69 98 62 94 71 68 67 98 64 71 99 92 69 84 91 62 87 92 89 81 88 73 70 74 79 63 82 66 60 92 69 90 63 66 73 64 86 78 71 77 65 72
0.85 160.33269099554363 564 130 124 139 118 110 101 108 102 114 119 114 134 102 109 106 124 112 116 132 115 103 104 112 106 115 139 102 127 134 114 101 127 133 112 132 107 122 110 123 131 116 123 119 111 109 131 118 137 115 107 126 108 127 107 115 124 103 110 104 118 117 108 124 122 104 136 137 126 116 111 103 121 128 127 133 104 116 102 108 117 133 120 117 104 126 135 127 123 107 114 109 133 119 123 122 119 126 102 120 127
0.85 172.4828855282662 696 117 104 123 107 125 120 131 116 100 126 125 109 133 103 105 125 119 102 132 114 137 118 109 123 101 104 126 135 135 123 113 135 101 111 127 111 139 126 127 129 101 106 133 126 125 138 110 115 125 123 123 118 129 109 138 119 116 120 125 126 107 110 126 109 101 128 107 116 126 105 119 120 138 104 121 124 101 129 130 105 130 130 138 108 102 109 121 119 106 108 100 110 126 107 113 101 135 137 127 112
0.85 163.99486321576262 728 134 118 129 106 119 139 107 138 133 134 134 133 121 137 139 138 132 135 117 109 134 118 117 122 127 125 134 110 105 109 118 133 123 108 107 100 109 126 110 114 113 117 122 137 119 122 123 104 102 127 114 102 104 120 126 139 108 117 139 115 111 133 106 122 114 113 112 123 117 108 114 137 123 110 139 123 101 134 138 125 101 139 118 109 138 127 102 118 120 137 134 117 109 115 119 111 127 109 121 111
0.85 152.75539902145613 794 89 71 71 66 85 91 66 87 81 60 73 99 70 75 90 87 97 82 91 67 79 75 60 98 79 82 78 83 90 84 84 71 83 68 97 81 63 95 83 91 87 82 99 96 69 89 62 96 67 79 98 81 90 86 94 76 91 95 92 82 61 78 72 69 83 82 97 85 68 87 80 65 81 91 83 83 65 64 97 85 66 87 66 91 78 77 90 98 85 99 89 80 85 68 94 89 99 71 88 80
0.85 179.2328138082836 919 85 80 68 66 71 66 76 76 96 95 60 78 63 77 69 87 81 81 79 85 87 73 69 83 92 65 84 62 68 60 97 94 80 73 81 77 68 76 71 71 91 83 74 77 84 68 91 78 79 76 88 63 84 94 81 82 84 62 78 62 65 74 64 83 67 60 99 69 87 85 77 99 82 87 88 97 77 90 70 96 77 68 67 60 99 70 61 82 93 73 98 62 93 81 96 70 85 91 67 78
6054.548737889543 0.8227541136805767
8541.585984407331 0.9692009591562123
4271.894362405984 1.0663303695319102
6670.934750711787 1.0990911822179137
4730.940360771342 0.8039749769100131
6537.189780557398 0.8733280040991962
5871.163466238646 0.9794691660029002
6578.514121381133 1.0157597426287228
6643.9469240198405 1.0303514956803803
5843.045521214469 1.0234256633660876
4177.934201706081 0.8533468714533925
5870.822138900918 1.0678408674053872
7958.701006227558 1.0191399706654416
9041.04225945287 0.801223192792758
6329.593970783954 0.8685907778851362
5756.166092662622 0.8059128376934228
7404.358399143579 0.9044888852163874
7660.612623791714 1.0277630453012647
7066.463763276775 1.1009645008194187
6526.45107204091 1.043764660485592
8353.15174563859 0.8198884490932181
5029.82704967258 0.9967236097514758
8611.32400027734 0.8665479498109417
5140.995846875673 0.9635847670906332
4297.241071912287 0.873844499941129
4569.922115485467 1.1715203828788374
7228.00094652021 1.0010842173461527
6809.021839498972 0.8369737275402295
7451.952192324582 1.081124482738751
5993.943446152997 1.0191462660555215
6915.23034251209 0.9680199789246162
7536.467513635396 0.9685170612558343
7549.67846055646 0.947175495705161
4934.944130308274 1.1582304306337479
3649.098023049057 1.1074925837257985
7542.665046787079 0.8122121456848976
5787.830094352438 0.9261788164785543
6472.700278010596 1.0859224730424935
6033.121952357131 0.9733575095765974
6572.237767088241 0.9705359869496022
7046.321759766201 1.1121368037495651
3898.820591826986 0.8618366981494
5973.292622672341 0.9213766263879192
5107.937281657226 0.8876451336984067
5006.313719321908 0.8213384430500155
10551.776228232799 1.0062158377777393
6315.949242936591 0.8444010957747516
6411.5190618825645 1.1307512161501954
3295.2122539769907 1.0438308276430717
4924.010249058814 0.9862673611384496
5142.7297792881345 1.0007867076466843
9141.44474834537 0.8172038396454832
5865.167471215359 0.891856466930655
4949.5880396482735 0.9391350828654912
5560.230377613852 0.8835164315460556
4878.2301075531295 1.004162710898838
4960.4731668808445 0.8722674669706845
10294.348118887681 0.9825273412984549
7074.2662249029545 0.877866600109069
7696.766580123401 0.977838174083445
5461.376665603123 1.0930328796457136
4549.916662096683 1.1122581771887599
4216.575349598534 0.837514608934905
5700.990504776322 1.162195553882816
8621.059048216031 0.8502952254025565
6429.149831104352 0.870370324386298
10826.639193723811 1.1843865725809795
8416.0214368946 1.1282331598052926
8088.584097033955 1.1822633880129434
6543.117869696132 0.8729293530671135
5636.621891674349 1.1684085948017746
6646.454185495706 0.8832963704125333
6577.40120695271 1.0386548983885364
6989.749234937133 0.9733885062309
8124.026444667208 0.8476973204890528
5596.5420952089125 1.0365777423662852
5824.115031394159 0.9201673540715705
9406.982461185005 1.0477902835734556
6108.495337917704 1.0498481714247339
4121.680375557676 0.9902957739956555
6066.706961907159 0.8522903217846551
5852.667571720118 1.1147343863387202
8221.282699529515 0.8650718106278261
7256.6334938030195 0.889577356071259
6607.844823254453 1.0953893864056956
7635.1735918659115 1.0565008991958627
6727.5029331352525 1.1440950622118478
8812.23310568148 1.0049792898439711
4542.813032307245 0.8040061085236319
7357.791128391316 1.08693050984
6345.147150831142 1.0685498508015414
7289.253380949505 1.0285552413485697
8399.906850982446 1.0006964275395522
7391.211264300331 0.9986123522708431
7740.372504206124 1.0503547189722546
3234.687108055654 1.03237371082135
8623.194316704688 0.9069076223330493
7790.879452312379 0.8345513460798684
8711.052444117655 0.8270779091655993
5706.139918769542 1.0995569800779337
