6 100
0.85 145.5225480061773 523 83 67 63 61 75 66 66 96 98 79 85 78 93 97 61 60 75 78 97 82 91 80 66 77 98 89 86 67 83 85 72 89 93 96 99 86 98 82 72 88 66 63 94 70 72 80 68 90 89 65 68 67 86 83 67 69 99 92 92 70 82 73 80 80 62 63 64 64 85 74 77 60 81 98 63 91 79 81 85 69 99 69 87 65 70 64 71 67 94 96 61 96 73 66 69 93 96 87 60 65
0.85 156.85349729833192 565 130 102 103 125 102 105 117 116 129 105 135 136 139 125 113 116 100 121 115 110 119 100 115 139 115 125 138 137 114 108 108 110 106 126 125 102 137 114 136 123 101 122 136 121 134 115 136 115 120 111 114 117 119 103 115 124 106 106 116 119 115 119 100 136 115 133 118 111 114 110 127 138 118 134 121 126 125 112 124 100 116 102 128 123 109 137 116 129 131 110 124 137 107 107 138 101 101 138 104 120
0.85 167.78023993868987 630 65 98 80 75 89 92 93 65 81 71 87 90 86 66 69 82 60 92 75 81 91 72 60 62 94 96 70 62 62 66 65 85 85 64 60 93 79 88 69 71 87 86 84 95 98 78 84 92 94 68 99 70 82 78 64 98 68 62 93 69 89 77 69 97 64 78 73 78 91 72 71 80 70 64 67 90 70 75 97 95 89 99 89 67 77 63 67 92 70 74 93 64 86 98 73 87 76 88 96 64
0.85 169.74169676927045 662 96 62 89 72 98 94 90 64 72 76 61 98 74 81 61 64 95 63 84 95 62 73 90 87 92 66 90 81 76 84 62 64 89 79 96 74 92 74 67 69 80 98 75 97 92 63 92 67 83 78 99 86 84 80 98 77 81 94 77 93 85 79 69 69 70 64 79 79 80 90 60 79 79 68 97 88 89 69 87 68 83 87 91 85 76 70 71 68 87 61 88 67 82 95 75 89 70 62 71 85
0.85 128.36067075671767 746 130 139 127 109 128 123 124 136 105 105 110 126 128 129 109 111 118 124 122 103 135 119 112 123 101 110 102 102 109 128 118 109 124 133 119 108 138 102 122 110 127 139 121 100 108 126 115 137 117 113 137 114 133 116 128 109 114 123 105 101 138 131 116 128 135 117 108 108 136 134 110 117 138 124 138 135 139 125 117 116 100 113 113 124 138 137 115 132 134 106 135 112 107 122 101 112 106 103 121 114
0.85 155.59535503032953 887 105 123 125 128 128 124 106 103 109 133 130 120 106 102 139 111 129 138 104 134 136 121 116 129 115 139 116 139 100 115 106 139 109 109 105 112 130 115 119 137 112 129 105 110 107 135 100 115 138 107 116 109 102 117 128 128 109 104 114 101 124 125 138 119 139 120 100 125 115 102 124 115 108 103 136 121 108 116 102 116 102 103 122 117 115 105 134 103 128 113 114 100 130 116 136 113 118 122 125 120
6399.773528058622 1.1474709814381883
5085.612776693272 1.0730766544767358
8801.289790894429 1.1641474795936135
4638.181644307831 0.9494830270494098
7003.658781641185 1.079063764704987
6419.686911575961 0.8664866591583096
4309.800822598979 0.963481352065567
6506.365377848539 0.8575888065188892
6119.569870071034 0.994186470491143
7143.072108951833 1.130176524374321
4796.472026949143 1.0573447208846085
8821.118424660268 0.9984585376420425
6501.252356988268 0.8893953564514829
5462.069261851341 1.1484105314763116
7776.9684921582175 0.9177333563777812
8022.152394314295 1.0405793046112537
4796.837933136792 0.8560029998210622
6174.084909083363 0.8564765676734734
7982.542341552312 1.029970420829675
5217.083037456057 1.113632671231305
7403.590210064106 1.0188705663790512
6493.08210140717 1.0680086288294637
7902.112635786852 1.0136196380476252
9531.454693862759 1.0062450738261328
6584.673778025252 1.0610553277981525
5193.239153544835 0.8564703956742724
5886.223151771009 0.9154102340126439
4457.726056380958 1.0689609039160994
8343.08735277693 1.153700181997889
5966.00625164301 0.8206740119673716
8002.788132425473 1.0697990214394448
6050.1337089644085 0.8298464134224135
5717.563574813931 1.1989096342444612
7689.438741358515 0.8300474105729387
6779.830599756922 0.8488359460382224
8986.564137647747 1.0356509400931886
6113.223590520776 1.1335854954263809
5368.0929286117 1.1727522699593536
6158.466981118215 0.9789775644298426
4927.937152671322 0.9318458901083897
3953.1254897987355 0.8399904437702949
6878.87437013212 0.8873739314055624
7077.817638010984 1.0688998105747285
7018.868549448316 1.1446152834538923
7561.1199157170995 1.058112550634046
5122.735159327826 0.8495548559981569
7646.825744129558 0.820632690970458
7177.4281636241885 0.9749516189411475
5107.815149965056 0.8926124660966924
6075.445841696687 0.8004365652934716
6598.026156644641 1.1637859149566
5166.981138962402 1.1970189213091675
6442.225587102432 0.9450966235150925
5400.771899491343 1.0599168801772731
9162.392402115931 1.165476206914705
8936.722999592235 0.8065305853976787
4674.135213904835 0.9516568183863977
5535.346048104777 0.9130167752125686
8730.49819026707 0.8195654926243905
7724.56013178016 0.8737257477091815
7078.227887711985 1.0331839446472024
5903.1398044373145 0.86773168922514
4199.343938227722 0.8452420556322651
4858.0469735031675 1.0695396571129172
6982.5311806252375 0.8870669433583016
7603.52209043117 1.1740023300130202
3191.1745975110257 0.8330705052102964
6891.020142230237 0.9761638893527977
6262.477754079453 0.8742431748862547
7854.16437996216 1.040059821126639
7577.554872160156 1.1726088023085195
6416.157121287645 0.857426954497305
6426.114934827955 1.1468652485600872
7096.626020508129 0.9207083918140572
4112.867380984984 1.0690356777499979
8370.382946740809 0.9554184362612317
5392.628199291272 1.1713223176344247
5111.501795741587 1.084604524476398
9924.571504377762 0.8790624183575277
6156.721897784699 0.9840419964255402
7621.1670119078 1.1471170917455837
5040.896463259429 0.9399024654056882
9828.887467381526 0.857993303400111
8001.394443730778 0.8441879733369599
4875.497478637614 0.9962170035569566
4717.5502826432 1.0873758733601908
8626.209842575907 0.9335748851571188
6805.431234489581 1.0837122288750292
7478.084805255502 0.8358445604983398
4965.448618632256 1.1068504100332355
6294.987390170316 0.9907617143892744
10538.56854685488 1.0161676131889281
6204.22976882828 1.0423081869602933
6331.19909968966 1.1674414283511516
7464.7654775463125 0.8299126693713694
6048.818801725858 1.110668043389335
7976.304756668991 0.8600751267742844
5820.843510590558 0.8592304446562438
1720.5513079136826 1.1545834735858718
6939.267026322297 1.1519231504877863
