6 100
0.85 149.57159674334065 543 129 107 120 113 127 135 106 109 126 100 115 113 130 102 109 135 138 121 137 136 129 111 101 137 115 113 123 132 118 113 119 138 101 106 136 117 121 107 113 105 121 108 109 114 134 101 108 122 104 111 136 119 137 119 107 133 126 106 103 110 133 113 115 121 114 138 130 127 101 129 128 127 135 100 127 119 103 131 120 102 117 134 122 122 112 104 118 116 125 139 137 132 136 127 128 106 104 118 132 130
0.85 146.7485096740291 699 74 63 77 73 82 72 85 86 97 89 85 65 88 67 60 71 81 67 72 75 61 84 98 81 99 91 81 96 74 73 75 87 63 65 65 97 66 69 82 99 73 92 76 82 94 70 82 94 89 94 64 80 69 77 81 91 78 84 96 67 77 91 70 75 79 89 98 69 92 64 80 74 60 94 83 71 77 68 72 72 96 92 95 84 62 92 90 99 65 94 94 93 97 78 71 83 68 79 63 84
0.85 134.69777805432938 777 139 114 120 131 133 137 139 120 116 116 121 132 136 117 112 125 106 100 108 134 117 137 139 120 135 121 135 136 127 114 127 120 135 117 118 125 107 139 100 115 129 118 103 124 119 117 121 107 133 125 106 108 107 130 108 137 125 120 105 105 136 110 110 108 123 130 108 136 120 106 127 130 109 131 103 118 122 121 125 127 119 132 112 138 131 108 127 135 106 105 138 112 126 134 115 110 122 134 122 136
0.85 139.55361212709528 835 67 63 82 90 86 77 65 93 66 89 86 73 73 62 90 88 61 80 93 65 97 89 85 75 79 96 93 63 64 80 68 97 80 75 62 87 88 75 96 90 79 93 64 62 94 77 98 67 82 71 60 97 68 98 83 75 62 76 89 75 84 82 99 66 62 93 72 90 77 92 76 71 72 95 62 63 72 78 90 94 80 78 97 61 96 81 97 71 93 96 80 72 81 92 96 76 62 81 93 67
0.85 125.83599735316068 866 78 90 81 75 74 93 82 86 95 72 93 83 64 67 85 67 98 74 61 69 88 65 90 88 96 82 89 99 74 73 66 84 95 79 88 66 95 80 60 66 73 67 68 81 89 75 87 93 61 68 73 87 77 71 99 82 87 87 60 93 60 62 77 63 85 65 93 90 86 90 81 84 81 82 96 66 88 69 74 79 61 73 82 85 92 74 84 86 86 73 65 66 72 61 67 94 75 69 82 82
0.85 120.95010542801823 870 105 110 115 117 125 110 103 101 114 114 120 135 112 103 125 134 115 124 115 116 105 115 137 119 106 117 111 139 128 138 112 137 128 122 129 113 138 139 105 137 133 120 138 108 133 121 111 112 111 130 103 137 138 123 117 106 138 125 126 119 126 108 104 135 123 123 104 110 132 135 117 106 111 125 122 136 132 103 127 118 126 122 118 124 115 128 123 124 134 121 116 102 101 128 106 139 108 136 112 116
5695.709843014027 0.8592311060339168
2660.2268794350193 1.1716732931287483
5144.159633739548 1.1717918688442581
5004.893989055177 0.9467280397713668
6863.823898124787 0.8682781623380008
4898.4838080857435 0.9671568617851298
7900.154609327882 0.942013712617006
2434.9459393870075 1.1433422668662057
10392.420917358784 0.9339447797330969
8218.967325809594 1.0285638636309855
7684.711554881616 0.9180922980473825
6394.252295959754 0.8466556901335116
7289.7530936628455 0.8063996439617015
7685.25670641097 0.8545472481139397
7744.783064151366 1.1338040349084157
7760.019841357948 0.8263093823553617
6625.890776003151 1.106499135040699
7535.738617471228 1.0201375245123983
7996.771207821512 1.059755928631049
7289.309442184424 0.8441969705475
7873.264117806694 1.1450588430410271
8976.352300361426 0.8889055653604819
10028.33637600945 0.8689797802319698
7514.301938336846 0.9927643290446612
6709.475679571706 0.99469510104581
7600.515765171931 1.1707921087253577
9637.264408938188 0.8253075844814359
6024.107469377416 0.8610012485390147
8531.47906764794 0.8180011564669413
6821.941830734663 1.0899107387233915
5394.184455715809 1.132385299146242
5356.640781637001 1.1126958643211915
5794.321694129829 1.0501640824755119
8077.18465055826 1.0958062476130526
6270.3794925993925 0.8312723430344774
6388.288249644475 0.8052067534042282
5822.557100296283 0.8725950111325698
8603.140952345559 1.0881170905770678
8331.4973360432 0.9370325204461687
6902.082659786537 1.153484222015145
9009.09147334163 1.1572103008620305
5426.392569745543 1.0175505226582442
5180.7394996221665 0.8715829651124407
6351.805391066724 1.0278607024597135
6285.379975428418 0.864038935942742
7290.210658871518 1.1503576930322632
7693.297449824665 0.9849269643819968
7162.616446675464 1.0714476892486942
6803.317914764248 0.8375130896352869
8632.719717329459 1.1093369691028832
6409.698125450715 1.0636637390344175
10202.847040110812 0.9400457396562057
7517.432265269033 0.8244548858373896
5613.489647572516 0.9077818884431514
8734.733388133802 1.1912312251953294
6225.349925707613 0.9786661422559206
8136.985036265458 1.1576610926874547
9144.06206975003 1.057572860070204
8965.323852804386 1.1043654656883524
5229.943325501506 0.9607533811628165
7108.407746993716 0.8984866834980949
7602.430202738292 0.9515303946755925
9510.715340528095 0.9405939802127323
7287.626459330686 0.9525575587666455
8189.413965380028 1.1995447321304984
6894.57421130309 1.0852732837089247
5158.118129150427 1.1973933459440045
8261.56081773653 1.1658447372149219
7030.0787029656785 1.0884980903265575
10632.047696189382 0.8153693955343646
7519.91882978099 0.9326278084231758
7114.789637329713 0.813255349258572
7506.699682484524 1.1103665953365445
6939.784557346844 1.0119405760539197
10568.521133564815 1.1062254582671494
7205.98613362146 1.1762744274900023
7411.2598574946005 0.858356689595668
5454.163269102816 1.1466994427842576
4837.268451390446 1.1869359146284615
5656.846415921738 0.8715680758947981
6632.6980196196755 0.8071724556103638
4760.584165402464 1.1068566757731517
8315.979239835218 0.8270006232258887
6166.51213204329 0.8603248745846995
7543.744580375794 0.9676713828717928
6899.176004806129 1.0949505431018756
4783.928241405161 0.9096329742689512
9087.3008273204 0.9291279848932611
7507.702856344112 0.9128492458102805
7913.723188109976 0.8229265870333498
7587.517871310431 0.9021958809028978
6496.640845957213 1.0408321080792466
8040.114113305211 1.1203867105564633
9438.500099019479 1.0133732442612486
6635.654039133749 1.1517543239477168
5963.602293580736 0.9259741777788766
6792.637369571151 0.9909603735236442
8304.423232007131 1.1070959326991165
8480.724126533296 0.9028904069554827
8734.109950170643 1.0262859265910662
