6 100
0.85 165.48908947970358 563 82 90 70 66 85 80 65 95 91 71 70 98 80 74 77 61 80 65 83 89 95 66 71 76 62 98 98 74 80 85 90 86 91 74 60 85 80 77 73 93 98 67 78 62 73 85 84 62 71 69 64 60 66 99 78 77 76 77 86 79 60 86 96 83 64 96 85 71 94 78 80 96 64 77 99 83 73 76 65 81 82 63 89 74 98 62 84 68 72 99 77 63 87 90 99 88 97 70 68 73
0.85 138.39373806191384 608 128 105 121 113 121 119 100 136 114 102 130 119 124 111 107 139 134 127 126 112 108 124 128 128 124 112 116 103 121 117 129 110 116 106 132 108 121 129 131 137 138 117 106 114 136 122 131 122 121 132 135 103 128 105 138 128 139 129 116 122 132 116 111 135 102 123 112 120 122 122 131 102 115 122 129 130 128 106 134 108 133 114 122 103 129 128 106 109 138 111 107 126 118 100 138 102 100 121 111 133
0.85 131.28880631767873 697 83 91 86 88 95 82 85 91 93 70 88 91 70 99 82 73 95 74 90 80 76 96 94 93 78 94 76 83 65 63 64 67 97 95 74 97 98 94 66 63 81 60 63 66 83 96 65 91 83 67 68 92 88 76 60 82 83 97 74 83 87 74 87 61 95 62 99 90 94 66 90 76 94 95 80 85 69 79 95 67 63 86 70 69 79 69 97 70 63 61 98 84 99 88 62 99 76 72 70 83
0.85 155.0141265126403 798 88 72 65 66 63 71 71 89 80 74 96 64 85 88 78 77 69 86 99 93 81 67 85 80 84 60 90 86 81 93 94 86 94 73 95 82 80 60 77 90 90 98 93 99 61 63 69 91 77 71 82 76 79 75 86 61 81 67 67 81 71 60 66 62 66 97 62 90 61 86 74 88 60 66 68 90 69 98 75 60 83 86 77 66 91 60 62 78 74 83 74 88 88 82 81 77 95 75 74 88
0.85 144.07735192913543 814 124 111 104 107 125 104 131 128 110 105 112 102 111 112 123 117 108 127 126 118 123 138 122 116 139 119 106 134 129 110 120 116 139 113 124 105 133 128 133 127 129 103 121 127 119 115 126 132 101 135 106 126 113 135 126 124 103 136 103 112 130 113 136 138 111 138 103 102 131 130 134 104 119 122 100 111 127 128 128 106 122 125 135 112 114 126 133 113 103 103 137 101 105 137 136 101 135 108 133 117
0.85 140.4490879224869 906 134 139 115 134 113 121 109 106 126 117 114 134 103 108 116 115 131 104 129 103 107 101 112 101 121 109 131 137 126 139 118 107 139 138 105 128 105 109 137 131 116 134 133 118 119 121 130 104 114 127 123 139 131 119 113 105 118 115 131 100 104 123 109 107 109 126 101 118 125 120 107 108 113 115 100 116 119 107 136 123 104 108 124 119 118 115 114 100 133 119 105 134 114 127 123 101 105 127 112 132
6915.578330807381 1.0648781299363494
3517.770830333455 0.9424646580533663
5025.431489150596 1.17481578579179
8718.56896611639 1.0039168285944222
6513.594327618773 0.8920364566943803
7811.643121826663 1.122460419670562
8763.68281483191 0.8014676659559513
7319.539478524 1.1174651378623168
6970.549455268511 1.0440890343002454
5029.151461415327 1.1579595156142803
6559.154080880845 1.0274427207142747
6183.206616083451 1.0002235095592387
5999.29264654639 0.9189959562886183
4782.831681378956 1.181667465816111
6131.909207306993 1.0650964457186791
7537.610945430548 0.924761608714749
6729.310637794584 1.1980275169129286
3678.311533497964 1.0429163522939733
8990.209213857424 0.8493077808715596
5914.098328008732 1.0599475016364437
7080.20157478484 1.0214259756906028
9301.22097680944 1.0790217061435792
4240.291387915642 0.8341758066756125
5245.050177145398 0.8049362098969285
11587.812369613008 1.0819207173080583
9120.027454332336 0.9152733557649169
3179.383158052828 0.9651416874800555
4843.3614100695 0.8043267307113181
3869.9992482556304 0.9629879904975847
4762.1771837906745 0.9904803177330171
4521.027395202796 0.8345351028056188
9101.946143117311 1.1679553309967605
7645.719885896445 0.9565023428043886
6023.125089746371 1.0191024110274345
6864.052054604938 1.12177604087876
7838.58462593715 0.9203353311769611
5791.22242619559 0.8812075961147356
6646.680104254382 0.8858289745130006
3285.7146973296426 0.9907893281114919
5560.169912665551 1.1276308137182638
4479.564537747233 0.9042371675384041
7139.047288265862 1.195194520088179
9329.427160258749 1.0380116042248981
4631.283359930933 1.0923126649727242
5909.48153045727 1.0732160917800522
6673.511798396477 1.198656138768392
5085.425068502349 0.9479416810521337
3389.3430445859026 1.0328453754784757
6246.9584696663 0.853200677989951
2450.4021851461916 0.9499837972258554
6555.579859490049 0.8848428377185887
5878.042031766038 1.0066215266293934
6656.81450512647 0.9448874913369261
7204.2891195831835 1.0618087835396959
8213.35457964179 0.8725251797421777
5486.160606345688 0.9268635197202244
4307.857799970625 1.1654345720603112
7857.365840435225 1.110369203331182
6255.219604395254 1.1614577654267553
8784.89377895125 0.9386770493303629
5977.117586777925 0.909004851262447
9820.275787343711 0.9516788916196538
6336.110380824339 1.1095926925387682
6209.997404927757 0.8465063217423188
3675.565360107468 1.0131305510243747
5871.047993090787 1.1075972315687128
5784.007347747492 1.051346676060529
4764.298403454422 1.0644270595735543
6090.915957610145 0.913238060488266
5352.750095939897 0.9601471975389668
6831.694677581559 0.9637801589329362
6186.990665056848 0.975623884517443
7677.951041019935 1.0194597361902253
8470.824846516552 1.023072083242075
8107.099764665989 0.8878138228077462
7926.986676757942 1.0566432118035276
4295.260008034069 1.147199931769839
6387.7196450365045 1.183434036943463
6119.908909884985 1.1606820822254917
3403.044213040015 0.8604576749562843
6264.854926168141 1.1398998120992316
8206.366893018338 1.1213785159825116
7080.315548186213 1.0623530143893563
8926.339149807814 1.0881069089277693
4822.518853011511 0.8510676405681858
8925.637136748752 0.8119267247336505
6750.195614681128 0.8467118808658708
4870.109528339686 1.0303047163467571
6245.604740667148 0.9658858784745944
6082.326619827343 1.0056567994483707
6319.979657797785 0.905415703713073
5941.014256607615 0.9100848257910594
5044.579659925598 1.0761100864161879
7013.213944625292 0.823621789649645
6579.6949013780595 1.1642614249475036
9706.436824801076 1.1387663722954005
6382.648772758368 0.9430516213269917
6374.167075492724 1.0658059895292202
4903.5896372295565 0.8027954247361111
3777.2788366342456 1.1565332118574965
