3 15
0.8419983378791955 205.02921815899228 826 101 102 102 109 106 133 133 122 107 122 133 125 121 125 135
0.8021629718222212 167.9637500804446 838 61 99 91 76 86 85 90 84 68 80 95 75 85 96 96
0.8274230837002021 160.0727074254131 850 86 89 85 88 94 70 61 72 73 75 61 72 84 87 73
1487.1979066972083 1.1880710177296034
2244.078565217064 1.020682142285208
1995.2316072326043 0.951934497401668
2255.401898901506 0.8148505162523084
1965.3563503591167 1.1290720725249115
1561.4251816889916 0.805222340738525
2084.4967847214266 0.8945374606040797
1955.1967278539275 1.1528435663078649
2272.732538386354 0.8886179589205917
1655.2802745309675 1.15769113613071
2725.8539373057 0.9488149603696655
2478.419739303449 0.8176870484263699
2481.7825405043714 0.8666524138710912
1727.5238495843669 0.8369705415799286
1903.5625430817392 0.8732245707270796
