3 15
0.8938742691717347 146.9103184613678 669 73 67 66 97 98 94 93 69 82 63 65 81 61 83 89
0.8921525487907229 206.8216717910554 778 130 116 118 108 125 113 116 136 112 105 137 127 101 106 117
0.8469943245410767 142.46411728841616 805 86 79 68 95 73 87 86 67 93 91 72 73 66 92 68
1593.222646531536 0.82906747604648
1955.0525816951933 1.0163409124801992
2195.506571565079 0.8362071476568778
2213.0435936823146 0.9519528429970693
1802.7982737508942 1.0845955427411416
1729.0270020847572 1.115689262659901
1426.4042572220721 0.8719640020846211
1770.828002922737 1.0036634001775617
2963.6392737947526 0.9896318564270379
1882.291418714909 1.1642781257287773
1402.4619701429378 0.9732229514455647
2434.240331880002 0.9568163966958438
1602.323169436603 0.9994309380973101
2481.0387991831244 1.130857141318773
1997.3001616536933 0.9098600565216721
