3 15
0.8758766765579956 103.01685261044447 607 78 81 91 61 81 64 91 77 87 98 74 62 93 74 69
0.8136566786004743 202.55227740966038 656 78 78 92 84 85 62 81 78 61 90 62 63 80 98 95
0.864690044970212 136.87912631383273 705 122 102 102 129 123 120 120 110 120 130 132 128 104 101 129
2003.0041908757555 1.0073313195106386
1620.5096029645638 0.8029254434597006
1376.6605320287304 1.0329030804617056
820.6472961521106 1.1806437697237362
1942.2928726397627 1.0213639503506804
867.423275367645 0.8893892269734153
1879.9065628405513 1.119660055766861
2105.5946765026447 0.8922109942106324
1824.9860531742215 0.8980257719905648
2042.0213902656908 1.0924459321141584
1545.931106560429 1.1935564299448087
1499.1532272713187 1.0845876456577592
1397.4611436367625 1.0529072168964195
1792.4958983838594 1.0959460197076019
1441.4100118563902 0.9086120631489589
