3 15
0.816795496709786 97.41838804311436 771 113 136 100 129 107 109 107 133 126 109 111 116 125 112 116
0.8769898998807938 158.27333908307634 843 80 72 71 90 96 89 72 79 60 90 64 77 66 87 73
0.8221650668685957 157.06328995482 926 76 69 99 83 71 65 86 72 62 94 72 88 93 84 99
1121.4672061410547 1.1945695082263417
2049.3912328519614 0.9160123028301258
2958.340162100669 1.0351287493308228
1277.4715019846824 1.0371868942270197
1352.5428933564501 1.1279318001920942
1760.3940465152687 0.8620396502761252
1831.7380345434724 1.1144127173980711
2323.112000983413 0.8640292596591823
1961.0491034187037 1.058782889063722
2185.367810239626 0.9784502145751516
1657.1272019004432 0.9691482919749645
2782.0447123342574 1.0780825329710955
1923.4440840019377 1.0044078237143883
1515.289831383583 0.8883470477952953
1847.660015477919 0.8491242898510059
