3 15
0.8635639761990901 130.99537382581778 589 74 91 77 63 72 71 87 90 71 63 96 67 73 92 80
0.8858462230020945 208.523095269941 953 109 132 104 120 106 132 136 112 123 126 132 106 134 100 100
0.8103938482436467 205.74384530911678 955 89 77 64 65 64 78 71 86 83 63 65 99 86 84 63
2875.754165596658 1.0944761993627483
1559.0822191153916 0.916775101412754
1788.458270198587 1.0837446292619646
2093.0915588697326 1.1893656832206572
2042.2054120770258 0.9569106693313693
2209.894256327346 1.0881297817456246
1348.6821742281036 1.0649494976795246
1954.0524533848477 0.9456093214234652
1401.3474682911963 1.027473182955766
2701.1915375830054 0.8844150136725574
2404.498403104265 0.8768373850244117
2557.260456147759 1.1788914630229845
1927.3195963033065 1.1999610953747353
2637.8350733643056 0.8141068422188872
2354.6402454755807 0.9035248627954046
