3 15
0.8603226545568222 193.86098707429267 527 77 95 75 82 60 93 88 93 78 96 78 62 60 94 98
0.8851247699449654 177.79898185325538 693 62 90 64 60 65 98 98 66 74 92 95 79 72 91 86
0.8698637117185125 140.93020278851105 696 132 137 115 120 131 110 112 125 117 133 112 121 128 139 112
1973.209264393537 1.0366931036540243
1782.6205129690306 0.8059738600065081
1908.0889852468192 0.8270827462158767
2336.908183367005 0.9972205471857676
2228.2276663693897 1.158183722768081
1805.379761404948 0.9828796748375368
2045.6981677625672 1.1766738191131694
2033.2505080409844 1.0204617156737643
1343.9679339864035 0.8485204871476533
1354.0761419102716 1.0315498562514118
1737.9557084209139 1.0137355005869921
1273.6979014734934 1.1737949819457298
1755.2576317584565 1.1992909770216396
1905.5698304449825 0.8209417853065054
1079.3588291716653 0.8431662824689381
