3 15
0.8543339698860599 121.9172398490127 797 91 94 93 90 66 96 66 64 72 97 66 84 90 92 68
0.8739542723190218 141.1323599509397 887 108 132 122 116 124 119 134 111 137 138 119 128 117 122 133
0.8438782026129377 109.27890588619351 896 74 92 84 85 94 80 64 98 86 78 90 98 93 65 95
2096.105414978159 1.0115056654162897
1658.4464710403918 0.9442037385399463
1888.119808059047 1.1597444786957494
2494.9132328674723 1.17458612557418
2308.523804180485 1.0489064029885529
1798.6120080464223 1.023283329348777
1863.7602950094429 0.8866494264880213
1832.7099530201358 1.1889416418018164
2180.036608967652 0.8483809594817409
2655.4685013766307 1.1418609557723718
797.676332198927 1.0028747403990608
2332.3419165193536 0.9476907119730946
1433.0509148293029 1.1171511394182205
1648.1251611686635 1.0516679230048944
1281.5182906146122 1.1952220881472402
