3 15
0.8755980152383878 186.55592643165897 510 82 67 66 91 87 65 94 78 82 97 75 69 75 80 96
0.8104594078590572 138.75734152725434 671 62 68 80 64 87 84 83 89 67 77 97 85 94 89 68
0.8916373587398738 208.28397645379977 698 114 109 111 137 110 112 109 128 113 131 129 126 119 107 101
1894.8019772813523 1.114605376063151
1483.278470165643 1.1297022925038487
1102.8583298811254 0.8812365517309969
1742.8085161591155 0.9026006010098938
1387.1856189480668 1.0495053063810018
1732.7406018427212 0.9185706877262908
1406.2608855616722 0.952916232977167
1346.2006772312707 0.977741263082377
1083.7907934468658 1.088635785661466
942.6425699916359 0.982904301864388
1996.7914471187974 0.80858536752652
777.7125745719774 1.0909102220463314
1546.0902119827615 1.051366836244074
334.2378115282777 1.1472006573730973
1787.0146721347705 0.9304057795403274
