3 15
0.80451423042581 112.08984152131592 560 129 128 122 101 128 119 136 118 109 110 134 119 110 119 105
0.8114330352672321 146.4816150689911 696 99 88 81 81 92 85 74 88 73 79 64 75 89 65 78
0.8921832456714021 172.96218290096925 965 75 86 97 63 91 71 97 67 85 86 93 92 66 87 97
2320.2620402153602 0.9957415848697122
785.5572710205943 0.9920537924934523
1843.231050783832 0.8173084390009968
1831.940108136848 1.0371054215343785
2286.0951018349115 0.9875089192970847
1578.075885525005 1.0754721190198573
1847.3086538478906 1.1205493191479758
1867.9677076830205 0.8672829534492478
1975.1224429636095 0.9398286120079019
2147.799723915553 1.1336253762114148
1451.9429460915067 0.8277640988246951
1138.8367945692785 0.8807628397845623
2070.3278951362818 0.8062428420565768
1660.2948611479273 0.8114950700141708
1656.6331618314455 0.8528005777560522
