3 15
0.8122144480454099 172.42288070096447 554 60 80 88 96 60 66 85 77 67 74 74 87 69 82 72
0.8227076203142404 200.2869924570376 588 68 73 85 75 86 81 77 69 66 88 91 71 69 60 65
0.8286740379004823 171.62275675436914 731 126 133 109 106 126 137 102 103 126 113 131 104 121 132 129
1230.9289513005515 0.9996299384453421
1419.4964281318546 0.8416942751215872
1236.3159212048797 1.0316238177923036
990.2629898464616 1.1333677124636987
1503.4823284250867 1.1239155876462932
1065.597535731025 1.0110283138375296
1511.1261318710026 0.8969053601484371
2078.4463801108577 0.9503465679867823
1339.7503203247807 0.9970571252834052
1489.161785404543 1.1731112836070192
1335.8324907120111 0.8673403823938239
1761.1402605735693 0.8309416450762241
1114.6971533864146 1.1817472364205504
1670.8730071725577 0.9143712380439216
1232.0863480973806 1.1461362260522998
