3 100
0.8109987909564184 143.50142171442408 576 127 100 135 114 114 115 114 120 136 138 102 126 125 127 132 139 139 112 122 114 113 123 108 127 118 104 106 101 135 133 125 137 121 133 113 114 109 112 120 106 111 121 129 112 132 132 124 100 132 116 139 131 100 138 105 109 124 115 117 111 132 122 133 132 104 134 116 104 101 121 133 112 113 115 136 137 104 101 102 131 123 122 131 105 123 113 132 125 100 104 120 120 129 133 128 122 109 103 129 130
0.8575970394178373 174.1149533495444 808 67 62 89 74 72 96 68 79 91 83 79 65 77 80 86 89 96 84 76 80 68 94 98 65 97 70 85 81 64 76 65 76 90 78 93 61 93 96 71 83 89 78 91 73 93 69 72 87 64 94 81 73 96 69 78 64 70 63 90 75 87 88 99 92 78 68 74 93 73 92 64 87 69 93 61 83 89 97 94 92 63 70 70 82 66 96 96 89 80 80 66 68 93 77 95 87 83 65 77 67
0.8031770810911464 127.86392269478668 818 78 99 99 70 98 68 71 65 97 89 72 78 85 88 95 89 68 89 76 60 94 75 65 87 76 63 91 89 71 78 87 87 84 67 96 64 91 62 87 99 89 67 72 74 80 67 67 60 84 73 80 75 78 96 91 94 81 87 89 94 94 96 78 98 91 67 79 93 66 93 78 89 86 86 91 69 65 98 63 95 66 61 92 69 80 66 71 69 93 81 67 80 73 86 86 97 64 67 73 92
5155.687386685254 1.0
8248.855195633292 1.0
4810.314349777621 1.0
4462.80270197431 1.0
5955.639503251244 1.0
6489.300778888496 1.0
3491.2904982976584 1.0
8024.424178080819 1.0
7722.149112830064 1.0
6544.10160610045 1.0
7745.765252105355 1.0
4195.308231804703 1.0
3908.791155043457 1.0
6271.757652958842 1.0
3884.962242217318 1.0
7067.835187260295 1.0
9145.708303394302 1.0
6051.814683396366 1.0
7417.276248731227 1.0
7449.231571072571 1.0
8177.871495641543 1.0
8411.537641977677 1.0
8511.6872908101 1.0
9026.652596255759 1.0
7948.394323558574 1.0
11640.395557867758 1.0
8581.3202944239 1.0
6349.205630039236 1.0
2874.3426632908 1.0
6962.270673275762 1.0
8796.882969714812 1.0
8942.117492609052 1.0
6786.869192672401 1.0
10181.353770409249 1.0
4561.392608834425 1.0
6333.449793368333 1.0
7960.639170790977 1.0
6389.53442332691 1.0
6331.078355746996 1.0
5065.85687665066 1.0
5895.455020817789 1.0
7201.612708356299 1.0
8514.176735385368 1.0
8300.782578800496 1.0
6440.4819361166 1.0
7015.526521126716 1.0
11114.128085706518 1.0
6107.599396958228 1.0
4705.1545126285055 1.0
8016.70355887903 1.0
8311.650004016288 1.0
8662.845473880603 1.0
11023.449574972254 1.0
5908.881042972238 1.0
4731.5692927059345 1.0
8242.584009168295 1.0
6753.793939147579 1.0
6571.728886187066 1.0
6309.779156320666 1.0
9223.330500022319 1.0
6359.401391529592 1.0
7215.178206544329 1.0
6056.102294327027 1.0
9117.41615153868 1.0
8393.218554926412 1.0
5025.2666532810545 1.0
7443.563174570549 1.0
7968.1799499898225 1.0
8038.015424156513 1.0
6475.910072265061 1.0
7252.0760798709925 1.0
5273.766146101516 1.0
7460.616966229104 1.0
5952.301993446618 1.0
6924.838478895216 1.0
8230.80891063288 1.0
7348.052004958666 1.0
6055.854416261812 1.0
6180.771320677299 1.0
5295.086740974694 1.0
6701.8427253046375 1.0
7681.217861011385 1.0
5380.535180057927 1.0
8687.038448708896 1.0
6846.20212198397 1.0
4541.351947777483 1.0
5957.590447423122 1.0
7094.445694976346 1.0
7047.247224944914 1.0
7579.153693617341 1.0
6491.3318023639295 1.0
6026.7457347539375 1.0
6416.462462707577 1.0
6653.806988901015 1.0
7361.697901536973 1.0
4411.308184625929 1.0
4952.17884510021 1.0
5834.743432897926 1.0
3859.055986729722 1.0
7009.904925452515 1.0
