3 100
0.8324995535558537 165.68557580968462 560 113 139 118 121 133 104 129 125 135 137 127 122 107 112 133 126 127 125 132 136 118 118 118 119 123 123 138 132 118 106 123 125 125 116 127 114 131 128 103 139 125 130 131 134 118 126 103 135 123 114 125 108 125 117 115 123 108 116 125 116 124 117 129 112 112 132 118 133 105 128 100 109 103 106 111 137 130 136 108 129 126 103 122 114 100 139 128 116 135 131 127 139 120 124 107 106 102 118 120 100
0.8715505796352995 120.79284101729999 838 73 69 75 81 93 61 86 70 76 83 83 62 88 72 77 68 75 88 67 77 62 62 79 84 70 92 86 76 80 64 73 80 84 98 85 99 62 65 64 99 95 83 97 93 75 99 75 78 61 69 83 84 93 75 92 64 75 87 86 81 89 63 71 61 96 90 98 62 61 69 87 84 80 65 80 73 68 63 99 71 88 67 76 75 65 98 65 60 63 82 68 94 77 73 88 88 96 93 63 73
0.8416582266734649 162.4815727531176 994 92 74 62 64 74 91 83 91 87 88 73 84 61 80 93 85 98 64 97 63 95 93 74 99 82 61 73 73 60 75 66 75 88 89 88 96 83 94 69 93 71 88 81 89 88 87 66 61 85 94 71 96 75 76 89 75 92 91 70 63 75 82 61 76 94 68 73 77 86 64 81 64 71 70 78 92 98 98 64 65 92 92 82 75 65 80 95 96 83 92 65 70 62 97 99 70 90 86 99 72
5614.07958041565 1.0
8333.4064300266 1.0
7531.789551005334 1.0
7021.858844909064 1.0
6286.067315191865 1.0
6367.583838829885 1.0
3641.8185572751586 1.0
4064.200869892101 1.0
4150.240407557043 1.0
7215.283483754937 1.0
6251.261384410916 1.0
5943.622644448822 1.0
7713.199185969745 1.0
5911.446909182832 1.0
6746.243620266776 1.0
8060.747848262579 1.0
5816.435146880613 1.0
5192.160691686897 1.0
5062.030318511092 1.0
7312.626543471888 1.0
6425.251088531907 1.0
6620.752345374597 1.0
8507.067505470155 1.0
8278.204015014106 1.0
7459.525812069966 1.0
7101.433308746967 1.0
9447.021036218044 1.0
3942.336702225405 1.0
6293.129840307469 1.0
6142.457262174039 1.0
4497.938264388813 1.0
9003.328478335743 1.0
3364.6314110293297 1.0
6341.220674840026 1.0
6577.278632665168 1.0
8248.983047374804 1.0
3113.3306058557255 1.0
8609.51345543651 1.0
6226.698881738641 1.0
7801.054415389405 1.0
6501.4988922751345 1.0
6546.461348592714 1.0
7961.395878620507 1.0
5571.874101408883 1.0
5737.771226132098 1.0
6706.730626226919 1.0
6587.373146282567 1.0
5956.804181740749 1.0
10627.312534031898 1.0
8736.971304818882 1.0
8349.240136042292 1.0
7536.865732626135 1.0
7714.902184711944 1.0
7173.721279721968 1.0
6863.196119110257 1.0
4482.790954344997 1.0
8690.544357782599 1.0
10644.700090305076 1.0
4161.620268602581 1.0
5825.268117202421 1.0
7974.2266766368575 1.0
7014.326912567116 1.0
4150.995865816372 1.0
7438.790482726382 1.0
12631.094627189756 1.0
5022.435339790432 1.0
7576.196929518888 1.0
5329.597066574452 1.0
5733.213121906416 1.0
8737.111376675772 1.0
5203.67171491988 1.0
8311.088239150518 1.0
6804.515467751915 1.0
8468.670224204467 1.0
5417.165139637686 1.0
5830.114541307552 1.0
5557.621318182482 1.0
8896.961061510581 1.0
5996.897749309727 1.0
9526.364992436389 1.0
8951.663212831052 1.0
7272.4962507176115 1.0
8998.67412379976 1.0
8510.679476761283 1.0
3589.136985881412 1.0
5034.421824055023 1.0
5077.197164848834 1.0
4629.924072069296 1.0
5568.42452021346 1.0
8155.424478346847 1.0
6201.59574481229 1.0
6232.570211148713 1.0
7626.021177706374 1.0
7676.160340942013 1.0
4656.957842666405 1.0
5169.993271247991 1.0
6858.493041101132 1.0
7986.462648389129 1.0
9699.073765111027 1.0
8473.163228001738 1.0
