3 100
0.8171250685369743 139.6519295937507 518 93 70 85 98 85 75 83 82 64 73 99 80 61 94 86 76 93 79 84 84 89 70 63 62 78 83 82 84 81 95 67 73 64 73 76 81 66 67 99 71 78 63 87 97 78 74 95 60 69 89 66 78 75 79 78 64 60 80 69 97 95 74 71 81 78 71 83 85 65 96 65 72 97 65 87 91 83 63 72 69 70 89 76 65 88 88 77 68 61 85 78 73 71 63 73 80 75 93 82 73
0.8531895074406776 128.59351239783632 677 91 98 66 85 82 62 92 84 66 69 72 96 74 64 65 66 63 61 70 96 71 83 69 85 76 63 99 66 96 60 81 67 68 82 87 97 63 65 98 63 78 87 94 88 60 92 99 66 64 90 82 89 65 99 99 84 75 93 85 95 62 74 63 66 61 96 95 81 72 98 64 64 74 73 65 62 71 78 69 63 61 75 96 99 60 93 60 81 95 75 89 78 73 67 95 91 82 76 97 84
0.8159854171216356 143.199337823453 742 122 124 130 135 118 106 103 107 129 139 109 107 128 112 114 134 133 128 116 124 134 104 135 120 100 103 131 108 101 135 136 117 130 130 117 112 121 104 132 123 119 133 134 136 127 124 120 106 132 131 126 126 103 111 108 136 107 108 119 132 100 122 124 107 122 135 133 131 101 127 134 113 120 102 101 131 113 122 111 137 139 100 103 136 104 118 136 115 130 132 121 139 109 137 100 114 116 123 100 126
5669.57557580466 1.0
6780.256173627787 1.0
4280.014699555191 1.0
4350.770913768938 1.0
2609.4039745933596 1.0
1536.0007883740573 1.0
4260.396532773913 1.0
5017.1886905531 1.0
3653.851639564504 1.0
5295.754836555915 1.0
7861.005022681554 1.0
4612.588972056976 1.0
3327.1062152598815 1.0
4571.250003317924 1.0
5561.3152238297525 1.0
5959.791251389145 1.0
5544.294230775784 1.0
2799.700108663508 1.0
4110.881693357853 1.0
3588.1499880751912 1.0
3835.2079717192128 1.0
4029.345729315524 1.0
2575.1450490819957 1.0
3506.6642728073643 1.0
4168.903175688492 1.0
3961.452972752417 1.0
6155.048114591011 1.0
4589.599531558619 1.0
3857.0221991822896 1.0
4778.016439467222 1.0
3214.896127768468 1.0
6163.254085572209 1.0
5291.528261698061 1.0
2724.614049583311 1.0
5002.662920136662 1.0
6890.044304431607 1.0
5468.401071578617 1.0
5745.935617207023 1.0
6521.7690992378875 1.0
5099.723342986277 1.0
2064.6004767064064 1.0
7686.606261768234 1.0
1973.392987299345 1.0
3723.6698670270666 1.0
6046.008986889847 1.0
3487.90676813996 1.0
8710.054627140204 1.0
2498.4317222381264 1.0
6624.88495575343 1.0
5877.861451883741 1.0
6811.624137619815 1.0
4475.877729742408 1.0
5521.21295711588 1.0
3335.652607451944 1.0
5465.226663097811 1.0
4149.781218974459 1.0
4720.927400511564 1.0
4855.198084206973 1.0
6738.692292978076 1.0
3742.273931349874 1.0
3906.815684614572 1.0
6021.763439163381 1.0
5811.682573968252 1.0
4618.082906260512 1.0
4558.830719382954 1.0
5236.938073894446 1.0
5418.222803916773 1.0
5670.261971953693 1.0
5503.265782051563 1.0
5568.647734369893 1.0
5281.029485936942 1.0
4236.93572220437 1.0
3404.833462089805 1.0
5237.7889509770675 1.0
6177.736923370043 1.0
5259.918217583707 1.0
4031.066130142124 1.0
4724.024214577974 1.0
5520.050747152977 1.0
5324.632926380814 1.0
3855.9198123825618 1.0
6838.928099892111 1.0
6763.316610853131 1.0
5796.126005188188 1.0
7825.334662518446 1.0
3492.933756486228 1.0
5224.166547295968 1.0
4551.803579602562 1.0
6978.459442546596 1.0
4683.081789929931 1.0
7419.633689726051 1.0
4181.402095352967 1.0
4061.2040975625755 1.0
6152.171940812816 1.0
5731.114870825587 1.0
4635.813704087496 1.0
6580.065292570133 1.0
5496.121478105683 1.0
3147.801688631827 1.0
4914.08230676989 1.0
