3 100
0.8422351475556357 137.23604896025194 590 71 73 90 87 67 64 72 96 87 65 61 82 79 71 83 82 77 94 79 64 81 72 69 64 76 84 64 70 89 65 84 74 71 73 62 74 82 84 81 89 71 79 98 88 85 60 73 99 76 72 86 71 90 69 67 83 74 63 75 89 98 99 72 76 94 89 63 97 77 70 72 90 89 87 80 73 89 95 64 90 62 68 83 66 66 69 72 76 82 93 60 99 74 96 82 81 96 80 88 67
0.864490831082716 140.85105188180594 855 135 120 100 120 117 126 113 106 123 111 108 131 128 128 135 126 136 118 103 120 136 107 131 136 121 102 124 115 113 100 112 127 126 101 118 133 121 116 113 125 120 100 122 118 113 134 120 127 139 119 117 135 107 119 112 139 115 113 113 117 124 120 137 134 136 110 132 134 127 134 136 110 123 115 112 129 139 135 104 111 136 109 104 105 121 113 123 114 133 101 124 126 137 113 101 116 135 120 113 114
0.893486961303339 126.03003312596304 944 60 87 84 92 79 99 60 84 87 71 63 77 80 93 74 89 84 77 76 62 82 60 60 76 71 82 62 83 99 61 83 85 62 65 80 91 66 89 88 86 60 99 99 87 72 89 66 77 90 84 60 60 89 75 71 82 85 74 64 86 88 65 93 88 69 67 60 89 83 88 99 82 61 70 95 75 73 65 78 98 67 74 64 74 68 80 66 61 94 79 69 71 77 74 63 76 75 73 71 81
5022.124583251159 1.0
7194.646973696934 1.0
6858.898129510559 1.0
5633.267907417018 1.0
4684.352563683447 1.0
5074.98851653136 1.0
6953.450164431425 1.0
4769.366034661324 1.0
7422.643481574373 1.0
7624.0186538905655 1.0
4692.863462415256 1.0
9294.129803522592 1.0
6113.295171273638 1.0
5405.60707986481 1.0
4331.014786461587 1.0
6812.92356407127 1.0
8055.133133154559 1.0
5678.30301301446 1.0
5261.02839094976 1.0
5457.63909942977 1.0
6977.52623597892 1.0
4260.851217047857 1.0
6080.167697708633 1.0
7466.852764646138 1.0
6124.12376711577 1.0
6508.298084753661 1.0
7703.060242547728 1.0
5734.932202086592 1.0
7270.673165493303 1.0
4801.441803150754 1.0
5944.836050790497 1.0
5826.344053677237 1.0
7885.753318858561 1.0
3136.759337048916 1.0
6878.1736470397245 1.0
5572.792874610828 1.0
5829.466675861544 1.0
7011.4035334295095 1.0
7173.1314611255375 1.0
7100.152742286731 1.0
4603.999709292234 1.0
6216.049058234966 1.0
4464.311446682407 1.0
6778.402150023368 1.0
4799.309532434727 1.0
5500.97827090711 1.0
6119.029456498204 1.0
5438.307185643961 1.0
6653.029393223429 1.0
6758.665703392337 1.0
6085.568955982789 1.0
4619.779313422515 1.0
5616.820455250083 1.0
6209.836182445085 1.0
8457.278105282854 1.0
8842.374119949376 1.0
2986.8418870644564 1.0
5414.876920673601 1.0
8011.059952302271 1.0
6268.59602899388 1.0
5879.5608072226805 1.0
5844.592109183891 1.0
4907.0122281749445 1.0
6677.8133778315005 1.0
7862.781501160381 1.0
8720.676810998068 1.0
5501.258872612816 1.0
5049.723106111524 1.0
5433.554842672264 1.0
6993.738814238897 1.0
6392.24695787657 1.0
4820.55044399785 1.0
6148.075307717282 1.0
6732.899141095964 1.0
6430.010177319629 1.0
6138.82533814301 1.0
4223.871521704845 1.0
7009.10014507655 1.0
8174.393575003093 1.0
5784.56878180231 1.0
8451.239851102982 1.0
6405.121201218689 1.0
3783.6569624331987 1.0
8392.944007021966 1.0
5187.751692118007 1.0
7797.3626811580725 1.0
6922.663151187637 1.0
6172.4058874622415 1.0
8039.963686946407 1.0
6895.392164619706 1.0
6451.523385760733 1.0
6090.24934240927 1.0
6424.547620847961 1.0
3733.330900657274 1.0
7446.56301121877 1.0
8607.212783942297 1.0
3895.5639659470567 1.0
5776.168549013839 1.0
6662.385006992352 1.0
4329.498443787606 1.0
