3 100
0.808525031864553 156.2465672281989 554 126 106 125 106 105 123 110 121 132 112 125 104 117 127 110 105 133 115 119 116 100 128 126 138 101 132 100 123 128 125 111 134 111 121 136 128 107 123 134 112 122 101 121 120 125 108 117 114 121 134 126 137 126 104 116 136 108 103 136 124 137 124 122 136 108 108 134 135 109 102 101 135 105 119 118 114 139 102 128 116 110 114 108 131 127 138 126 135 109 138 128 113 126 105 124 127 109 108 122 130
0.8851811062488019 127.17114935869212 800 70 95 97 82 74 85 61 63 91 62 61 76 72 65 89 90 70 77 91 90 77 92 85 94 96 74 61 74 75 97 65 94 67 60 77 84 70 84 99 63 76 67 75 71 66 92 66 76 82 71 76 79 89 66 65 93 70 60 91 91 78 87 80 80 73 98 84 82 94 76 83 94 95 77 90 73 95 95 96 68 68 71 96 60 84 85 75 87 64 65 94 60 69 81 71 88 86 97 79 94
0.889426366760198 159.36996413967037 915 84 60 74 82 92 76 82 81 96 97 91 99 78 73 73 60 78 92 97 97 83 79 70 77 73 78 67 75 83 64 81 95 85 86 83 93 95 85 75 90 65 93 63 68 71 72 97 92 99 76 94 66 63 68 71 66 87 94 61 61 61 80 64 96 60 71 86 68 87 69 97 88 64 91 90 79 96 81 83 96 85 72 64 89 73 99 77 85 62 90 70 97 90 96 77 77 67 93 83 63
8982.472171388294 1.0
6211.000272672685 1.0
8680.093071600575 1.0
10618.713471746105 1.0
7897.790299966538 1.0
4917.119342957058 1.0
5693.246402482977 1.0
4822.728276731548 1.0
6472.1402711943065 1.0
6097.873767593902 1.0
8139.80915217356 1.0
5150.326909271429 1.0
9113.306145650578 1.0
7607.525604462437 1.0
9112.116230318166 1.0
9125.74414327147 1.0
5395.169006415404 1.0
9579.43564860772 1.0
5383.100081016618 1.0
7732.680829052698 1.0
7623.321218617895 1.0
8829.186426589496 1.0
6887.878080585539 1.0
6659.172421286458 1.0
6069.913583139313 1.0
4841.314710318697 1.0
8437.713167068287 1.0
4511.000187255564 1.0
7900.404120731399 1.0
7410.634645821324 1.0
6084.499322360725 1.0
4565.105905159466 1.0
6888.721054926158 1.0
6456.849151872155 1.0
4447.5028842395 1.0
4219.48957781581 1.0
6407.497404130574 1.0
4706.699211379974 1.0
4580.97448718178 1.0
6676.287494451872 1.0
6709.831459693986 1.0
9543.377614026027 1.0
3200.1522381758264 1.0
9403.463095882733 1.0
8361.505100562636 1.0
3799.524483151982 1.0
8702.053860758304 1.0
9943.26919876656 1.0
5578.803959806156 1.0
7002.164739433272 1.0
8580.581045386303 1.0
6222.666515550014 1.0
6704.030865976387 1.0
8128.267176270021 1.0
5951.965935570653 1.0
4456.679612914771 1.0
6242.252768654573 1.0
7089.577575703802 1.0
6347.394720865247 1.0
7624.804859436733 1.0
7988.267394591903 1.0
4773.401962014135 1.0
5965.450202892814 1.0
7552.407790545462 1.0
6543.640188467047 1.0
8907.555248417724 1.0
4009.1523426671274 1.0
7531.014001054016 1.0
6529.253281565376 1.0
5481.288031893648 1.0
7508.956369097887 1.0
7532.355899537423 1.0
7056.4336865583555 1.0
7831.801671876179 1.0
7360.8645299218015 1.0
8058.168879136099 1.0
7607.7937150962325 1.0
7366.573463045582 1.0
6936.366825115426 1.0
7594.333059699888 1.0
6244.037846260211 1.0
3747.5676857903327 1.0
7419.737297480719 1.0
6311.551819193858 1.0
7737.572314916406 1.0
6816.00701204963 1.0
5655.1634325980485 1.0
9891.782554166333 1.0
5729.930201944371 1.0
7584.773179140381 1.0
8310.252381593129 1.0
6748.68023478722 1.0
7838.68940930839 1.0
5944.050340616249 1.0
8456.119213905376 1.0
7415.79526794856 1.0
8752.828494457708 1.0
5148.415386859613 1.0
6041.669400989689 1.0
6131.571835748143 1.0
