3 100
0.8092829918872982 157.88738266941706 525 65 90 68 97 93 64 72 60 81 97 94 68 92 91 82 71 63 87 75 97 94 74 92 70 87 87 62 71 70 76 90 74 77 82 69 89 64 91 77 97 86 92 96 85 65 74 84 91 96 83 64 83 87 62 98 63 92 69 68 97 90 71 73 96 65 65 95 97 98 84 80 88 71 83 67 85 60 93 81 96 61 88 83 64 65 63 87 99 72 64 74 90 86 87 69 67 72 60 98 72
0.8419706832322841 152.08354501628537 777 126 127 101 102 120 131 120 113 133 122 121 114 112 122 109 129 107 138 122 101 127 129 113 119 101 104 115 129 118 136 115 138 126 112 122 105 105 116 132 107 118 113 114 121 119 115 110 116 126 132 123 139 121 117 106 114 110 120 108 125 135 120 100 117 131 137 135 133 110 108 106 117 125 119 108 111 109 132 126 132 111 125 117 107 116 103 113 119 113 115 109 110 127 103 133 127 128 135 132 136
0.862642362622309 154.41103449704838 827 91 97 97 79 72 67 67 80 85 93 72 85 66 76 85 67 64 72 91 89 72 60 77 75 90 94 65 98 78 70 95 60 98 94 83 89 89 62 83 82 79 96 78 73 95 96 93 92 65 86 90 72 64 79 78 73 84 93 84 77 63 81 66 73 72 76 72 60 67 81 65 73 78 98 60 83 73 78 92 79 64 76 68 75 81 96 89 93 67 98 91 89 68 73 66 95 74 92 84 71
8455.598325912357 1.0
7103.061319267961 1.0
4850.205221076928 1.0
4120.324244916772 1.0
8044.916915353198 1.0
4491.311070308999 1.0
5371.4528317358345 1.0
4431.508652168774 1.0
6773.122312056606 1.0
7562.220588999193 1.0
6451.812919665846 1.0
5405.348457037409 1.0
3483.9090972797358 1.0
3185.110167266352 1.0
6485.793443100555 1.0
5956.24807451613 1.0
8215.53935005311 1.0
7298.10557528311 1.0
4819.541351058957 1.0
7689.4992238862405 1.0
7629.007205661372 1.0
7202.698621187568 1.0
5502.994577779134 1.0
8162.132734329754 1.0
6209.333422596122 1.0
9504.510320815389 1.0
6541.637726717019 1.0
7239.550323384308 1.0
7166.577657927666 1.0
6089.63655037635 1.0
3167.6830373241005 1.0
4114.898358246546 1.0
4387.832480330089 1.0
7709.141297327806 1.0
5266.195399370122 1.0
5266.631685482329 1.0
7502.172159577083 1.0
7552.91379057193 1.0
4412.256512918911 1.0
5433.9409500917245 1.0
8734.240756119152 1.0
6254.348106122554 1.0
5861.656724979619 1.0
6729.4712888148515 1.0
9050.686530782416 1.0
7588.539326240156 1.0
4116.732639742502 1.0
7080.233461966737 1.0
10072.319847459881 1.0
4863.905371989268 1.0
7055.3210855664365 1.0
4966.996117469952 1.0
5435.8607414430035 1.0
4785.324770247806 1.0
3408.669410480235 1.0
7166.612730851022 1.0
4992.954124971854 1.0
7213.96582590815 1.0
5993.153540140322 1.0
5539.507242727091 1.0
9009.29248638191 1.0
7601.710908637373 1.0
7452.899025100344 1.0
3668.9010902369864 1.0
4957.756778977964 1.0
8337.675790946956 1.0
3891.6778978875 1.0
2606.452295441031 1.0
5554.21449484368 1.0
4350.6382015587105 1.0
2953.228747821279 1.0
7813.6770490604185 1.0
5204.58902872993 1.0
6076.916019003468 1.0
5438.879271366619 1.0
6252.72344541229 1.0
5553.096918939991 1.0
5327.1366076589175 1.0
7621.859006318469 1.0
3479.8782297694875 1.0
4085.609913030433 1.0
5752.050248471171 1.0
1971.3420040799974 1.0
4741.2305164230565 1.0
4877.6056551419915 1.0
5552.130153052269 1.0
4082.0953162800124 1.0
5516.11547486982 1.0
3498.3535041814534 1.0
7229.274673160485 1.0
8917.573644716245 1.0
5510.357585965065 1.0
5673.459786132172 1.0
6737.108186326711 1.0
5541.216278742017 1.0
6105.689304643606 1.0
7643.063841498208 1.0
7398.041517002482 1.0
6004.2329887269925 1.0
6010.988752478033 1.0
