3 100
0.8683278032451833 164.3670269604518 508 99 72 97 84 61 81 80 76 73 70 65 65 91 75 65 69 66 61 70 81 61 62 71 90 77 91 94 77 77 60 90 86 68 88 91 68 74 67 78 73 61 94 75 84 73 72 82 77 87 65 97 95 73 67 70 81 71 92 62 96 94 88 81 62 76 86 73 87 68 84 99 79 69 93 82 85 60 64 75 80 75 74 75 92 85 66 74 92 78 76 62 71 68 85 71 94 65 61 61 78
0.8040924821248205 150.98081561428066 634 70 87 78 98 96 91 98 72 80 94 79 66 89 89 93 81 79 91 69 82 96 73 70 60 64 85 73 61 84 72 97 84 96 62 61 84 94 79 92 65 90 68 99 89 98 62 83 69 97 66 63 71 97 60 97 74 93 77 99 88 90 72 62 93 75 63 84 60 92 77 65 95 92 91 83 73 69 61 79 79 61 75 83 68 63 79 95 61 91 93 88 97 62 87 79 95 72 71 91 73
0.812381281367175 154.21367873232725 892 111 115 109 130 134 119 101 101 115 122 104 111 132 136 126 125 119 126 139 109 135 114 100 106 113 110 114 128 128 132 138 120 100 101 134 126 115 123 139 110 107 100 135 121 129 107 131 108 119 113 122 111 135 121 113 104 128 117 131 110 121 122 138 138 131 106 120 105 129 126 137 124 118 110 117 115 101 129 111 105 122 115 116 106 120 124 139 127 125 107 121 106 116 128 137 139 131 123 138 123
3694.0163426001372 1.0
4671.342186690859 1.0
7092.690858454378 1.0
5699.189185591059 1.0
3553.5709733703015 1.0
3129.5062060797827 1.0
5202.769564069931 1.0
6258.6198719388085 1.0
4497.46502518305 1.0
5474.8068113725385 1.0
4516.973646993723 1.0
5431.229528325879 1.0
3227.381476799618 1.0
7293.8999296873735 1.0
4174.110268164442 1.0
4845.093874306139 1.0
5421.009476265199 1.0
5362.5107823625485 1.0
5622.884764007674 1.0
3465.5425999466142 1.0
4551.841192837643 1.0
3401.5256602012587 1.0
4053.2771399390404 1.0
6529.879612226104 1.0
2877.776003546819 1.0
6360.375514991179 1.0
3442.2546808303878 1.0
6052.189389503953 1.0
6175.399764353495 1.0
4606.831975411102 1.0
4136.978733591629 1.0
4904.750164036501 1.0
5268.307172475164 1.0
7237.820716319926 1.0
3102.686210240756 1.0
6697.500889102567 1.0
6563.555812149225 1.0
4539.713951513934 1.0
5212.2803066197175 1.0
5186.569308496838 1.0
3938.524433022932 1.0
3543.9795666817154 1.0
6262.090805899344 1.0
4767.609434514453 1.0
4120.850155680974 1.0
2507.3839826548974 1.0
4937.443122283352 1.0
5108.415745196442 1.0
6610.51998412384 1.0
8558.326031208773 1.0
3232.343510968411 1.0
4445.916604387454 1.0
5474.16547711029 1.0
3349.600183394515 1.0
4179.13919258956 1.0
5843.698080889107 1.0
5160.697694501251 1.0
3971.469151951558 1.0
6094.059010174247 1.0
6343.856843211931 1.0
6743.747716767153 1.0
5608.0198839539435 1.0
5170.579381186192 1.0
5319.246710706897 1.0
4653.449711664233 1.0
4264.891137728778 1.0
6358.111996919054 1.0
3984.7655670999093 1.0
6636.198868529765 1.0
4631.563210529449 1.0
3243.6290144570685 1.0
5936.560565498592 1.0
5434.5382376593225 1.0
6342.037981031858 1.0
5791.968571246403 1.0
7406.199618697075 1.0
6757.549493467697 1.0
6378.942087739653 1.0
5633.261076812417 1.0
7697.826337681465 1.0
5317.39890721043 1.0
6332.627546454756 1.0
5694.732654361499 1.0
6108.8596008286995 1.0
5622.338424107548 1.0
5603.848593159329 1.0
3131.200586629059 1.0
7350.237655527861 1.0
4953.417995541929 1.0
6624.1773129388985 1.0
7943.8639568934395 1.0
4049.5125851033226 1.0
6659.25860013177 1.0
3705.307159985635 1.0
5200.030931056555 1.0
5910.24967439562 1.0
4295.601977556101 1.0
5959.186883687238 1.0
5757.1985053263215 1.0
5826.607116322013 1.0
