3 100
0.8557419181635764 132.51768217714084 642 77 91 76 78 86 85 85 71 81 67 91 95 76 66 64 75 97 99 72 92 71 91 84 93 64 94 99 93 86 89 96 97 63 83 90 68 90 63 67 84 98 97 81 65 77 73 92 83 61 68 74 73 85 85 82 73 64 74 81 70 67 73 70 93 93 84 92 87 93 65 97 74 87 92 93 78 87 60 62 98 75 62 86 78 80 99 66 91 96 67 95 99 70 65 68 75 81 66 71 80
0.8541220866231328 131.6990795311764 701 86 81 76 97 82 83 71 82 77 78 85 92 60 84 64 83 84 92 62 65 64 63 75 99 60 64 81 65 87 65 67 72 62 93 98 89 90 85 94 88 70 77 64 90 91 72 84 95 91 82 77 97 68 77 97 84 70 83 97 95 97 81 83 99 60 97 62 66 99 74 73 64 82 79 68 79 71 84 61 74 60 62 99 83 71 64 79 60 95 63 92 79 77 72 67 93 76 77 98 94
0.8147144787598412 171.4740477961325 839 100 123 132 119 126 103 121 113 104 132 112 122 123 114 132 128 103 124 131 114 132 116 123 104 110 102 134 120 102 118 123 135 130 136 107 131 125 102 116 122 116 110 137 104 125 104 107 104 110 123 107 107 139 102 133 129 122 137 121 131 122 134 139 112 128 108 106 139 115 135 102 135 135 102 116 115 125 126 123 126 103 117 134 122 125 130 101 122 111 129 110 136 103 106 112 118 131 130 126 103
4442.885778495409 1.0
7486.3514277228405 1.0
4948.516030868764 1.0
5157.930521260106 1.0
5135.893988900689 1.0
5487.904767400527 1.0
5657.898351084933 1.0
5500.53011292559 1.0
3753.2749726738057 1.0
4930.185792099598 1.0
5475.243099974549 1.0
3398.8864297048353 1.0
9466.177017612275 1.0
6970.860878992678 1.0
5271.644343831893 1.0
5190.98322807594 1.0
4674.947741206116 1.0
1845.1119679394046 1.0
6174.951257242287 1.0
4755.685666637496 1.0
3715.0095158386216 1.0
6718.649150677639 1.0
5805.675358231061 1.0
5630.4031940042405 1.0
5582.387390814329 1.0
4767.495546753367 1.0
5042.90758738392 1.0
5676.39925574467 1.0
6661.998318238328 1.0
7398.8748807771235 1.0
650.2146437162673 1.0
6956.952051854799 1.0
5655.16820068701 1.0
5379.2955601081 1.0
4240.021207267984 1.0
3503.7954514812627 1.0
5995.145932475001 1.0
6719.171218807059 1.0
5565.3946734649035 1.0
4866.833559800006 1.0
6850.5582417272335 1.0
5339.56790095072 1.0
4779.878255203624 1.0
4825.705115905549 1.0
5240.009746284678 1.0
5975.835903719493 1.0
8208.35159771586 1.0
7997.721032902928 1.0
4660.266618975046 1.0
4109.063816349757 1.0
5589.70879404011 1.0
5047.207165515421 1.0
5839.791915892503 1.0
3980.7779720407075 1.0
3289.5419599472116 1.0
2122.785034740473 1.0
6999.586458638506 1.0
6049.682132047968 1.0
4982.350121488597 1.0
5669.378565808786 1.0
6779.608047491949 1.0
5312.775695653706 1.0
7552.409275319285 1.0
5993.742604937021 1.0
5528.85716772493 1.0
9205.016553516078 1.0
3928.945290777554 1.0
5978.735763446488 1.0
6598.187532438138 1.0
5017.533780886692 1.0
4647.825687452532 1.0
4092.112476521709 1.0
2344.1164519081417 1.0
3360.918724453893 1.0
4626.290095757907 1.0
5941.455463507663 1.0
4334.634324984937 1.0
3810.49796422526 1.0
5507.675282473413 1.0
3481.8094274162204 1.0
4701.114576740143 1.0
4144.749474721596 1.0
4657.493194341208 1.0
8217.232636148781 1.0
5583.339294579405 1.0
5368.956310500326 1.0
6526.935247176498 1.0
6059.956420932117 1.0
6673.327077820983 1.0
4354.110482778431 1.0
6836.40993189505 1.0
5893.340517629131 1.0
5563.4201105874 1.0
5409.247870215413 1.0
5634.98071983058 1.0
7342.606853446973 1.0
7689.26220838144 1.0
6857.00547228934 1.0
7716.8355708579 1.0
5581.298670327927 1.0
