3 100
0.8892042875562056 154.25545739413337 528 80 83 77 98 79 90 69 98 63 72 94 75 98 88 98 97 72 62 78 87 77 64 73 77 96 99 99 94 65 97 72 66 70 87 67 77 79 85 74 66 77 81 92 91 81 66 89 62 71 81 67 60 67 63 75 78 82 87 80 66 76 81 66 66 96 64 96 63 84 95 61 64 87 81 99 79 60 77 94 72 65 74 71 84 98 90 87 79 74 60 96 80 66 64 63 95 70 96 64 64
0.8088625854945063 159.40375598265783 564 118 124 119 132 105 111 131 131 110 130 127 139 116 108 110 136 133 129 128 123 120 113 125 138 120 133 131 109 136 127 124 138 132 126 117 118 129 131 128 105 134 117 134 126 135 100 116 118 117 123 101 116 102 105 107 112 110 120 126 109 135 104 110 116 110 115 136 131 109 115 114 110 110 130 119 111 110 118 136 109 138 135 106 103 122 103 105 107 119 129 112 110 108 122 107 119 129 125 107 134
0.8076555028323084 147.2447372662705 645 72 60 83 63 99 87 93 77 66 62 90 98 95 69 73 80 61 71 91 88 91 68 94 92 80 89 64 83 77 99 93 85 86 63 86 75 60 83 74 69 97 69 67 87 68 90 64 76 99 76 94 68 93 97 86 83 89 61 62 83 99 65 84 94 76 71 97 75 85 87 93 94 77 77 92 76 87 97 62 88 72 69 63 69 73 60 68 71 91 94 81 69 68 70 98 99 79 84 61 68
6313.314785708214 1.0
5345.332521757252 1.0
6359.133045011294 1.0
5899.918248513412 1.0
7231.332131829086 1.0
4767.7144109168785 1.0
7269.867812983978 1.0
4865.228755511192 1.0
10785.430298409665 1.0
4277.233133126341 1.0
5998.154437136013 1.0
4368.271084874139 1.0
5680.69415510265 1.0
7473.650298392086 1.0
5673.661214021079 1.0
7940.52006885087 1.0
6280.378112686844 1.0
5923.569303224068 1.0
6829.896078157011 1.0
6179.668348376216 1.0
3895.2167021478504 1.0
6185.5884839590435 1.0
5294.504307234826 1.0
6075.052799059539 1.0
5095.166040770415 1.0
5189.391183959046 1.0
6502.6518977945025 1.0
9045.441814329715 1.0
6342.099983202761 1.0
8299.714904328765 1.0
8741.629050381767 1.0
4302.276193033082 1.0
4975.65442673097 1.0
7600.15971434985 1.0
7216.305823774408 1.0
4401.235536716449 1.0
4278.0618057110505 1.0
6454.870413373293 1.0
3448.2771312692016 1.0
4130.707151197407 1.0
5326.47863893311 1.0
7622.452069327547 1.0
7698.003733778083 1.0
6472.837956520516 1.0
7965.563600440982 1.0
5827.0093741416695 1.0
6929.337793489021 1.0
7654.111695585818 1.0
3661.333094906594 1.0
6440.930976254174 1.0
5250.9074337946895 1.0
4668.83863405011 1.0
5205.624132458675 1.0
3967.2476095941634 1.0
2777.961204037396 1.0
5915.359014482631 1.0
5482.162375731053 1.0
5259.793716485736 1.0
5010.1176099465565 1.0
6240.752279156258 1.0
4737.232729194997 1.0
5244.512450917474 1.0
7735.832574326506 1.0
6637.342971833021 1.0
6505.902694530725 1.0
4492.432110015713 1.0
7955.684263471974 1.0
4808.231331655146 1.0
4950.289437353539 1.0
4936.738298760343 1.0
5704.124501095145 1.0
7446.306119353135 1.0
3786.495605986532 1.0
5672.999364160525 1.0
3695.242759870909 1.0
3280.8171720797795 1.0
5184.654322531121 1.0
6873.129541169378 1.0
5637.29582794428 1.0
7251.775435415919 1.0
5201.303978308293 1.0
3548.003420107938 1.0
5950.547796913694 1.0
4972.475570051596 1.0
7213.549440820133 1.0
6883.275301067414 1.0
7753.2314097546905 1.0
6030.690527712363 1.0
7929.432322104576 1.0
5403.367521565911 1.0
6864.865208150881 1.0
5361.231057556845 1.0
4301.499590376454 1.0
8911.616370821002 1.0
4649.10568336889 1.0
6224.687510522244 1.0
5765.0322808876645 1.0
7148.920153376838 1.0
5427.806135017896 1.0
7892.6955888737075 1.0
