3 15
0.8915924290081062 172.07083554525406 517 93 70 67 76 74 66 75 61 81 96 60 92 67 77 60
0.8424772281628328 168.9700146490952 852 107 131 128 121 115 102 114 123 130 103 130 102 108 101 124
0.8863974630273337 158.47989136560585 904 61 70 82 76 86 73 60 67 76 64 62 83 92 70 86
1850.8348664656291 1.0634274312964522
3227.8123102541967 0.8252295783585928
1064.312613151486 0.8780167133311663
2326.1117335458716 1.0988847119007508
2413.5137028177905 1.0449957533401522
1394.9071140043297 1.0302179148155384
2128.602997886296 1.1443322948806764
2513.578832765531 0.8999644690233941
1123.2195288475068 0.8283296672156253
1908.7920324284564 0.8236964126721462
971.5388557399704 0.8239628258219305
2458.6565581695863 0.9873360504552942
1615.2044607729254 0.9805801169155186
1180.5103435119138 0.8179301152306578
1698.152283943106 0.9179783540130831
