3 15
0.8007412379261342 161.6075579021411 538 63 63 77 72 76 88 76 66 86 69 95 83 63 85 85
0.8193211369255964 167.56094732998844 703 77 87 64 82 69 71 88 65 61 85 72 78 74 68 80
0.848020029000277 121.93014380631438 924 132 126 135 103 128 136 111 130 110 104 115 111 112 121 137
2117.57268851244 1.0964930295043014
1760.6343604892684 0.8322244186106221
2154.0634594579433 1.110449513096297
2306.9971297358707 1.0344722959813195
2031.925838635522 1.0973566664397105
2493.7430153143387 1.1715198668033813
2144.6895718470178 0.9888052210843814
1852.1421908661698 0.9660953231388316
1802.574839528265 1.0525892479007142
1153.0052970698903 1.0193863941490573
1807.7731529937726 1.1728787965142913
1856.9664090838712 0.8947353705945839
1735.4623553056122 0.8748139186373012
2039.42800145937 0.8091531815973296
1668.8315042622035 1.1639942104246475
