3 15
0.8941407678807328 153.91738904823322 594 105 117 121 131 131 127 125 134 128 121 129 106 113 137 122
0.875301656321297 138.23731205759404 702 84 88 79 77 91 90 93 71 99 68 98 68 63 67 70
0.8096254947661338 140.34107373266514 808 84 68 65 90 85 62 69 86 77 81 80 79 78 60 75
2280.831720946732 0.823772942774825
1338.0521721628152 1.1298344584096434
1637.730370067708 1.0870581897952405
2283.5756259109094 0.8775104799706166
2061.443257898307 0.9976880572322395
2739.09044677972 1.1698153463865806
1278.2945452386246 0.8084967711252968
2251.8001213493353 0.9088824422850309
2525.7674304679836 1.1473198893492667
2440.1934625168615 1.1322282053871107
2147.5370632808617 0.8350494378167219
2296.874605510289 0.9448310492429144
1945.5448765387357 0.8752308405504229
2249.9294367618986 1.0107052512829722
1782.3392440761206 0.8499915712591382
