3 15
0.8178680395286424 126.47521562791206 697 82 66 89 82 75 65 66 67 80 93 75 64 91 67 72
0.8472854743678857 165.3016789648284 716 87 83 78 62 96 74 97 95 63 65 70 81 99 66 81
0.8638694401665478 178.19898017458246 799 139 126 133 124 108 122 129 129 109 109 103 127 118 137 135
1412.5922287186595 1.1463857971977345
1563.6168180321654 0.9662518841071805
2282.7507587219566 0.8739298424940394
1562.8575637280794 0.8836668821053248
1448.9713867298572 0.8812351649894421
1501.271048435894 1.172724814940306
2473.458453819219 1.1542038801738812
1655.2472452542393 0.9509812731836131
2240.616285280294 0.8663291552856675
2226.613171062662 1.0018961296660325
2828.4498800772035 1.1566992783355465
1754.857867348368 0.8735671959529796
2400.8544165971553 1.027373170545059
1534.7308155411845 1.0658516245285576
1339.3554244533075 0.8934756004217553
