3 15
0.8984781336808614 140.92438438720058 566 94 81 91 67 74 69 93 82 75 75 95 93 74 73 88
0.834647346589376 124.81339250795442 605 136 118 111 103 124 126 123 119 124 107 110 106 109 110 126
0.8770211478324698 146.94503850496264 948 96 61 91 71 65 79 97 85 74 65 91 63 68 72 64
3105.2356488004184 0.868873668603443
2295.5835465526047 1.121523786710018
1750.1633766659227 0.9206158148178417
1954.9971025785908 1.1892480789540048
2897.4667836739122 0.9315543424650451
2292.3604255329988 1.1872356201531398
2464.0648803909835 1.0703287021209702
2137.1494148990673 0.9904437114790938
2928.16758037588 1.0680718991701408
2727.991507821076 1.088536298929033
1773.1975450064895 0.9073564454979155
1281.4449032797472 1.0090200556656344
1868.674673543983 0.8218408559391862
1637.3711851059993 0.9266363713237912
2180.9479822656535 1.0845432713232446
