3 15
0.8879526872068589 144.42979214370678 667 134 112 129 113 127 107 130 116 121 121 107 136 110 110 118
0.8640190747683548 162.2757907060559 775 64 66 74 74 76 67 88 65 88 68 90 88 79 65 92
0.8322829844552633 166.28107481337454 964 98 82 82 87 71 92 60 98 91 73 68 92 79 90 91
2721.9652135147553 0.8564526563799503
1100.521195978131 0.8258828012494609
1563.006799946189 0.9632367632932669
2053.519305916361 1.0280208919351572
3827.4921959446838 1.1463939084747117
2007.844493969302 0.8482226056819492
3200.469871698999 1.0991774841383328
1842.5210956463152 0.8479513681324803
2629.2163822349967 1.0315468877522005
3303.154134558853 1.0209670990279427
2177.622548304026 1.1730054001414003
2075.459442842602 0.8649305059486304
2575.4770068068906 1.0945422620891252
3010.5128196915057 0.9000820364181316
2069.543571904933 0.997003834408934
