3 15
0.8471087219105943 173.53705291554616 538 98 68 71 65 63 81 75 77 79 84 87 81 82 64 63
0.8415070107804234 164.89823423039627 663 139 103 100 133 110 116 108 106 117 132 121 112 135 104 112
0.8139835963745564 134.1917823984779 695 78 91 79 74 67 65 63 89 89 77 92 87 71 72 68
2242.4620106608186 1.0527275040910782
1478.4715392306193 1.0648704469747614
1402.4294308220003 1.1964588296548893
2628.4150937023996 0.9061759665225261
2231.1610819592165 0.885869384759909
1076.615093036569 1.152665684765013
1555.5998133889088 0.8432508053574371
2229.049357764423 1.103914373474828
1317.8867815026651 0.8021545408591717
2399.4673549009894 0.9878780346830749
1758.4489150683696 1.034883681129615
1863.9841137516664 1.1873574373025555
1805.5262068179813 0.8716255244600906
1987.7610768205554 0.8201161497960954
2045.080734463129 1.192554917464924
