3 15
0.8271580713122414 152.52685623980545 506 137 112 110 113 137 101 120 138 120 104 134 127 137 131 133
0.8802747217514283 172.48656134077697 831 68 78 88 64 96 93 88 79 84 92 88 75 68 66 80
0.8141677082822296 150.2785889228098 964 80 95 78 80 84 70 93 86 81 65 66 90 81 78 90
1590.7524348691293 0.8432443510775185
2777.6013851752728 1.0459753226607311
1202.5138239231137 0.9705697912690158
2955.467466965765 0.8105351068813574
2498.2219877117955 1.1952858814001708
2913.6774898957483 1.1734158160692894
1312.3694731183682 0.961877562233119
2672.9633199122986 1.083594130992462
2851.4822422763045 1.1848249932723904
2405.453284993741 0.9766710790285711
1294.044885711135 0.875724420908075
2028.8881734612992 0.980833772948308
2203.236585516292 0.9748729372893381
1952.5689194481101 1.1428801100220705
2153.666029997637 0.9444586020785143
