3 15
0.8050402702017001 172.8680960185077 522 85 73 76 91 88 79 85 80 73 89 84 67 68 85 63
0.8588113659557545 157.79819936783124 564 82 72 93 74 87 88 89 82 81 78 63 97 95 60 67
0.8265795349272752 139.49777737400876 846 133 111 113 101 117 121 123 124 123 135 118 134 125 121 118
1720.9272907087259 0.9210439789216397
1950.908582036546 1.0503336127644507
1551.5894227162207 1.1374089460159444
1821.807753022483 0.8602476327343567
1822.5509945469971 0.9676655186660528
2760.8294547095193 0.9284330409828029
1332.0206946016422 0.8595309777741369
2218.7817455830273 0.8451187041406899
1426.6800819310622 1.0629492811206607
2628.2068996640783 1.0047088380445939
2239.4123524888255 1.0129665366060543
1488.867694393902 0.9009039511551165
2105.7000487768887 1.049855732854394
1647.107758570156 1.013345271323588
1379.8065873392138 1.0273486090711066
