3 15
0.8044084103378464 170.01068630554488 532 79 68 63 83 95 89 94 93 85 81 63 64 68 75 71
0.8565290050513609 150.45553612716822 582 122 122 136 123 134 129 104 119 103 123 115 126 107 115 106
0.8084939041023469 143.7061772613061 862 67 74 68 96 60 66 76 81 68 74 86 81 67 86 95
1684.0003046491056 1.0763663181917587
2317.5963150354 0.807821177480764
2204.978634352534 0.9654109817759464
2593.4627487181765 0.9953417753300409
2602.9532821035755 1.0935710247093724
1972.1676284966031 1.0166808285850777
3054.712295894119 1.1562477423305424
1936.54853679364 0.9391713475740566
1354.1762720745128 1.0168215789079655
1508.9862515805562 1.0308420177473863
1918.602807774168 0.9534516399002627
1235.105110124312 1.1846982874246104
2940.8653085253745 1.1861554621581514
2172.5785474637164 1.0624346363053863
1594.1258744978088 0.9195241119119799
