3 15
0.8685326855509575 129.96258739341346 606 74 62 89 79 64 97 92 76 65 93 80 94 86 67 64
0.870763213515216 137.20917546553454 671 137 114 133 124 109 112 122 122 123 106 139 133 110 129 115
0.820043403576456 147.47204018749795 814 92 71 61 71 63 65 85 83 84 81 66 97 90 99 65
1820.93291163624 1.0369855945737583
1686.979047689493 1.1622306735779686
2236.2262246241216 1.1507386578183534
1172.3528515513276 1.1750386877932082
1954.7029486359272 0.9689557231218835
1700.0087573212036 1.0105557455256544
2143.6146275112546 0.9156657875633338
1785.9647490247487 1.1441028791050902
1388.9354983345177 0.805100519293736
2760.0113061534307 0.803812533431791
2137.0686586808447 1.168874727900309
1457.0966787213679 0.8370596169448747
1583.3671638288397 0.9179832606113382
1551.6616628399631 1.1554700621957352
2013.7808907986864 1.0116855307219472
