3 15
0.8343900964337988 170.14493229016807 714 119 106 110 116 118 123 120 125 114 122 139 112 132 107 125
0.8064138641225501 139.26047715900575 739 83 72 86 82 99 79 84 66 64 82 87 78 67 79 73
0.847433595368785 131.85524159593643 742 88 97 85 95 71 65 94 93 79 84 84 92 94 98 68
2677.031919398015 1.0540079083599536
2320.743055967178 1.1960341743666163
2043.4866623287426 0.8889068652430111
1023.6619494677784 1.11262256066885
1638.0659665298726 0.8539744772676934
1941.4076774424739 0.9279091993671386
2486.3003328802674 1.1508186283308406
1300.3896428855528 1.017917108775707
3524.5705462320284 1.0785842721402348
1608.4468946730367 0.9302438716594037
3402.3695510914995 1.0522055746947485
3323.0533625710896 0.8732488420047952
1782.7843871118257 0.9932652852277732
2888.899489399959 1.1105763916862552
2797.6934356622673 0.8561759172554637
