3 15
0.884558358302593 161.20672130975697 649 66 72 78 78 60 74 76 63 90 99 67 97 85 90 77
0.8557250820458416 120.6750926299857 775 129 136 125 119 137 123 107 117 130 105 120 125 105 122 129
0.8214973591505788 164.9503130002595 900 79 93 86 63 79 79 75 61 70 87 90 97 83 81 66
2622.057519377983 1.093342171994635
2491.9748959648 1.022186541726307
2039.0636248850642 0.811952134523219
2150.4943879218804 1.1423023476951786
2227.773591874923 1.0451213437965556
2084.943533620094 0.8338675408724352
2493.2843240493876 0.9856151637561483
1242.6039849389488 0.9167677528520951
2219.678609430416 1.0874454328972465
2456.3684293920655 0.8802408730337965
2120.232529600996 0.9198372375521967
1893.071980865517 1.1224021953245902
1829.0181351495035 0.8639436682319747
2454.7366171116664 1.0897232361969202
2647.590584514035 1.0248495302314908
