3 15
0.8941311119790856 141.50181628304952 541 93 92 84 76 68 92 87 85 94 74 92 76 81 67 88
0.8979283249099612 127.72538152355283 895 99 88 82 73 65 62 77 69 91 87 71 63 92 67 67
0.8683221056114818 159.88940686856319 918 113 126 100 107 102 123 126 131 125 119 132 139 116 116 100
1960.0017638932684 0.8729848779869976
681.698748322272 1.0029905990329104
1749.4285806402947 1.1228992564398088
2699.8449092748065 0.9577346375225149
843.9454605796793 0.8725824649482019
2306.2775870147843 0.8185459890361333
1323.7922361479418 1.145147384270896
2810.7352438467306 0.9332653107973555
1966.500406890512 1.1092469831561984
2709.791649672666 1.158408477862237
1648.501991108967 0.8830606122670533
2806.317591990871 0.8168665791603099
1410.697090295946 0.8638892664372986
2666.1479933093724 0.8134319252460847
2164.179666300089 1.0869679096991811
