3 15
0.8660430537390859 151.0701057218779 879 75 79 94 90 95 72 99 62 73 89 86 89 63 67 95
0.8075342662828959 139.97295892669194 946 71 60 92 74 80 70 79 92 76 95 81 76 94 64 99
0.8479786771001387 169.0803471118373 962 113 105 136 115 131 123 100 126 115 139 100 139 129 118 126
1474.4211575002055 1.1451500071651584
2549.6189526561297 0.9233995042743134
2333.697173840904 1.1075767255662696
2628.8457443320303 0.9204663885289838
1755.1268941961673 0.8705563195278737
2772.5845595785236 1.009187250225865
1298.6994630541735 0.9494839966640152
2815.445211064131 0.8683930604695194
2571.3144740489647 1.0344484427448353
2960.689375415946 0.8989571541853937
2387.804462184787 1.1388731620897856
1632.0344492635077 0.8707517873299329
1570.988042132165 1.0541080856965253
1913.4155412271596 0.8354200543833066
1500.0555586081014 1.1924943102553947
