3 15
0.8424363619877292 140.38605808102602 578 61 99 87 97 91 69 68 90 93 64 61 87 84 69 83
0.9232428152491271 146.56099924118882 611 72 80 81 99 73 79 67 94 67 85 92 66 69 87 71
0.8447750764369814 138.6915402158228 861 100 139 118 135 129 116 130 135 129 118 107 123 104 136 136
1111.5184019302665 1.0535646650098063
1460.5353288964166 0.9334262701425132
1390.247616403509 1.030492296952465
2558.3980351436294 0.878277106524533
1214.9878227017714 1.0868894334285684
1561.9512382639032 0.8741690542797695
1892.2694092938057 0.9427635792517742
1314.28638616702 0.9378852106731097
1236.7297807792347 0.9618464067982868
1815.9663965577904 1.0991007344889723
1667.3377323704588 1.029118405318149
1059.3993444952732 0.9204039261878749
1590.6473596245735 1.1109438573397186
1418.8580202753142 0.8486944531663767
2083.350271181659 1.053762829418258
