3 15
0.8385392339062248 163.13992426584736 524 80 97 97 71 74 61 80 76 93 79 66 96 94 87 83
0.8324202102110492 160.2744174888984 644 119 109 100 118 122 125 105 113 106 133 129 118 131 115 107
0.8877974838647773 144.52300125858892 974 92 60 99 85 82 68 81 76 69 88 96 91 92 99 63
1548.3596751803916 0.8151595833839343
1265.0443514297547 0.823688142144653
1615.9898239209294 1.1249046214268512
2269.7417054078246 1.0320783882681313
1680.2743453806092 1.1811507739282268
1081.8939664268828 1.1857911476688467
1586.6204742851062 0.9738227170529128
1530.5682687873168 1.1921870329027686
1364.6047744728205 1.162672198570512
2120.263001297643 1.1221627063611934
1808.661572604223 1.0601196011002587
2040.4750874780038 0.9634341188892798
373.45551386283387 0.9252300758435781
1749.7665215236548 0.9843677786251025
1487.9889727145405 0.9891558163443019
