3 15
0.883619845726473 133.17746428494186 684 68 91 66 98 81 83 94 72 85 62 85 73 85 68 64
0.7550233612196633 126.14721001310613 763 132 137 115 128 100 106 118 110 136 105 125 128 121 138 115
0.8785983472204616 151.67484044421656 866 87 67 73 89 86 63 69 97 80 60 77 87 71 89 94
2135.4395859250026 0.9469360376357898
704.1188834790248 0.9449390635256585
1397.059912861213 1.1646746204793617
1605.7738934099561 1.1090274102563138
1487.6897693018036 1.0922146290565775
1426.3239863332733 1.020730934279699
2092.6441741813437 1.0157556563939836
1592.8130303343817 0.9508045344447515
1558.0536668973227 0.9956335330941954
1276.2127956547347 1.1469674320131111
1163.2302690890933 0.8732422026562073
2531.7605591298598 0.8988966935104519
1545.7768069104632 1.057259120687636
2177.2569909237027 0.9484865387019658
1369.6998033295895 0.8753461217352432
