3 15
0.9303836031712746 153.26138036195096 734 107 117 120 136 118 117 107 100 102 101 110 105 117 104 105
0.8118429512068289 156.9679343291786 986 84 75 89 80 81 78 69 84 99 70 74 71 66 72 92
0.9039820247933794 168.25364953247256 998 86 93 99 90 60 83 78 61 90 94 72 82 60 80 88
2173.655934825302 1.0826356718502088
1657.0284706233194 0.9176740900546448
1890.685113763733 0.8015978470532451
1979.5036975091007 1.1000755165122125
2393.520187294743 1.1884917009825968
1963.5009562216185 0.8809604472264552
1274.699888041317 1.0786604335903276
1745.6684380537226 0.8790085586265619
2038.1946181146395 0.9353429269818384
1807.511265837116 0.9679035296621449
1435.403797065261 0.8268019467321087
2529.7791127550904 0.8723211619239434
1476.2835047008089 0.9279193093248842
2169.9394143183276 0.8984742330925041
1587.8166526658479 0.9147228070755996
