3 15
0.8813545387937537 179.58834185570825 602 107 124 136 107 112 116 108 104 117 118 117 104 118 128 129
0.8736586569675339 142.81576390172552 604 70 82 91 79 95 72 77 77 86 74 85 83 86 62 73
0.7712689494752936 168.34514444235117 714 76 67 68 65 96 74 70 95 60 99 94 77 87 75 96
1511.5541729452887 0.9889426374328072
1763.7634200658085 0.9230235783526223
2035.9909776711675 1.0805320347862275
1568.2596599149376 1.009670059611756
1834.5047028239555 1.181435047187223
2162.9182164035637 1.1886106022491618
1675.6772957125434 0.8951118698356855
1537.5775025565515 0.9268374191181664
1308.5809433711943 1.1501549622492828
3159.6960478857827 0.8658801573121847
1661.9960191745558 0.8376051045194426
3024.132202699743 1.1145865551863263
1776.8550908029295 1.0392208982506186
1349.616112261514 1.1300360162220118
2683.6348901241417 1.0390716645840992
