3 15
0.8186149142596482 154.50664566394855 740 124 106 109 111 111 130 127 114 103 130 114 124 136 125 111
0.8384717887493248 140.5819759527099 927 88 86 67 66 61 60 83 99 66 95 79 66 95 84 99
0.905892377853746 167.3715921082691 958 90 69 85 89 98 75 72 63 81 71 82 94 92 93 70
1164.3141534418405 1.0179361719327398
3619.946478286191 0.8035508661070385
2752.3352368261217 0.888498886193366
2527.0645920857496 1.1061017281469447
2194.138843031396 0.9731655725176498
1874.9393630521768 0.8004920850827282
2653.3995463135934 1.1244191459205752
2710.594859272906 0.9376736479158022
2211.901006563936 1.132631217043788
1691.530629065057 0.9377339700641185
1977.5168206671394 1.1647016632224183
1870.1198799788394 0.8710039797363226
1753.2568416673973 0.9761574248424988
2693.8456944046793 0.8786077954859117
1504.644126040592 1.0011432110579646
