3 15
0.811575534946321 158.41266700136143 647 107 135 104 119 135 109 106 135 116 100 112 102 139 114 128
0.8944338351172334 124.37294480008994 868 82 91 77 70 95 99 72 64 88 92 87 82 60 80 65
0.8292534083566325 151.1921780375171 902 95 73 82 85 62 70 75 95 86 91 91 90 68 89 67
1306.3880141889235 0.93554113304316
1921.4562555621274 1.193835887626826
2599.5258734027584 1.145816599844495
1876.6311107752615 0.9913817543854395
1217.6532287821865 0.894151371174314
2460.885719946412 1.1603420566269649
1945.0285102731593 0.8877195734850978
2425.5171710885147 1.1569702854934132
2755.241127882712 0.942105811400071
979.8305615932447 1.089480972744917
2487.805527784887 1.0335360066639045
2030.9629845762895 1.1622029370881348
2600.714099451933 0.9392488349263879
2244.1418482117156 0.82079193623843
1920.118884608104 0.9171540950766831
