3 15
0.8397797429691163 157.59883378510835 576 65 99 66 93 72 99 91 92 76 76 67 88 76 67 89
0.8182358570438655 132.67605162951847 776 100 125 122 129 121 128 112 108 135 123 116 133 139 121 118
0.8573072368648198 172.23465992698203 969 63 65 72 89 69 64 93 72 71 85 69 98 90 83 79
1725.5820018728657 1.0166389588537537
1639.045050814765 1.0828260350021757
1891.991775839779 1.1521079448521052
1786.827440396621 1.1792908530686503
2271.543275806718 1.0687391109568696
2148.5907412235074 0.8193482306383031
1866.4806483504449 0.8101612468327808
1975.752588816791 0.9966794991868689
2462.36969290611 1.0779451418130623
1877.8961906608597 1.0296186614625304
1697.8830486122092 0.8843071525213668
1209.882596573499 1.043468284302854
2153.0664463380976 1.116982118674752
1361.0995917270543 0.866824235416547
1589.8676499998796 0.8230303422450747
