3 15
0.8596660224887475 151.2696211612366 584 120 110 135 104 127 103 109 106 120 129 110 134 128 104 133
0.862134616832644 166.06237470627212 649 79 97 85 93 69 89 90 79 66 85 80 70 72 79 72
0.7797884062586953 125.02714750912433 880 72 61 68 69 63 73 80 64 83 70 93 70 89 72 70
1569.6680128289875 1.1930724901709668
1502.281585041423 0.8728972396773856
1428.33329452607 0.8600761524774451
899.5134784425439 0.9833750085331517
1904.5543147390474 1.1682228340998195
1953.5036753918014 0.938632349095439
2241.612527959072 1.0222886535058344
2367.0709407094646 1.0686609626699908
1251.5106650430057 1.0551159611947472
1860.822015120777 1.1062541323269803
1336.4398417435507 0.9534669420951312
1750.963181561574 1.110682787734889
2387.899830407706 0.8044918177866779
1719.3604359489093 0.9574630489095793
1964.0814348021154 1.0787588509571586
