3 100
0.8509221523268604 121.63603425595474 557 72 99 64 78 97 87 88 61 67 74 87 98 72 88 80 78 60 71 79 84 96 90 92 80 69 82 84 80 85 93 78 71 92 75 67 72 66 81 81 84 77 80 72 97 70 77 76 61 90 63 86 88 73 60 70 66 93 61 87 87 81 92 63 98 91 67 83 92 85 98 67 72 72 88 76 77 80 73 87 78 62 84 78 67 81 95 66 96 69 64 87 62 94 74 89 63 78 94 72 78
0.8037537488394286 175.05748027259702 635 116 114 121 125 123 120 106 117 128 109 101 133 117 139 105 116 137 131 119 139 100 111 124 139 112 128 108 101 131 109 126 120 113 108 108 108 123 128 128 103 112 101 105 130 136 108 139 119 133 110 104 118 107 137 113 137 105 106 110 122 130 124 101 135 113 110 100 135 100 108 113 112 110 125 110 116 112 123 116 136 105 104 122 120 125 101 138 123 125 112 105 129 137 104 106 129 106 114 104 126
0.8207940520212924 139.1890430037898 713 94 88 68 68 85 77 72 65 68 63 71 97 61 95 75 76 64 61 61 63 73 98 94 62 75 72 86 68 70 77 94 90 68 96 91 74 89 92 72 94 62 65 75 99 78 61 63 89 89 94 96 64 72 61 60 92 76 96 82 99 85 93 88 81 62 90 73 82 87 77 79 67 65 88 74 79 83 60 84 65 71 87 69 92 71 84 92 77 94 82 75 88 96 76 89 84 93 75 72 66
5694.517504226027 1.2342816150277134
6928.818353863015 1.0629275477017397
6181.283467591371 1.2725124515348538
5692.340926703398 1.3204156408751984
6740.135165695755 0.6831950056390793
9605.67177417132 1.1044631674136853
7843.569202762704 0.7965027257893018
4500.337201341434 1.3447208055394373
7300.0242305557595 1.0905341214593747
5800.514197654201 1.3180307319230316
4101.295508351985 1.0631243689780152
5694.509809409534 1.2068223296233045
7173.317987070827 0.9110798928413959
3951.170506185922 1.2458850490014257
3961.114292190305 0.8516591321389113
3730.6494053861247 1.0735886078085246
5252.419643828363 0.629076095465425
4506.818812581887 0.748216646891757
5109.264642195236 1.1558054210332256
4897.098570214016 0.8234114940699944
6079.99344560622 0.6147984836087058
5186.768838115625 0.646370151384274
5598.5413357354555 1.2380032240660077
7598.749204423812 0.9118737213274687
6126.806315798422 1.1365731215348263
5150.8169676684465 1.3147449094455261
6400.161997407613 1.2856355819830536
6190.35188529056 1.192364019993526
2854.098692293707 0.8309760153566721
6231.2924392831455 0.762055504212199
4053.6447609747593 0.6526411340071495
7145.95133626323 0.9125451625342518
5180.064333926181 1.2788411581092185
8042.698255393616 0.6837544812560399
8801.720544432728 1.2781311254860057
4503.770472140506 1.3624925043002423
6624.767816621837 1.0984424943226616
8518.977319482638 1.205478511301144
5561.577383129419 0.8317080397947025
7591.111108594557 0.9610832474552045
5825.823155530392 1.0214176136305677
8821.094452228619 0.8941129344126287
6649.537938095701 1.0246759567683486
3289.0632234835675 0.9762599210022385
7214.054862565637 0.9457800541504776
4016.656473024338 1.0010098600226958
6999.787731473196 1.0055964372173312
5953.42069786864 1.0628247327503548
6210.683450067032 1.1693951671836027
4253.440914468072 1.2370293123471163
7290.038527165714 0.7706964694686514
7438.463541155104 0.7200759461057549
4841.168661547789 0.7502416540877694
3391.187667437862 1.2737432372157924
6244.231306790884 1.3893731989904015
4685.674700598915 0.9354777880963978
4036.592352408982 1.3400773798412597
8704.94742962781 0.7918026821938243
6072.453177241909 0.8684741476820287
5458.6157086330295 0.8196155673551655
5857.295198417107 0.6341398879955048
5007.642178848752 1.3856036486896925
4415.309034179574 0.827488784704137
6409.616390237314 0.6656645055703525
4866.661613427701 0.6346461389946284
6370.316947068955 0.8602168587769907
7339.5297053023705 0.6635453863736096
5693.704825054625 0.62000784453073
5348.8759185649415 0.9329610917546107
4475.591318221302 0.7907560384845843
5138.230001230225 1.2354214678402724
6353.691557294132 1.2494649003400762
5210.557662859923 1.0720281879266673
7194.970866997566 1.3199866870444341
6347.920481496916 1.0135616107526828
7745.63848857542 1.0119009146939661
4256.5327169643615 1.006108322148229
7512.141861281008 1.039694561037471
5567.640343291023 1.113413609988625
3995.493146804153 0.8182408228621703
6902.679171734955 0.8583772870861885
4163.891173120003 1.1757513765191132
6659.202886621026 1.3615899382974566
6309.236761029458 1.0978372176694495
5606.689182833737 0.6880563416934266
7071.181113291956 0.9286864281141536
6694.893968120945 1.1718441533082689
5861.3913278665905 1.3973624425813425
5960.460902126284 1.245975142967099
4088.613018023125 0.6698151408858625
3999.124007128131 1.0755884800856241
4070.273122460071 0.8467592482227633
6790.713345143611 0.8897259625527938
5402.570174343844 0.6262851848726265
7130.218326237595 1.2000212303132134
5444.695676288343 0.9563624665783881
6168.4082366381535 1.2707802472310037
6158.114920667044 0.9314432317195672
6449.775553436306 0.8316187230132579
7005.632643041605 1.2399325423285745
