3 100
0.8952154606442214 127.0887866406446 621 84 65 90 90 74 77 89 89 86 68 64 63 99 92 86 63 98 81 98 96 96 76 73 89 96 74 86 77 75 71 81 64 92 99 67 68 99 61 87 85 68 88 83 98 90 87 94 81 65 65 84 75 85 95 96 81 70 93 60 89 98 95 82 86 63 88 61 72 62 73 79 68 85 79 64 88 92 88 76 96 95 86 67 98 65 74 97 96 82 99 75 67 69 85 71 76 90 94 79 75
0.8814978027396936 148.07003090490397 719 116 135 110 112 126 111 128 134 108 112 123 117 132 112 110 103 102 129 117 134 113 128 113 122 139 136 131 126 101 131 104 117 105 139 124 133 131 115 135 109 122 125 107 139 109 108 116 115 131 139 116 116 109 116 127 117 123 125 113 136 119 129 104 129 126 117 103 135 117 122 127 113 124 109 131 139 113 123 138 136 138 121 101 108 116 105 135 103 113 134 107 131 130 109 121 131 105 129 127 103
0.8283266230350189 174.9668154119601 801 60 70 89 90 88 84 62 94 66 73 64 88 89 64 80 93 77 85 70 97 85 93 69 95 87 74 74 94 63 82 81 68 87 79 78 87 98 97 70 80 65 81 63 74 80 63 90 86 88 97 86 96 61 81 85 89 73 91 92 91 85 95 95 68 86 69 91 75 89 97 84 86 79 79 92 64 72 92 72 65 71 70 97 83 85 69 79 98 74 86 78 94 81 67 69 67 69 66 65 64
6507.3827100440385 1.3174304637223946
5526.143584261943 0.6580447226923117
7103.547865974567 1.0837881806572387
5169.751407630703 0.8189310838507041
4771.420414127307 1.0100910970406836
5841.2898089593255 1.2065068489963255
4356.467518888678 1.2910167964572457
7822.088705965246 1.3426887594833783
6700.117191215996 0.6941907822818592
8856.685872358805 0.9418850744894285
6026.616784220456 0.6656759826445486
3366.803255178927 1.2247260095201873
5173.02143317041 0.7090704236819172
7500.2216941603265 0.9636800541430903
2528.2823602171197 0.9615296781877665
10031.341181596308 1.0016494485603638
2409.6601460849274 1.3670047242558019
2408.295125518853 1.3951784950823127
4554.040055873402 1.1067592314972001
6244.588898120629 1.0033090658498551
8122.169578339169 1.1906151983517557
6093.428452092396 1.2587995932648783
4484.948871795579 1.030228010780052
4340.156222179421 1.3555281067812621
6624.445507823734 1.3108433357811868
6251.318079590285 1.1679374233682505
3462.330009896023 0.9892950610980593
3991.1921333594987 1.3460760980089952
4801.2501323699325 1.3527310453764811
6679.145000833476 0.6766645733112031
5288.597156131614 0.6471097712689918
5454.597977690428 1.263121691304903
5007.095156379622 1.157651461296521
5081.700468713764 1.1032918853013478
3900.9878798910954 1.2110613699700434
5537.856972414609 0.9186666031251812
6519.365976964426 0.9239711390621881
6882.817938563999 0.9262225208959222
8952.119304270418 1.1961382205065738
8431.782747234189 0.880589499959627
4323.822059640341 1.0947881056162192
5617.894510586358 1.1493497898953096
7805.875619407094 1.3526759041935859
7100.608876308162 0.8075910672115771
2852.897214196516 1.053162752479881
4932.329083699318 1.2860027126918752
6751.891438708275 0.8710290233002419
4409.871102188541 0.6352542383588836
3993.0001206594243 0.6576171062872491
6376.016770227839 1.2322154902188196
6714.021802245548 1.1824747270479663
7879.8878114001745 0.9403542314681236
5504.155912869286 0.7533135022767694
5613.760939813369 0.9035476124618039
7370.477938007161 1.0035070595191438
4836.70649508696 0.8904427038658551
7692.871353458882 1.0823927461969467
6299.058256669622 0.9986224320794125
7460.571184406743 0.9579293480807911
5422.229074390955 1.0518796701037276
8185.570538992646 0.8523849324085885
5060.66395979782 1.0715392012821547
5598.198742364865 0.8040189823684294
5448.280231248701 1.2777128963341646
6132.1728242792715 0.8341559431951817
6792.373234854031 0.6885357484283305
8414.083110988015 0.9828779830941683
9232.581106077798 1.074738270848708
9383.788541975324 0.8189790532313004
5825.9044799274725 0.8601323724624835
7589.467520211557 1.1082951149529277
6375.450197127227 1.3294155019613516
6152.568957951875 1.1380033572624297
4913.419464111201 0.953028377990696
5796.049101997612 1.3976174842108768
7493.047457921033 0.9513094387177732
4902.8737244664635 0.8785144273037766
4910.7124415215685 0.7268879245586106
6783.702216750023 1.1926339045412213
4776.195652627912 1.3833447537590726
7952.9352874010165 0.6938328917856463
5442.922622854952 0.6688191242399332
7065.395875554663 1.094931304113072
4404.611326505359 1.0158207457167434
4299.692533777939 1.0252946459211567
8480.62329849139 1.24780596592319
5008.904941886141 0.8246746705389636
7111.284830912073 0.8918591576379624
4807.251997642134 0.6167101329917926
7251.3425761713925 1.0902440348622056
8315.27321791356 0.7875907150851176
6922.847548622839 1.1894631568251874
7197.452917603178 1.1741406567054784
7262.0153266989755 1.1373158030892285
8955.194964409015 0.7415008553179769
6390.216216158597 0.9240043520714869
6134.910757677096 0.6238299395295975
6540.940718177549 0.9618066582350517
6103.048568701327 0.9918601533172615
6410.6932044026335 0.8355185286833392
