3 100
0.8087445306734038 143.90312594683706 718 109 109 138 123 128 107 130 127 110 136 123 137 134 115 129 128 125 124 128 125 137 110 131 137 120 114 137 127 129 127 124 138 110 113 106 136 110 135 122 132 109 109 131 113 129 104 114 104 117 118 105 139 119 129 106 115 122 126 116 136 101 109 125 107 108 109 131 122 118 102 104 104 121 134 137 134 106 108 118 138 138 130 132 105 101 136 118 129 125 101 121 138 119 106 107 132 109 103 125 100
0.8182047926426033 132.53416457813637 802 64 70 69 97 76 86 66 80 95 98 98 76 69 96 87 95 73 83 72 63 61 86 86 95 92 76 94 79 78 88 96 86 94 63 82 87 64 87 95 73 75 93 97 66 96 73 61 78 98 92 67 88 78 70 81 69 69 85 63 64 61 98 77 77 61 97 70 95 86 64 93 61 75 62 69 86 75 83 96 79 61 60 82 73 63 95 74 61 62 66 94 84 80 85 76 86 68 83 99 97
0.8586992743730991 146.85753604356518 881 80 72 77 76 75 69 67 95 67 82 74 76 82 78 61 68 71 74 66 91 83 68 70 83 70 74 90 96 98 71 82 77 97 68 73 65 74 72 96 66 68 73 86 85 80 93 71 90 92 76 68 73 78 66 78 86 73 91 97 91 88 94 90 92 79 78 68 60 61 62 72 80 97 87 87 74 78 93 79 97 96 86 99 86 91 95 95 73 88 81 84 84 67 69 97 66 84 68 98 83
10316.526632035304 0.8356098518862375
4735.274790144589 1.274429769989184
6431.333014643609 1.1715257895155666
8497.576662306716 1.0631673481830115
7431.8184003261495 1.1008572571056732
8000.821197726975 0.9286381015404073
9336.91367155662 0.686925002723886
4641.207317649021 0.7244174582132408
5894.104102462355 0.8366333974433157
7614.733590079639 1.1253991422883427
9961.352593550802 0.7055771350981184
7290.511168217901 0.8180131657185359
7516.924339602441 0.6294302805015383
4648.569888657572 0.994902477587444
7726.236316968949 1.00486178014387
8333.090809313899 1.3339462672977889
7737.127465568706 0.6471271958870635
6848.659384467176 1.356397522575592
6960.423954864851 0.8994486005509273
6965.304528192918 1.1156884964748124
7770.563489758224 1.1098827376877538
7247.5022844353925 1.0849863369355008
9124.851169759038 0.68393657869364
8230.209944097965 0.7229431635645311
2209.629245889312 1.0499493020000423
6666.808685820079 0.887138599722368
7363.641298181216 1.0401090691741155
8642.190841236337 1.1261470309497978
7244.18464610503 1.3365121059981964
4297.514436061018 1.3231605491636087
7373.527028904004 1.1520083558854806
6969.865209351988 0.7208197736991875
3991.9144653784856 1.2741805675724127
5439.928217323663 1.1770959355575719
4409.251635784444 0.7538895412700117
8227.04227374146 1.1307541711953513
8051.074259891057 0.6562507881870873
4178.656033353367 1.0538393929953314
8326.958866195324 1.1391286208254865
6620.4468230475695 1.1367720051303931
5812.3894597288 1.0982409007703153
7239.120214626734 1.0679303709672325
6031.5313978156855 0.6981576532765793
6209.1212626615825 0.6311832015155285
8113.8758169412085 0.6646524782668506
8641.536637859814 0.9913263640685808
8814.399377794552 1.2056787702259664
9654.104352262439 0.8301162393751029
4946.853134332119 1.2714488016148993
8036.338267366755 1.1396501108737311
5912.984076321141 1.2745482543630648
6156.038921861132 0.8938881097589856
7102.916099191032 0.998292413889601
6643.945825131151 1.162570743191821
8723.885334645192 0.9513540749624163
5322.738595219668 0.8107189362021847
4789.041793963692 0.8122525435863063
8265.661594916428 1.0170716574814107
5942.6123350405005 0.603325274846564
6097.473535938483 1.0412864084359383
8530.271139282235 0.7558992849526865
6084.680260511934 1.2196798931559345
4689.407442146803 0.9426058851551335
7141.664326677763 1.3646008786778425
5767.548552675407 1.1842629002175424
7154.371798006907 1.379256812025273
6334.43911337202 1.1606376068056705
5928.089414838561 0.7081516519562496
5033.940321277246 0.9319487851798989
8164.32253749547 0.9842186085191194
9549.752080253664 0.8522439951985796
7526.723085780148 1.1538054974554466
7455.842190188255 0.7837477538730098
5581.0963186022545 0.8145334792615524
8395.855272853816 0.6914539442653261
7205.716292030369 0.6436948870197058
8972.53218225421 1.1838938191929942
8860.845399043126 1.0657871506744083
7325.356069913047 0.8783262478957253
7335.773874981593 1.2565054415548214
273.0329349218291 0.8271526806846732
8407.224499569864 0.6507243118322658
5290.934996786025 0.7492290095635935
7834.645483402512 0.8580361236071358
8231.415973133613 1.3475678508738849
5309.683237000723 0.7775978303235739
9514.984274486342 0.7987739105888524
3131.65222744511 0.6556813415796993
6927.158073535012 1.264172152135468
5591.025024524346 1.2389336097440131
6747.056126064137 0.7769748887032008
8436.053937837176 1.2613147974804961
3724.1917506189393 1.1273053460215403
5473.374950283822 1.1118515989154434
4749.74573504472 1.3304922782403734
6274.077407928096 1.3298444504294702
7061.137422347132 1.1407102407824965
5467.326289550538 1.2712119547550362
5874.896623655248 0.8500575358559109
7129.256896446767 0.8824901705836324
