3 100
0.8986471874167157 159.5443002470423 505 133 132 118 136 116 127 133 113 101 126 112 110 105 100 115 112 113 132 125 106 125 114 123 109 138 108 101 113 131 111 114 127 125 109 114 136 133 136 100 106 114 132 139 130 127 131 108 106 123 114 105 137 115 115 104 124 120 125 105 123 110 121 100 135 113 103 115 134 134 124 126 110 103 102 116 125 116 116 106 123 125 103 137 115 138 134 107 111 137 136 102 100 127 109 115 103 119 127 127 125
0.8480483229660992 143.04200737539892 752 74 63 66 97 79 90 69 81 72 64 90 71 84 85 63 76 73 77 83 80 93 97 70 60 73 68 83 78 99 87 93 66 61 63 96 87 93 96 66 73 79 90 99 87 92 97 90 85 90 85 95 85 70 98 89 70 86 62 84 92 66 85 99 94 71 67 72 87 74 84 80 89 61 74 87 95 83 63 75 81 97 63 79 65 99 69 60 68 60 75 78 86 98 84 68 83 61 90 63 85
0.8107255893499886 143.33919296551792 877 84 84 72 76 85 63 63 95 98 88 67 69 89 77 91 97 77 96 70 92 63 67 85 92 86 91 80 90 92 88 85 98 78 90 94 88 94 92 82 92 81 95 99 86 83 68 82 67 63 65 94 77 96 78 93 81 90 88 99 84 71 97 94 90 97 77 77 70 94 94 76 66 75 82 88 94 86 71 92 85 83 84 99 89 76 98 62 63 88 81 80 91 71 94 65 95 95 64 73 97
6472.234983244626 0.7735531817324282
7595.011948691945 0.6386131730029637
6051.667652636977 1.3624562841107073
7908.375732308622 1.2243676857148738
9294.02679381165 1.0079203426874979
7601.324231522258 0.6591796178048704
8231.352251880719 1.3109699486560464
4336.520316047242 0.6753573225370739
8408.269786107057 0.7741146714498246
8052.794225930493 1.3459974320620045
6338.553230640984 0.9975090581986402
7721.294971565894 1.2428743044399224
8525.387488994915 0.6237623863049317
5160.595014223582 1.3019512314473414
9450.931464508158 0.6247194424631624
9623.015891019351 1.1788768561361764
7925.014638071848 1.2459602550817703
5780.703024835094 1.008724363050308
7380.272288410074 0.6066684815103622
7722.828011789035 1.0230891290380661
6848.363360077074 0.6940826750287009
6519.399087003579 1.336566545707433
8218.534429939484 1.0250139707589394
5133.787863870289 1.3414619543430708
5914.873373719712 0.641305001230172
5879.367322934058 0.7092751379951329
6908.7472777948815 0.7609936337842855
7404.745580122029 1.1887122882346088
9750.36102289083 0.9525159018498774
7856.288293445302 0.7776828460281684
5432.1543495502465 0.6140807846527714
6813.94982827322 0.6666819051939291
7578.829027883903 1.2213868862211577
6551.342872164092 1.1775644660608782
8405.858905470564 1.388697967014764
7905.323444421645 1.3309283322209713
7946.596693943747 1.2536271143679005
5239.762929050698 0.8481110474491215
6210.298386295408 1.1902376977070221
8496.875005221053 0.8463008609211684
8083.017735515838 1.231675716596352
3426.4556583937883 0.9700456383674069
6367.792321828338 1.3706887160745438
7480.951929239964 1.3927773994896577
5948.975914681071 1.3106362645957277
7568.583342139885 0.7734666547738658
5206.7287424659435 0.6830491356667058
7887.761086561602 0.9684471259702253
7470.62255308146 0.6753165159543788
4164.343273464563 0.6484261365615789
7830.419731800703 0.8612401529059593
6575.692530844511 1.0448001554075927
7244.1282565763395 0.7410533257975083
7377.030631453391 1.289350497421358
7649.035409991704 0.6809041478470177
6668.0919319068535 0.9019011877766603
8683.038197348382 1.1427459079781443
8037.455248736892 1.3135944091025884
9821.207124084565 1.0773698295162917
5211.418231189248 1.1978819451130942
4176.908235325461 0.8636855226477351
5304.306769531842 0.800632108937465
5755.734363446705 0.614158592989901
4044.073985626859 1.3868416999069046
5291.878028557245 0.6825774855153558
4159.853488190482 0.7646510132477731
8899.565374397938 1.2724385625511827
7557.351936691283 1.1859950798620735
8583.19133311916 0.7306559486281898
8154.1966112912305 1.1505202462062303
5943.4429084147 1.3892438656684036
9569.026056587229 0.7471410483387567
3571.047972846135 0.9494942968780271
6957.033342968445 0.656872095578406
5834.228795260007 0.8489452448499264
4763.359222800418 1.1516385176741384
6731.336349954872 1.1254537894452805
7755.57740229623 1.1033851977694362
7052.221438433444 0.8479901182980578
5538.508657138547 1.3137908208464741
4241.366782587908 0.6240043823356464
8092.736441155426 0.7488388840695026
6100.479427352106 1.0476287110965354
6961.126319967235 1.1324745344687508
6133.545287834145 1.33864038550385
7947.723977333735 1.2691214934009025
6529.929534297553 0.7345760669604054
4586.93500524855 1.011759141437695
8187.146410202438 1.300677465930434
7033.958312339686 1.1211893548133025
6666.215112904868 0.6687607751555145
8645.816332090759 1.249576770576815
6110.883522256312 1.3582952476378638
5742.857804368227 1.3763806380024872
6070.813436041776 0.6349379505261077
7229.198142368868 0.8037685477426195
5672.798008409813 1.065995371685111
6651.673384306914 1.3868154172251874
5509.858496361729 0.9745227754689749
6909.868930772574 1.274080550707909
