3 100
0.8776469843613243 156.46109127570134 628 65 66 75 70 68 64 87 84 89 95 68 77 96 92 73 67 73 72 74 99 85 72 88 66 89 92 77 70 61 81 62 89 68 88 88 95 73 62 98 87 84 93 98 68 79 78 76 73 97 81 95 65 84 94 92 84 82 72 68 75 79 72 61 91 78 78 80 66 75 83 78 99 65 85 94 60 87 63 66 98 67 67 84 99 99 62 85 63 77 69 68 60 66 81 86 95 94 64 65 64
0.8194707488274754 162.11109335528175 947 62 65 92 90 87 63 98 93 87 68 98 70 87 66 88 85 73 92 91 68 73 91 75 99 68 81 86 80 97 78 63 93 61 64 68 76 83 99 76 85 65 68 73 61 74 87 95 82 83 96 83 66 66 67 89 87 76 66 71 91 82 77 74 81 94 96 93 79 86 89 82 96 60 65 83 81 72 96 74 79 79 78 73 98 92 89 75 88 89 99 90 83 68 79 86 94 60 65 94 77
0.8419185742511253 158.38424121239228 957 134 137 128 104 118 126 122 102 139 127 111 104 103 109 109 109 132 139 127 114 112 110 110 135 131 112 126 123 112 135 110 111 111 125 137 116 138 135 129 136 107 110 101 133 130 114 129 104 114 124 124 130 123 117 107 101 136 121 107 132 123 125 139 112 139 113 102 123 112 135 136 117 127 120 100 111 127 108 110 137 111 134 112 120 114 110 105 132 130 106 137 131 106 125 119 113 125 137 132 118
7548.580435705966 1.3023132568716922
6432.949263725862 0.8223997054403488
3045.4290889710005 1.0114411716010085
7115.825188109649 1.3854371213599734
9274.756886354826 1.265519295491499
3946.344607338904 1.3948891509554469
5067.393088700407 0.6668342545787356
5258.614524563704 1.392201264483886
5926.555515821994 0.8313330131552031
5742.358106914709 0.6105244976294051
4572.7661938201045 1.273632220487152
5273.597792155456 1.1049674555951154
3517.8308816721838 0.9852748427624398
2963.8713023058926 1.1056484974011123
4730.708702879876 0.906357042540999
5970.533772725486 0.7140232324184241
4992.378170766152 0.6919705412947649
6521.661260355656 0.9564521002252611
3552.7278812055274 0.8014363878451805
4274.2948705592535 1.061555251710756
7541.703611541134 1.3067157940551688
4131.204424950378 0.7745671633200117
6644.000099523595 0.9605672296723317
5665.250500955979 0.7735177975063782
4339.030712900307 0.6744746754217723
5180.131045820298 0.6834255086078054
7049.578561408476 1.2523974714126211
5696.933586114947 0.8295062637676253
3281.1746723775873 0.6851939240663207
4436.980560314495 1.3140544691376161
4001.129765867524 0.659882179768523
7191.366457617542 1.064776470991206
6620.107932955314 0.8474839524729681
5235.693639942207 1.3227068026830204
2370.653904530994 0.7513953753707568
8153.396166716626 0.6308417177193887
4523.329634627891 1.0520224714126167
4040.7628128961205 1.2332071958621924
883.4805935487893 0.8681272505307109
5291.6329713077885 1.124161665549213
5227.258892579472 1.3867080322566294
4942.390919608267 0.9155092135437224
5384.641180330973 1.3245254463710403
5189.555329330845 1.0774308872887257
5466.448904807664 0.7793611839106825
3608.0445474953485 1.1776909607126615
4630.737110277755 0.9101411016978408
7014.86468687163 1.2749618231152913
6454.3994742432 1.0294358335590146
5277.760676657557 0.9027233768574104
5013.232419556675 0.8535844943010299
7086.776866593789 0.6574101144339407
4225.7816041844235 0.7758323393304126
5707.508169511022 0.9622062297759191
5907.657198755081 1.328598116940645
5580.183506211691 0.8254245526614375
4926.570761851663 0.7383339893701075
3581.545815670878 1.3717377528707755
7170.030035030386 0.8507378712124645
5063.166682788281 0.6647880312498393
6922.151974961176 1.1890272181937265
3357.319527875617 0.9032630322339266
5697.885922137883 1.1635056686310863
6143.2068037860645 0.9490248179347236
6310.651914253532 1.2530982202575067
6020.038578206809 0.6251566757004228
3680.9889113273057 0.6725661122099983
2666.023168357809 1.2161223475118783
4022.734894140965 1.398646553306006
5107.086589442872 1.366364567027777
6963.447758009124 1.071445583491303
6029.303407069563 0.9418636008588117
5476.416524713848 0.9649169504264639
6096.790774425815 0.8644651543554546
6037.6693318504595 1.317533733835914
4217.546031291178 1.0485865325607335
4869.377165896223 1.157712198737749
4932.746892070814 0.7655977874533882
6076.548902893462 0.880394097485025
3464.737528658353 1.0842693215683141
4598.623288302517 0.9059829569037481
5483.066839003564 0.77790983310839
7522.5920289498035 1.2757955760133082
9312.455527772043 1.0927002133051533
5113.4380798450675 0.7756991551494471
5324.73575230966 1.268881388609165
6263.319417699758 0.7203585215566992
5440.852709629267 1.2369480102770276
2897.3428633833864 1.3458554158284048
6961.066953067488 1.168340615361926
5893.039010180104 1.1618792763941084
4454.478328230994 1.249214161139216
5274.2837003804825 1.237098078051936
6764.963622093183 0.7040704478939726
4912.252380688159 1.387149291779044
5287.937687403111 0.7959022657925203
2363.378451633257 0.9009782488947082
8981.595250473805 1.0739523444125536
5946.802631410289 1.0029877401429856
7845.930518575633 1.0829147529479655
