3 15
0.85 178.5861680535444 512 69 61 78 68 77 99 65 86 73 61 78 65 90 95 90
0.85 151.48757133891155 526 132 127 107 115 106 120 138 108 110 108 129 127 133 135 132
0.85 133.81502858574856 944 76 61 93 77 67 88 77 86 88 64 99 83 88 99 78
1495.7599982568922 0.8305003164765365
2326.584537972989 0.9167917741585198
1389.1444398691754 1.055437980855213
1307.2317121766812 0.8713437668954602
1680.7410588895737 0.9106528154367263
1403.5923121669791 1.0578937012767093
1259.9353555220912 1.196544246896456
904.2388419737294 0.9213744072821762
1309.1453114576752 0.9186161672021756
1465.0085260938968 0.8641897303977214
2338.096462392126 0.837114762689939
1330.0173009039663 1.0147838174596602
1099.399795358223 0.9924475967642451
2323.6080550191728 1.192388287780688
2374.993150574045 0.8768894307796474
