3 15
0.85 161.60069215017185 594 76 61 86 84 68 73 69 65 99 99 68 92 85 85 84
0.85 165.48177372295294 685 129 123 123 123 134 134 116 115 107 116 103 121 102 138 121
0.85 122.55400770880655 913 61 63 72 63 87 91 86 88 99 88 93 72 64 88 86
1704.8788872386701 1.1650311389518357
2051.9051721535043 1.0285175234267383
1723.1400125581808 1.1624729627218917
1120.0102760752443 0.8127294373406821
1610.118538309513 1.0641829005035173
1994.443614175226 1.0169155098551552
1991.9205503056546 0.8952989023646779
981.1588060285746 1.1295939694219364
1394.3822398235945 0.8055761757673017
2187.386396338176 0.8210575397949145
945.2567763765938 0.9096888121678642
1192.4664571008675 0.9427458835216967
1189.0739293576248 0.8969463978907083
1692.181664089945 0.9018453843717658
1221.3002172478182 0.9070302149606376
