3 15
0.85 178.43790399292618 635 99 99 83 70 80 99 69 74 99 95 90 70 93 67 73
0.85 123.73774405704454 673 118 108 138 108 139 103 121 121 137 125 102 121 100 106 103
0.85 121.63246327948028 914 84 99 90 76 67 86 75 73 80 69 98 69 70 66 77
1791.170522300657 1.077327940295457
2185.083925324389 0.8132176223399251
1769.8452656642035 0.9816107853588165
1489.6770910656298 0.908899099044338
1864.9214521937915 0.8472097272264041
2184.421588636337 1.0289770676470191
1636.0171607775874 1.1892244718847487
1370.3030341255271 1.080192712078384
2132.471134000467 0.9969627499116959
1520.5733343973152 1.1363890955878195
2129.6950878792895 1.10755155055337
1651.9695648092593 1.130789939012341
1570.494215079346 1.1726336824804315
1921.7130701732838 0.8077465772495285
1605.7969717700764 1.060847095580541
