3 15
0.85 137.77823203998383 826 111 100 134 122 102 128 122 118 121 106 125 113 109 126 136
0.85 171.88357033807696 888 92 69 85 71 63 79 84 73 71 93 68 75 80 80 93
0.85 151.09509251121142 906 92 61 90 96 93 72 65 63 71 67 95 66 80 67 77
1392.2486415678466 1.1662932294866961
2521.469994555563 1.178860299097761
2813.2885286413157 0.9507825371914647
2316.0345102377037 0.9885484572500383
2759.820484330734 1.059712166932898
1973.9776804821938 0.9738956545683056
1888.852423996841 1.1317876951064114
1492.5811702056735 1.1935468287340063
1243.9380975487793 0.9931570117381932
1811.996297873768 0.8842745521206622
2491.0677874862986 0.916409793982215
2122.0045032987728 1.1845401765945245
2234.238660566261 0.9806484558265454
2417.4049584159534 0.8433069807127889
1910.676128111155 1.0742236044098972
