3 15
0.85 131.6448051785322 525 90 92 97 73 93 74 68 93 89 89 70 90 83 80 82
0.85 134.67545264720985 584 106 108 111 136 119 108 113 121 138 129 107 115 126 116 107
0.85 143.19900514825366 949 80 99 85 87 83 84 94 94 87 85 70 80 92 74 83
1575.1550922058218 1.1203507454476171
1289.531756553333 1.1531354227063737
1693.0223137417115 0.8256851311233723
1448.47080388809 0.8235098790492148
1499.9832758253215 0.8004746050059641
1736.015818892069 0.961793241814369
2006.240353250267 1.0803739019839433
1536.2448069034417 0.9057350628801191
2176.9531566517876 0.8460061997980557
2469.8915133330925 1.1525561104751312
1946.3181912391312 1.099853571529521
2270.035558009455 1.0663662164060153
1266.2204799692724 1.0515044142495156
2561.6029140572427 0.8805242561807265
1513.6883160517457 0.9739984834886428
