3 15
0.85 149.33589686061723 630 80 78 81 94 63 85 62 86 74 71 93 64 72 72 71
0.85 168.15138991777434 732 107 137 132 114 136 128 110 105 130 121 128 121 137 104 115
0.85 166.84102770548668 838 79 86 71 90 76 85 60 77 75 62 65 73 63 68 63
1976.884057098488 1.1519829914218649
1784.470141882701 0.8817453247296487
1725.5926720178775 0.868453409432502
1939.2144145583225 1.0069131352821672
1969.2718407356526 0.9995381562025645
2234.822505666226 1.1398933757003413
2038.9868096928853 0.8604371595952918
2121.5420696322253 1.1314629108587053
1620.1165776826158 0.9298462737139663
1372.9745645306218 1.1300219075092062
2447.6869360348437 1.1126278916562682
1229.3658105370837 1.051144092750317
1265.4510479301016 0.8928519529622637
2355.415893407666 0.8587513357821023
1667.1817770291077 1.1530861784550037
