3 15
0.85 135.9543876052386 793 81 66 83 67 63 95 84 82 75 98 73 86 67 93 88
0.85 141.12312053055888 859 63 78 60 78 94 92 84 66 67 72 76 88 81 92 81
0.85 171.00209098629566 964 112 109 122 122 123 102 132 111 106 108 104 119 128 128 100
2092.8439920132078 1.141179341076419
1255.2097489100602 0.8021956583850314
1652.3222223260286 0.888970269881293
1837.4529375778488 0.9930363722538388
1688.3333558213894 0.9340268448476501
2019.4324503323985 1.1540619530591245
1653.0022677964046 0.9804953850696942
1753.9281930184216 0.9854611203852017
1309.2430139242856 0.849667432378806
2723.4929180980957 1.1438803710332315
1287.4127624095113 0.8153606305158947
660.5128062071863 1.0867722611634885
1139.4530027166932 1.1124908678004672
1528.1363577358086 0.976559828348972
1517.0601081678162 1.123247019746839
