3 15
0.85 172.36596651787343 546 80 67 95 64 86 75 96 78 82 65 93 96 69 60 70
0.85 174.83056299081795 572 79 80 64 92 73 62 71 95 67 67 90 83 82 79 92
0.85 154.48410940006107 672 131 131 107 114 128 103 130 121 128 117 125 117 105 139 122
1424.378902061387 0.8141520344812618
2255.750292259126 1.0735610959628792
1468.083171773239 0.8785473355899059
1047.2016230169868 0.8861394112725017
1515.5597247082585 0.8348120917466382
1289.5784967569462 1.1821345446793448
1755.870098350089 1.1337797699040448
1600.95707137843 1.14761127228936
1092.632027826912 0.9397183128802769
1343.1450260174388 0.8449251103091662
1814.8537217839876 0.9957513339385076
1918.7411209624445 0.8996391981352719
1075.9518136897764 0.9840027011321396
2133.291740284512 1.1324642118470063
1189.0531636015025 0.9761062898940944
