3 15
0.85 157.69089634757734 622 101 128 121 131 113 123 106 105 118 104 138 124 108 133 122
0.85 156.3390734414319 884 67 99 87 73 60 73 97 69 86 84 88 94 84 69 64
0.85 128.18025623280263 977 62 82 80 84 96 97 85 75 94 88 81 88 92 89 68
1404.0290668404937 1.009045060485814
2145.805175560262 1.057814370670887
2039.2291976425001 0.879746689108601
2520.731781531003 0.982999594930518
1379.2100840906119 1.0872013315646845
2050.8937877972585 0.8633266898528769
2271.668860975393 1.0810047952416397
2109.699809230683 1.1287479343720084
1968.675466504536 0.8909734950100794
1254.5343919178044 0.8172672229834009
1553.008131468042 0.8752095076943243
1739.1406040579438 1.1109512149127474
1576.646798512848 0.889378502517903
1950.4156970998315 0.830570563626235
1645.1825083026185 1.1137904524060531
