3 15
0.85 169.95672693349405 672 93 64 91 64 72 80 69 87 86 82 81 66 63 89 88
0.85 155.53837793002265 925 138 108 137 135 116 119 138 124 115 116 120 110 114 106 131
0.85 145.13705134301847 937 73 68 94 78 89 72 72 70 97 95 96 78 76 87 87
2020.6975749960682 1.056363484682619
1303.452471466349 1.1267624849699902
1550.7652292412333 1.1552919261760644
2805.9507596880776 0.9021357761830195
2784.5437236332064 1.0327481195564954
1394.660091217559 0.8386805261089755
2310.58743387061 1.1155727430987707
2296.620116258862 1.1890330572961245
2187.3276188964205 0.8389941420870493
1213.139281896377 0.8559482731344676
1708.2766915546827 0.9786508497636626
1154.9058939839688 1.130448673441239
1341.2529516723812 0.8032245248074308
2465.1781658072223 0.8711738676991708
1830.2413696093568 0.9289079822401297
