3 15
0.85 164.02923784718524 624 61 71 62 78 96 80 72 93 98 87 62 97 87 90 62
0.85 179.43059029441332 730 91 65 65 60 89 83 81 80 89 88 93 64 77 95 72
0.85 169.35978787990774 849 138 110 119 136 120 139 117 122 109 136 134 122 123 113 113
2048.5549236434163 1.0324417203384881
2099.810466780051 0.9378237565029429
1081.561298933509 0.8258855446054272
1475.1687803406146 1.1760480763745862
2512.777483697318 0.893483179301612
1572.993416649698 0.8341248579927489
1622.117252742103 0.8730038843444342
1270.0718441423576 1.1738129565993458
1758.981008139521 1.1289064758442606
1383.1021715044078 0.9595027138774019
761.95361185453 0.9626681757265847
1059.0730751795268 1.062738587401015
2140.9182619559433 0.9848837499252796
1958.953082916376 0.9719622824197007
1590.5511092153858 0.8240942698420449
