3 15
0.85 128.3630420485162 508 125 127 102 106 134 134 121 101 115 102 108 135 135 110 107
0.85 173.29371500474673 546 82 74 89 60 89 81 61 64 91 81 66 77 64 79 98
0.85 125.26472992501002 887 99 99 68 89 78 88 98 74 64 75 71 62 93 89 70
1557.2601041971088 1.1226713909264747
2276.337714469286 0.8794829006068221
1482.0583580373034 0.9187893000244737
1573.9839452861079 1.0426017531427694
1568.0654942082335 0.8635212733627957
2792.6555917104806 1.1300856959459518
1843.6707895456539 1.158248268901616
2534.409927018345 0.9873692566628662
1621.3763720537659 1.0740419312894616
2121.145306758053 1.1412586329768024
571.6652482594475 1.1287166103253221
2087.114643547803 1.1818907621730785
1203.5107529351285 1.1689598171605842
1515.2537570629017 0.9705471179704389
1307.8550771965736 0.9409880425220196
