3 15
0.8824788861060487 26.91764446903188 4.0 16.96272445666935 18.95833909863045 5.986843925883299 6.98465124686385 11.973687851766599 5.986843925883299 17.960531777649898 10.97588053078605 21.9517610615721 8.980265888824949 13.9693024937277 28.936412308435948 11.973687851766599 20.953953740591547 11.973687851766599 
0.8860064229350251 24.460335956770663 17.0 17.644862457257855 6.500738800042368 4.64338485717312 13.930154571519358 19.5022164001271 24.14560125730022 23.2169242858656 12.07280062865011 6.500738800042368 25.074278228734848 21.35957034299635 13.930154571519358 17.644862457257855 20.430893371561726 26.931632171604097 
0.8548375878069925 29.156264231322155 14.0 24.40952002245345 25.313576319581358 4.5202814856395275 8.13650667415115 16.2730133483023 4.5202814856395275 17.177069645430205 5.4243377827674335 21.697351131069734 7.232450377023245 12.656788159790679 26.217632616709263 26.217632616709263 26.217632616709263 7.232450377023245 
62.187388031404005 1.1473194962221775
104.97176300718046 0.9778973400616779
111.3654998432864 1.0279231564504332
126.73699374822331 0.9058696714584022
135.1377997053963 1.02193177681369
107.6423543649249 0.8946359719042986
129.76730187626157 1.144736207967027
96.62729665596645 0.8422980387261549
115.53162887952594 0.9051113966966582
60.14994338516528 0.8682565050388642
77.01858604442123 0.8530492009790864
109.70051224659038 1.1491743668660337
85.74860332951432 0.8291049980236999
61.596131375761566 1.1406587895378175
73.00806175118828 1.153907833645283
