3 15
0.8000816053226215 16.299325459869173 9.0 4.540436793216736 13.62131037965021 18.161747172866946 7.264698869146779 17.2536598142236 13.62131037965021 19.97792189015364 10.897048303720169 24.518358683370376 12.713223021006863 23.61027132472703 11.805135662363515 9.080873586433473 17.2536598142236 4.540436793216736 
0.8184601913759924 21.982516999710935 13.0 23.79245298703003 4.575471728275005 18.30188691310002 8.235849110895009 10.981132147860011 21.962264295720022 8.235849110895009 10.981132147860011 11.896226493515014 21.962264295720022 26.53773602399503 15.556603876135018 24.707547332685028 9.15094345655001 15.556603876135018 
0.8141375502345812 26.699655480306404 14.0 8.55437289606463 12.442724212457643 15.553405265572053 13.220394475736246 15.553405265572053 17.10874579212926 5.443691842950218 14.77573500229345 18.664086318686465 4.666021579671616 14.77573500229345 17.88641605540786 22.552437635079478 7.7767026327860265 17.88641605540786 
87.12967403066932 1.185058539707399
57.91413642605544 0.8191633528142317
78.87705403909038 0.9855936516210904
80.1104733338685 0.932413707266706
84.317762225269 1.1173309494017984
76.31886809413442 1.1481323085981574
57.18590021103547 1.0496355274355098
83.66328266380904 0.9716608814915602
53.07739761276307 1.020244144653825
102.36596202634018 0.8337914599561432
84.42363073254438 1.1607239701675085
97.92754699511767 0.9564418403746686
101.2906650842603 0.994901788364413
62.93000542372751 0.9815505905596634
108.0093365253723 1.0763962593807173
