3 15
0.8910037224816831 25.41284695672575 14.0 10.609614682544322 11.425738888893884 8.161242063495632 7.345117857146069 8.161242063495632 10.609614682544322 19.586980952389517 7.345117857146069 16.322484126991263 23.66760198413733 17.95473253969039 4.080621031747816 4.080621031747816 16.322484126991263 8.977366269845195 
0.8627008190497698 11.442833579566523 4.0 13.04147200105623 15.836073144139707 17.699140572862024 13.973005715417388 7.452269714889273 9.315337143611591 26.08294400211246 13.04147200105623 16.767606858500866 20.493741715945504 8.383803429250433 7.452269714889273 13.973005715417388 4.657668571805796 6.520736000528115 
0.8471184648860558 25.47342233003845 1.0 20.277972775650845 22.121424846164558 9.217260352568566 26.73005502244884 23.96487691667827 21.1996988109077 23.96487691667827 9.217260352568566 12.904164493595992 15.669342599366562 23.96487691667827 23.043150881421415 8.29553431731171 4.608630176284283 11.060712423082279 
95.4135845673933 0.9845488979443433
94.17984940280662 0.877536149655527
90.60850745466965 0.9701039410420961
134.4559641610191 0.933561098228063
126.06266877666063 1.1317029362791746
70.12563034278986 0.9014763321955702
68.74071105236067 0.946893632273272
149.77534801027764 0.8802926851108954
119.23308990550083 0.8217011767065879
133.3175665056922 0.9422937617139828
118.05429259226038 0.9124905687263941
88.98976714119114 0.8603217864815842
70.8542817701277 0.9127838291206912
145.11216603505676 1.0770628918054874
103.14257344954447 1.0073211253150016
