3 15
0.8862225364745137 7.404557944602831 2.0 19.14295191769571 13.316836116657887 22.472160946860186 4.9938135437467075 22.472160946860186 13.316836116657887 10.819929344784533 17.478347403113478 7.490720315620061 7.490720315620061 21.639858689569067 5.826115801037826 17.478347403113478 16.64604514582236 19.14295191769571 
0.8313605372274943 7.2734821495874336 11.0 7.458097827675218 25.17108016840386 9.322622284594022 27.035604625322666 24.238817939944457 6.525835599215816 13.051671198431633 13.051671198431633 17.712982340728644 13.051671198431633 14.916195655350435 15.848457883809838 26.103342396863265 21.44203125456625 11.187146741512827 
0.8101528109407671 24.340640838478635 1.0 20.445366307810353 5.111341576952588 17.524599692408874 21.175557961660722 18.254791346259243 19.715174653959984 20.445366307810353 18.984983000109615 18.254791346259243 14.603833077007396 19.715174653959984 15.334024730857765 10.222683153905177 20.445366307810353 11.683066461605916 
98.93875122361813 1.0681609224529713
120.30244059942589 1.050579986072193
130.0740734348955 0.8201729306645862
133.74787030768206 1.0504810082129419
129.27753924646439 1.1368035941976666
134.97800469105982 0.9350617099487126
142.97901518308686 0.9872915911557003
94.6044562804821 1.1851154567279223
96.54972556466728 1.1642436066644615
125.25188886851433 1.1779699369523824
133.94888789526667 1.0240744838062605
108.76479889763223 1.1797387480175587
177.70804728525775 0.9372187029077526
115.46813331481306 1.1616075295714738
114.12914360733684 1.1187361214011282
