3 15
0.8964227087664973 9.43419734344194 15.0 23.347522472151322 25.2931493448306 8.755320927056745 22.374709035811684 7.782507490717108 13.619388108754938 21.401895599472045 7.782507490717108 9.728134363396384 6.809694054377469 24.32033590849096 5.8368806180378305 22.374709035811684 8.755320927056745 22.374709035811684 
0.8989254488343909 27.00951784400755 1.0 29.929990619759486 21.87191622213193 28.778837134384123 19.569609251381202 19.569609251381202 28.778837134384123 18.418455766005838 10.360381368378285 24.17422319288266 17.26730228063047 33.38345107588558 31.081144105134847 18.418455766005838 21.87191622213193 21.87191622213193 
0.8857721155210523 11.755081164003744 1.0 20.89856302175813 25.25243031795774 16.54469572555852 15.673922266318597 7.836961133159298 10.449281510879064 10.449281510879064 17.41546918479844 6.966187673919376 20.89856302175813 9.578508051639142 12.190828429358907 17.41546918479844 6.966187673919376 17.41546918479844 
206.67818964136666 1.1844363801131632
115.27172783704843 0.9807086791356339
189.77288090013505 0.8748555370811393
153.59344706949042 0.9768495836360545
56.1541143347667 1.16714552305107
145.71628448014908 1.1568749016137254
139.2459083261816 0.9835442563654075
213.19934483013452 0.8612975641819021
171.74145146966902 0.8123769752390855
125.1032286715108 1.170627621401033
104.65568232535705 1.14915399895902
65.89823438422172 0.9155021622903954
173.8932097229684 0.8392467653319127
138.69725639120958 1.1681175301405349
193.47031622478852 0.9005357632992864
