3 15
0.8312492687650556 6.152035555380465 11.0 12.348099032154282 22.22657825787771 8.23206602143619 21.40337165573409 19.756958451446852 22.22657825787771 10.701685827867045 12.348099032154282 13.171305634297902 18.110545247159614 13.99451223644152 12.348099032154282 7.40885941929257 6.585652817148951 20.58016505359047 
0.8880414342939085 16.175069445766656 9.0 30.27323598958568 25.615815068110955 9.31484184294944 10.479197073318119 15.13661799479284 26.780170298479636 18.62968368589888 8.150486612580758 16.300973225161517 25.615815068110955 18.62968368589888 20.958394146636238 5.821776151843399 24.451459837742277 15.13661799479284 
0.8560835562105061 24.55522203317332 11.0 17.84863676366012 16.99870167967631 14.448896427724861 21.248377099595384 20.398442015611568 7.6494157558543385 5.099610503902892 16.148766595692493 22.0983121835792 5.099610503902892 18.698571847643937 9.349285923821968 24.648117435530644 10.199221007805784 9.349285923821968 
128.54507007696145 1.02975365524246
144.09220236379753 0.8590965162068775
56.49593957020817 1.1699240841295881
140.03955937621703 0.9081218612601448
106.40039697674804 1.0905932670960228
92.98322893341901 1.003961263598996
79.61929575320977 1.1474784188388667
74.91967904389558 1.155740892688114
93.8676777786017 0.9213524471420338
125.61221129393648 1.194675349164851
113.91493889529816 1.0343997223797237
125.86476619068638 1.0234851455225944
135.22936100939376 0.9618883564071695
141.68568626335855 0.8126095385294362
154.02890700633213 0.9633393449120992
