3 10
0.85 175.88224510836645 545 71 83 91 97 71 97 76 74 85 75
0.85 176.3133999816879 729 79 76 94 93 75 84 93 74 62 87
0.85 155.75098663983357 864 103 124 135 104 109 107 107 117 116 120
1601.1558775385236 0.9585275760491384
1041.2062221032556 1.172478612103545
1056.4861816774182 0.917201959181669
1397.1912722221975 0.8290860004737208
1466.629815548238 0.9742907469520887
1472.2953905047134 0.8040800974741946
1367.8484253055256 0.9802356453979314
1295.1351991477409 0.904200128519034
1182.1710469163206 0.8664208164931858
1089.969060082482 0.8658922927480128
