3 10
0.85 176.76467098851862 608 129 106 107 129 114 135 110 125 130 120
0.85 139.1184363836367 747 92 95 94 91 76 77 83 84 86 90
0.85 172.09049997909773 798 60 78 69 88 67 88 69 66 67 70
1560.4549986075695 1.110691613057543
2088.023599098339 1.1686181833792424
1617.8816061719108 1.144374305552214
1555.7254611353421 1.070478338950973
1965.2030243568042 0.9670466913106947
1280.3345261611923 0.8136866115679565
1402.79608358191 0.8935690786816958
1888.3502406722878 1.0085648754582586
1352.8203394655475 1.1447882464064736
1412.9594833107465 0.8172522175559471
