3 10
0.85 131.77640260158552 680 63 87 63 75 98 79 74 87 80 73
0.85 139.17792221405662 779 86 94 76 69 67 62 79 99 63 94
0.85 176.86396486997089 860 127 137 134 138 127 104 102 121 118 136
1194.3322717306899 0.8191518930616528
1473.5897419243224 0.9190693054160595
1380.9722506920257 1.0322209655894616
2074.918905579393 0.8774555965826227
1186.8415592728222 0.8350597339098433
1231.0550510864066 1.0548287016358364
836.4172789078095 0.8552564886607938
930.8960739901784 0.9626871824949984
1648.5132661321659 1.0863914182672272
1783.584760063127 0.8765782990769452
