3 10
0.85 134.91600966998936 612 94 84 84 71 88 84 68 99 65 95
0.85 151.46458761067717 716 75 88 68 78 75 80 86 89 72 73
0.85 125.05950357724382 872 126 117 101 100 126 137 133 111 130 124
884.5687869240162 0.9029121527539928
1546.536258061217 1.0694234930498339
1460.039791053111 1.1864523398896583
772.8687705935536 1.0883238173100473
586.5030756294858 1.0008968821710926
1481.0054605487423 1.130415685816563
820.6741333681689 1.047880565304301
1124.361591771666 0.8050704473628333
1371.5604570732478 1.150804329673429
1261.6927390127498 1.1403511603975
