3 10
0.85 159.02252452890968 612 87 61 72 94 88 61 76 97 72 63
0.85 139.97586404581602 708 132 119 110 127 100 128 135 106 135 130
0.85 165.99301034631372 840 65 82 61 94 81 72 72 62 86 69
1576.508699286248 0.9261587209776174
1009.2230477887047 1.0584241826688099
864.3832980283566 0.8518631664563485
1091.2996545384065 1.14414874626653
1704.1722693797228 0.9644261422648758
1159.598230409993 0.918928150795764
1850.8075232546364 0.9029503619818623
1110.8104482728736 0.8607035575566976
734.0828962103369 0.9603139497085998
2030.804969173181 0.8564264890305395
