3 10
0.85 121.36477496386198 717 86 84 92 68 75 97 82 61 64 84
0.85 142.31189671519837 774 125 129 102 117 115 125 125 118 123 108
0.85 143.2058056104657 932 99 67 65 65 78 82 61 82 70 86
1356.7791524163176 1.1481570147715565
1446.9574889761868 0.8265468945543606
1144.015911691474 0.9275072643225668
1404.2190119537327 0.8085334148369137
1149.9647437803 1.1409188206018466
1209.985463451925 0.950507274760021
1649.3792031921619 1.1041969114095587
1323.3425920775328 1.0614159485359187
1544.9898586417437 1.0159822234002824
1394.4389938107201 0.9111175643370784
