3 10
0.85 135.2342493379906 566 89 66 83 75 98 93 86 95 77 96
0.85 125.26278723740856 580 129 130 104 108 107 104 121 122 118 102
0.85 171.29033190027752 950 91 64 90 94 77 71 91 65 76 67
1147.5553076105775 0.9057567222897526
1013.9620543320452 0.819417778032014
1486.6624185637259 0.903359800684113
1233.8038002073947 0.8442385567271528
1416.176996534944 0.9198217041102361
701.7830518203253 0.9629470760865682
1136.3729439561846 1.049234608135095
1467.4762878058636 0.9474981140897312
1281.8344566281532 0.9846846133759941
1448.6222771568866 1.0101581882731405
