3 10
0.85 162.9740291460962 631 113 137 103 127 113 102 118 126 123 131
0.85 173.64438473249868 664 66 79 62 77 79 65 73 94 67 93
0.85 138.60520205668826 896 94 84 75 82 63 80 87 64 89 75
1257.8587736642878 1.0963612560024971
2160.61460936254 0.9474029540202964
1416.369245249908 0.8384013842216496
888.1889797278275 1.069289690195954
1218.9788471525292 1.173929684276448
1221.5569953829345 1.1569181935684976
1631.9433133389666 0.9672955843796697
1592.3141409583934 0.8014223519373618
1460.403459537817 1.1124006099196118
1607.1592778515055 0.9169614810454367
