3 10
0.85 162.92435529312098 588 73 93 83 86 72 93 87 81 76 83
0.85 144.69172052601238 752 78 70 63 95 75 91 65 80 60 90
0.85 151.18048838554324 871 123 117 137 105 139 102 122 132 120 103
1265.431276228454 0.9785030486710182
1393.1523202260037 1.0504288545259532
305.140432403692 1.1132136899437626
1722.1179666445328 0.8234197202046274
1212.0061213938684 1.1513880847088789
899.5505710547203 1.0483269804812347
1732.1891477941717 1.098878105995919
1191.803191901982 1.1052356170572506
458.170152233105 1.175376058395165
1512.5609564726872 1.0226860732070828
