6 50
0.8813576975083908 178.64261997425578 606 75 69 78 84 67 86 72 71 87 63 93 83 91 63 65 73 65 73 89 71 69 87 74 97 60 94 92 72 83 83 73 88 85 84 86 65 94 94 75 61 95 75 70 76 83 67 95 64 86 75
0.861727102978209 167.79724757206958 627 138 104 104 113 100 133 127 119 115 112 121 130 129 132 127 135 119 112 134 106 126 115 117 119 133 129 104 131 117 139 110 123 110 132 139 117 111 101 139 108 120 127 119 115 124 128 124 103 112 106
0.8293391418574617 137.43444759554785 686 127 137 103 130 124 128 126 102 121 130 110 122 123 102 114 117 130 135 131 134 122 108 130 129 118 127 129 138 122 107 125 129 109 101 111 112 112 117 119 124 139 122 110 138 130 118 103 118 132 116
0.8411173075665307 146.96485928419264 844 122 137 114 103 116 120 137 128 131 113 124 132 114 118 108 136 115 122 132 109 138 124 118 107 119 104 136 108 101 108 103 112 104 134 138 100 138 137 132 138 101 132 126 113 118 116 126 106 132 116
0.8993068884100721 133.54916065400755 848 82 76 89 83 86 71 71 96 63 74 95 78 73 74 78 90 78 73 68 66 76 64 86 99 81 78 62 79 91 66 69 90 69 64 95 96 83 67 82 79 63 84 60 60 67 74 69 88 60 88
0.818672738229784 152.18746546363172 930 75 76 80 74 65 96 72 94 76 96 60 81 67 80 82 86 83 80 80 80 88 94 99 75 84 68 86 67 96 67 73 63 72 61 94 71 80 99 79 91 75 63 65 64 82 79 85 71 71 69
3724.8583304773415 1.1233175545960226
2497.3716760948546 0.9894534765232852
2686.0613941542206 1.074461445406902
2933.1011377278664 1.14952290541114
4124.197444380253 0.916157194151604
4680.26011486105 0.8333802960293291
3314.5274660778314 1.1939920739489125
3814.070763986359 0.8272996721743039
4018.2998381759944 0.8149427643225372
3422.683687754752 0.9269438761914435
3197.140839001163 0.8669609987021055
3536.929764008018 1.0692843180636142
2356.039803015278 1.1813336927712323
2511.840099400379 0.8302128339333528
2041.6016049724994 1.166780859053999
4387.281643220587 0.9498154724622084
4381.659320764688 0.9994402243053079
2350.222441312309 0.980787313591116
2917.166236860793 0.8457630704100664
3610.311885899376 0.9391840776026111
2075.8968059124177 1.1565082263933288
3734.4712411330033 1.1561098226480138
3205.1073989334277 0.9017616227069442
2221.068507954579 0.923191664031059
4763.103402756849 1.1101135507364293
3654.6227415680037 1.0053575932549181
1913.3804150156604 0.872983774315131
3046.6502204179683 0.8297591669771321
2902.316792208684 0.8131460451173849
2035.6901337584752 0.9504362635403313
2916.7939349607404 0.9605584437902202
3239.616156996786 0.8133729690823569
3093.9798801430943 0.8414585101451436
4255.121885781784 1.150120831130886
2018.433723288088 1.1648804139121622
4127.429252405725 1.1104585536389404
4000.075885209884 0.9038363787309153
2903.2915593822217 1.0179139496369614
2654.440631322326 1.0616375567849314
2874.394369243262 1.0732598751311793
2533.1334801565276 0.8392388863453932
3007.0003356635552 1.1517039814175107
2827.655048887482 0.8890202290556369
3825.1695126420827 0.9868445586941131
2771.34806283152 1.0150894244831699
2409.4854920140656 1.0351692272671567
2843.2111990681506 1.1093415502281447
3893.041505663951 0.9033508418978121
4214.968476459338 0.9535102221755769
4821.263847902424 1.1813627075092872
