6 50
0.8650052348925126 120.692278442469 511 90 88 85 74 90 75 77 92 62 69 99 64 95 65 69 73 61 77 82 76 62 66 82 71 91 88 85 87 73 88 98 64 94 84 80 96 62 84 94 62 77 81 79 94 73 82 80 78 80 96
0.8598223122257269 155.12270171925059 730 86 99 91 97 68 72 72 90 94 96 75 81 95 79 61 78 84 77 60 81 96 89 63 84 62 87 72 88 95 62 63 61 82 60 76 79 85 62 69 74 63 96 90 90 78 94 65 96 67 81
0.8282647205776245 144.4316866555122 779 113 135 138 100 115 103 135 111 106 120 132 138 128 115 106 120 111 104 122 102 108 107 115 124 119 126 134 113 108 131 126 116 129 113 137 122 124 109 107 103 117 115 112 107 136 115 134 123 122 124
0.8723997155541229 136.13168897323268 819 126 121 131 113 128 127 129 118 113 132 105 129 120 125 113 132 134 128 121 124 136 114 138 114 116 101 113 139 104 125 139 136 134 114 103 123 120 103 139 138 112 133 126 114 139 136 136 131 116 123
0.8635991810564779 178.50691952295327 930 129 105 118 128 106 123 112 108 131 103 111 132 110 106 118 130 127 119 106 133 111 131 127 132 107 107 116 125 102 127 136 120 136 125 100 112 131 124 115 122 104 122 115 110 103 126 113 132 108 138
0.8780721320193661 168.972101016503 981 60 92 94 64 83 75 71 65 89 80 69 64 74 83 99 95 61 67 76 62 81 76 82 76 67 95 98 63 89 79 79 69 62 66 65 98 77 65 61 79 72 76 94 85 74 66 96 76 95 95
4467.480503870966 1.0468219365219522
3097.125311252468 1.1253807782282972
2523.160830531238 1.0352016662527803
2352.016651620553 1.046213509960712
3261.4267551951975 0.8588274363376645
4977.899876276775 1.0386019175063126
4416.311652312382 1.0815180076490785
2994.1919054763503 0.9347878419529033
2567.3009893353947 0.9923912361556442
3283.293000859265 1.1323040698389193
2548.5824145141446 1.1820645615951773
3523.661306171175 1.0030420748151478
2494.7255529454765 1.1172524333976495
5120.078195028713 1.0597959802233714
3011.365376673641 1.02359033146185
4590.37364859379 0.9498292006315744
2279.3684226577975 1.0417986209401613
3030.1132047391793 1.15403941970906
1651.260539346458 0.8485985203272868
4813.210350543236 0.822590162844341
2333.597508723232 0.818969299662644
2538.640535130486 1.00899029648769
3617.1346262904312 0.9995134888958893
2939.049813974014 1.0592606191588825
2237.264869795058 1.136625901578777
3280.71515379798 0.8091005902590747
1799.2104906790353 1.1294028937963971
2879.2077533349607 0.9010699457765212
4421.098919411343 1.0368626150545996
2506.4941038440224 0.9416512162157988
2585.597783074842 1.0733130594348448
3113.076478598487 0.9055363733417743
2566.3951352374365 1.0815219684975372
2339.5449295065177 0.8580688010706838
2833.860720775352 0.8385585592463205
2882.8647923817834 0.8756627725608477
4318.7464354880585 1.0968832245340954
2803.0953766855578 0.8087210996890591
3380.0579472323248 0.8941520628209854
3604.956043035925 0.9155938470285957
2288.1448143261055 1.1267789295982982
4092.934082114858 1.0944462666610844
3032.055461507621 1.1043387860451312
4541.735725868782 1.1762913098305798
3443.081419640072 1.107551646871849
3700.12833746737 0.9367417242135674
2698.7350338013907 0.9888208324905144
2571.7397446225814 0.8779491206077467
2110.300601025205 1.1186662227268775
1174.907582116473 1.0810960676393966
