6 50
0.8038205466493937 163.30364700559255 566 122 113 130 138 112 116 136 123 137 113 112 137 116 120 123 136 113 135 108 104 134 129 115 133 110 112 138 111 116 121 135 122 137 111 100 108 129 119 130 134 139 114 124 127 124 133 127 134 139 127
0.8223924516510275 169.4023251237271 594 63 77 61 70 75 69 95 73 87 82 68 63 78 84 78 90 68 70 61 98 97 78 84 67 69 62 80 61 93 80 60 69 90 77 60 63 94 61 89 70 98 89 83 78 82 90 74 93 65 99
0.8253034607146599 143.72455322563388 738 139 131 121 124 108 130 128 129 108 110 118 100 125 130 132 114 108 102 106 139 131 131 124 104 123 132 123 105 114 109 132 131 139 134 124 104 112 101 133 133 107 113 123 129 121 134 103 111 124 127
0.8363195963596199 161.8569954539267 909 106 120 125 114 128 114 128 111 129 108 109 122 135 106 139 126 139 135 105 104 110 106 127 137 101 102 113 123 118 118 132 107 117 117 107 126 123 104 120 134 130 104 126 100 115 127 137 118 107 120
0.8195399693951362 146.03486096691165 959 67 86 71 79 62 71 85 98 74 97 75 75 92 62 81 62 63 71 87 90 77 79 77 60 70 81 71 93 86 72 68 66 63 62 95 71 81 73 94 70 76 85 72 60 71 93 61 85 79 95
0.8725826704932631 161.30267160274343 962 66 85 61 85 84 75 60 75 89 84 70 69 88 87 88 92 78 78 88 82 92 83 97 88 64 91 74 95 79 99 76 75 87 61 94 85 84 70 68 63 71 76 91 73 60 80 86 70 62 86
3622.584714216802 1.0039727212889533
2380.2405932662405 1.1044087015033353
2712.177844683675 1.0934348685969293
1802.5547717078414 1.0365939683341348
3806.9595508602115 1.1078482393778346
3867.6459630544696 1.0388865276947863
2730.948821042122 1.1240941598253595
3502.211294314593 1.1746099685639395
4282.835212187908 0.9656529553697974
4069.8276215703127 1.118796275835055
2523.2753802416883 1.0310139194130579
2998.2155570222826 0.8360496583135382
2258.7481531970743 1.0890816484330028
3334.707508205904 1.1025138096588105
3904.5434987008366 1.0842733037572247
3584.7983080981257 1.1023588961359705
5508.1547234823 0.8061587976266995
3811.1877406705985 1.0297817923589456
2429.323906819073 0.8007770318342038
1930.267853754434 0.8484231929670607
3067.975540562106 0.8118880228570355
3453.6806106783 0.9164163373231377
3547.6032628764947 1.120157685068783
3249.4630751439913 1.1956787215305542
4610.6488443777 1.1363031202930405
1770.1946744797315 0.8141831631770915
3059.6017103316817 1.0108888898071204
3039.2251325463158 1.187785482123512
3016.8579593805493 1.1299841274955114
3575.9458405132023 0.9222456324947088
3621.9227610845173 1.0534834526864045
3651.4955909783275 0.9477284767451434
3406.3922228353595 1.0075028166695865
3013.464484217355 0.8396440526517783
4938.874224280784 1.1980673618618871
3317.908112181472 1.0409621498665784
4518.383598260532 0.8492188310082502
3791.976179728627 0.9884581452023696
3736.0506217190855 1.0135035191325463
4588.321989556957 0.9724482899276304
3210.125728597255 0.9946577383427785
4553.477902256414 1.1274713202633033
3086.907900603089 1.0355545135929218
3693.411489099657 1.1997972121968006
4229.053184453229 0.9379598475048065
3426.820225730935 1.0026640694821531
3558.22853730636 0.8122782412632593
1622.0004609367647 0.9326564146195936
4348.239671247571 0.9764687961252868
4101.880568038826 1.1963566466013242
