6 50
0.8857159257496532 171.5207083634407 600 119 125 120 104 129 120 109 128 129 125 122 105 129 129 131 125 119 136 122 101 114 130 125 114 108 128 135 107 139 112 102 124 116 102 120 139 101 114 104 134 109 102 115 107 112 120 137 122 107 128
0.8233265622725077 154.10210824301922 625 100 101 138 114 120 129 116 125 119 116 114 129 114 128 115 115 114 132 111 121 117 122 126 109 119 115 122 111 128 109 137 125 113 111 120 116 131 133 114 128 137 124 125 132 127 128 101 118 121 123
0.8129245996276689 122.64477767236895 741 80 63 97 83 69 79 77 92 61 92 75 66 78 76 73 81 94 65 83 66 94 83 79 92 62 75 92 98 61 62 89 84 90 64 93 68 61 91 68 89 94 78 86 67 88 74 81 89 96 60
0.8226656239127959 137.19965032104673 784 90 72 97 74 73 61 66 76 95 64 98 64 73 67 65 82 83 71 78 86 65 67 77 73 87 71 91 76 84 72 60 86 86 82 81 70 90 92 90 90 90 61 97 68 65 83 85 64 98 74
0.8799894767274509 161.48640523104436 818 98 80 63 69 80 67 69 70 66 94 72 96 75 87 87 97 60 93 81 94 68 61 66 95 92 99 69 76 61 73 69 97 98 64 95 65 69 88 64 87 81 79 95 83 65 89 65 64 75 65
0.8877331113844249 143.5056409171034 919 139 108 118 122 111 114 135 120 116 111 115 124 106 131 125 100 121 115 115 106 135 134 117 110 116 106 121 111 138 102 129 119 108 117 108 113 108 106 130 100 135 133 102 110 100 139 126 116 136 107
3272.9604442590635 0.9624893630012493
3570.926299637692 0.8741796256256585
3050.043049979892 1.1073057664601653
3597.628260674459 1.1682594030843934
4323.663568249612 1.0897864613193493
2254.6087316965013 0.9740915630622614
3990.0061475594193 0.9670602006832111
4093.1576455073323 1.1809990067380098
3311.1267686924043 0.8844925629944979
3374.9495793745837 1.0922752372233488
3407.4392944922265 0.9510484523245232
5042.688883493212 1.0195014186275944
3033.6875220181487 1.0966240781704941
4886.721830068405 1.0061618331088604
3278.6823546923656 1.1234052399083274
1114.9884409082947 0.9228941035687649
1723.018390141913 1.1135798548772946
3366.3455700454415 0.8569081162881765
2359.3421320052985 0.9371168495879334
3292.999469854243 0.8920139333555597
4390.213681720719 0.9419233054123166
3087.0534569956453 0.9028313039088063
3835.6938893878582 0.9513405012676719
3826.0866457157563 1.0358993707541622
3703.979601003869 1.1091723429371432
1965.9096608084985 1.153912047758085
3917.6695461487925 1.1108574671092486
3284.034344816768 0.8921412057106894
3058.1456814128132 0.8682668094257007
3199.537969313626 0.8917228372638163
2607.73522879438 0.9601324213243675
4043.200240528439 0.8464062823858318
4253.712153899484 0.9394803728797995
3243.5294300485607 0.8195998335101667
4285.905603774491 0.9633943550271867
3511.4149692856354 0.9476986532792611
3629.5905396957633 1.0188391254673117
1789.6181350230468 0.940668571820978
3368.392515081159 0.9757240326524865
771.8176110146937 0.9526908057402039
2293.103118451688 1.0620499340012244
4486.977747042626 0.8631103497777397
3796.4070193434573 0.9229296068456325
2266.9901641321394 1.0883025496491543
2223.211251088682 0.8505079629581168
4261.74236994963 1.1936767210294335
3903.778758933561 1.1562366489238418
2528.0485837083666 0.9846138457906486
3032.8288383654167 1.178069570367273
4374.793733824729 1.1832753159116591
