6 50
0.8027238927282291 175.7003001887475 510 67 69 63 75 78 99 97 81 89 92 63 61 65 60 74 82 75 98 88 77 90 85 64 91 95 96 82 77 70 63 75 60 67 61 80 74 80 60 81 72 71 72 89 90 83 82 78 62 81 87
0.8407802191343965 130.70271043195797 562 107 105 115 105 135 129 102 102 119 105 125 118 138 102 108 106 139 132 125 118 114 122 128 116 136 115 102 124 109 128 131 118 111 134 124 139 126 104 101 105 137 128 117 124 111 116 124 109 124 132
0.8548256933610755 159.3095898946898 619 125 106 103 128 125 100 120 118 127 110 113 106 114 117 107 123 136 123 103 127 133 109 128 100 138 130 115 106 125 116 120 132 114 134 116 101 123 126 120 106 100 137 133 131 122 136 118 118 111 100
0.8161217170963625 125.0407952719271 756 130 133 115 118 124 111 132 127 106 123 125 125 123 118 136 112 132 105 117 126 135 122 112 119 107 104 109 123 100 110 106 100 131 101 131 107 132 124 114 131 132 115 101 117 112 130 127 138 127 116
0.874264424331611 159.59130334631536 783 63 83 60 82 84 76 68 74 92 81 82 62 83 61 99 83 77 64 93 99 68 86 85 90 89 64 80 81 76 63 90 73 86 68 70 98 95 95 67 95 76 84 95 97 85 77 78 62 94 98
0.8237260346322142 174.51040252487795 832 97 82 96 89 65 94 95 61 86 89 83 90 75 70 70 81 99 72 63 64 89 80 62 60 85 77 88 82 83 83 74 65 60 92 95 87 80 61 77 70 95 98 87 99 96 81 69 87 68 74
2829.5782668975107 1.142784951410802
4557.036122045751 1.1227334489513816
3706.0849043359344 1.1883472431856394
2912.6901197931797 1.1539833023332173
3288.531103707743 0.85356698417807
3271.1494481510485 1.154008678557287
3276.9014029332584 0.8125059070212765
1661.4023446137844 1.0358967297070039
2376.53253571789 1.0833008529786226
3004.6803562372993 0.9197021556123925
2797.5520408990037 0.889482088653642
4313.165926711706 0.827063806929618
1640.7330515674805 0.8484858538998862
3140.2374954973293 0.9611662439422859
3724.2147013752733 1.1291364641039774
3987.3829202426314 0.8199709164761726
1852.3355133007203 0.929773573126407
1998.6478453983743 1.1239171608560143
3371.8226788370994 1.0498433706906705
3610.32625217265 0.862169467201601
1826.0061085809382 0.8785698034495808
2713.377049661614 0.9651739594507649
3934.1476751662435 1.07309912476267
3247.2671568584215 0.8837923524469673
2697.146350742392 0.9118962666387134
3791.6146512918885 0.8892001048952083
2816.669734674715 1.1528731031138368
2526.0840020300648 1.1463334205775677
4126.871174312019 1.0463816002977515
2923.754694189974 1.0675057297492796
3552.9582407922912 1.1967881490050565
2539.2344471078122 0.8940162628705521
2210.5067125592395 0.9835731981136816
3117.8685554528533 1.1185565353241866
1693.4474145809365 1.0665967621892833
1365.934810305559 0.8111954137070073
2881.823087887736 1.1786453604156804
2739.2731588305915 1.10154642618679
2426.3955983043684 0.9117255844194286
3134.1106314567132 0.9561303058236527
2095.8525311248773 0.9843859136637013
2729.297573498845 0.8923737576658664
1911.6826103813985 1.1682361130545087
2596.5945803588033 1.0048346597299669
2653.137756765148 1.1249819930354805
2598.5282306030913 0.8938152732285062
1664.35734763041 0.9381556258380357
3102.792330108594 1.037274796991844
4401.775490991578 0.9075836485673424
2585.814483750872 1.1366133819973452
