6 50
0.8968894498677087 146.21216675594457 511 118 134 129 134 102 135 138 137 100 136 117 139 103 126 121 124 123 120 127 104 105 111 102 109 114 106 115 121 129 135 131 130 118 132 127 131 131 114 102 109 134 126 114 124 109 120 127 119 104 137
0.8784358716681107 139.0765996311881 702 81 75 93 79 64 98 61 99 72 64 73 86 88 78 91 97 92 89 65 76 79 77 77 73 82 92 90 82 96 66 71 60 67 84 85 66 64 80 76 99 93 91 95 92 75 76 94 97 68 67
0.83761741590894 120.69688864747975 721 121 126 136 127 127 113 105 100 134 132 136 136 131 135 103 119 116 109 102 136 134 123 137 136 125 117 111 105 108 125 118 104 103 114 104 111 120 131 132 109 102 107 108 111 106 107 124 106 124 125
0.8816504604405223 133.20909645088886 811 90 74 73 67 83 83 84 84 65 87 72 84 81 85 81 95 99 71 99 77 80 67 76 82 89 87 86 92 73 72 75 76 62 92 69 98 81 79 68 95 71 75 83 66 90 71 98 80 70 73
0.8210870559744109 174.28767714908489 911 80 95 80 97 91 60 86 60 79 98 98 98 90 84 86 94 78 85 84 99 96 87 86 91 84 97 88 67 79 68 86 89 85 76 98 68 80 99 87 71 93 81 75 62 61 68 68 65 66 93
0.8789596321045963 140.19329202463126 930 133 104 134 137 108 100 117 138 122 129 107 105 105 100 138 130 130 120 110 105 138 120 125 126 130 103 104 116 118 114 125 104 101 127 139 126 104 135 119 100 129 127 100 137 118 104 107 101 117 126
2878.4705495204967 0.9398503997126063
4822.368096548963 1.121274537367138
3691.384390485908 1.0183834767695306
4072.769262577064 1.105291249442078
2634.448787958654 1.0068137780896473
3428.7158987846215 1.0751951714993853
4327.496225715653 0.8300247120671834
2948.6270136969943 0.8670235558070548
3196.6600995076988 1.0319487623689474
2758.4564779135812 0.9138347707785635
3850.3037313839354 0.9206659330645122
4407.578635248836 0.8175966494508631
4018.147356031293 0.9793414149242001
4013.4971578230097 1.0248888259601412
3894.4923103030155 1.0254388178764595
2177.7442352232492 0.8583540473769037
2498.2013301491315 1.0498506966683285
2156.0514390307735 1.181258770698336
3341.766029757036 0.912781531123197
2804.6960590293834 1.169759971545577
3394.26245106156 0.8278761564181194
3122.6687561895624 0.8149300892811654
3883.705515114299 0.8024831418435558
2530.987731807465 1.0650421050071144
3897.3266932701395 0.9336414368717438
3353.272925109148 0.9014328623517917
2334.9658599905374 1.152148478122774
3712.207976742642 1.116971950470663
2994.7665382192263 1.1337293225534641
2622.8386036654406 1.152045986105575
4756.938371496599 0.865286850591908
3634.82741678302 1.0022900666909316
3750.670345230337 0.9630989885269425
4054.3070438630803 0.8762777357882612
1985.1264964302354 0.9921820516427804
3638.6035865495232 1.120847125647571
3288.7241334619075 1.1615079177145984
4958.519171104539 1.18079006961914
4257.608551637965 1.0475767276817556
3197.5405586683264 0.8136563070955446
3262.8633980829386 1.1296250425321583
2924.549888974817 0.8679964318966715
1942.0988570923141 0.9278973332468625
3655.4629699660018 0.8572466081300807
4341.004919743276 1.091467802339087
3178.3851961053165 1.197396659635185
1958.1076030056015 1.1810729839892353
4483.015863170103 1.1668838647141841
4006.115064304494 1.0337832574195185
3126.46705442616 0.8478578982661497
