6 50
0.8464892859418427 164.50078418421072 522 82 87 63 86 64 75 70 66 95 68 82 80 68 65 65 83 73 95 96 83 86 72 87 83 92 89 74 64 93 62 75 66 81 83 79 62 67 93 80 62 60 67 91 61 64 67 93 90 76 67
0.8976134326161145 127.77297985265935 619 103 134 130 103 138 136 138 104 109 130 127 133 132 136 111 114 137 120 109 131 130 131 112 134 120 130 124 122 118 117 136 118 122 130 114 134 135 127 122 132 119 122 128 126 106 113 111 109 138 119
0.8803071178676661 138.81078439480115 630 61 72 68 98 60 87 85 84 94 65 79 72 62 68 92 70 75 66 86 82 72 95 89 86 89 76 66 68 68 78 92 79 67 71 86 66 68 94 65 73 73 71 80 76 82 85 83 82 85 67
0.859722650117285 137.853496161774 634 121 109 133 126 118 102 109 110 109 129 113 139 120 113 113 130 124 117 133 134 137 108 108 123 135 137 133 111 127 124 118 130 115 114 139 126 103 100 109 100 109 134 120 114 132 122 100 125 100 115
0.8463352888714499 129.02116245162202 667 122 101 131 115 114 116 106 104 111 101 138 103 124 128 130 112 128 114 103 134 100 114 113 107 132 115 120 131 132 125 111 118 101 121 120 136 133 109 122 100 110 105 124 100 139 115 123 138 110 114
0.8669621688947151 176.06763342349902 990 80 84 60 68 71 82 95 85 95 93 74 72 86 71 71 60 77 70 85 83 93 81 82 72 66 76 82 60 77 73 86 85 90 75 93 89 65 66 75 96 88 67 83 74 80 99 79 96 85 95
2460.0074184682744 1.1795752450341517
2463.234496169028 0.9283438203942245
3874.3784365765323 0.9864889927088547
5158.565570363424 0.9608930174282224
2688.5426079377467 0.9912538858075168
3595.1355816966743 1.0047211424762374
3738.341594330317 1.0946871075637241
3389.2288421459843 0.8598387998107463
2832.548697549474 0.9008580420504693
4692.921776448424 1.182858605096571
2952.087698556379 0.8335872293646424
3408.804885452869 0.9317543109753712
2201.1792282583897 1.1981012826902515
2409.8336803733782 0.9242450976289305
3142.5191140349116 0.9795410750768305
2712.1999931063942 1.1670755464677451
3934.3484018071395 0.8208494377924445
2542.2866200743083 1.1142238356760226
3249.673631827139 1.1183387743465767
3570.2328246175066 0.9703183690292423
3549.3979934340273 1.0104892904719038
3931.132553647405 1.0148742343053365
2855.98390125358 0.9555674113077248
3442.8786811203718 1.10709757182722
776.8218418609772 1.1505502264302536
2948.4580153175602 1.0330940154022996
3187.177089105594 1.1749061079508465
3684.7966535203204 0.9667179467955985
3122.963430267067 1.081585799211869
1709.4570868687372 1.154511537235683
4785.0158641671 1.1675512201225757
2525.3619138281697 0.819313189023505
2740.7537113262506 1.0128933586079143
3623.605983371987 1.088292419047898
4130.765479269606 1.0712556135548266
4080.757252694814 0.8217089961472392
2528.6463755635223 0.9036632232481833
3185.5998776814326 0.9773386227015212
2084.633591273152 0.9459496692078303
3708.231152785946 0.9029958654540923
2975.488875745487 1.006522820343517
2818.0024200525872 0.9535559759091631
4828.015251619796 0.8265024579443364
3437.270373241026 1.0114135028172957
1904.0592484082576 0.9368856582474507
3701.4527054310656 1.1512666974385577
3306.5164323178274 0.9659091972188418
3478.295135637356 1.0711431668887452
4512.47549407271 1.1282513103489589
3273.8162151693764 0.8789445899771051
