6 50
0.8091193468981853 164.34624236727345 512 125 131 107 117 119 120 120 126 137 103 101 110 138 137 137 102 111 138 121 121 129 102 109 118 125 123 131 104 101 116 124 103 118 125 136 116 118 110 120 121 119 104 137 107 109 137 113 106 139 104
0.8297399509841602 174.32658259339868 597 75 77 60 69 60 83 87 78 62 62 86 74 85 85 82 71 89 67 76 69 73 76 87 90 73 94 80 98 73 83 79 88 63 81 98 96 94 99 93 65 70 62 90 60 79 98 90 73 74 70
0.803185492324142 162.7622673042771 672 110 116 106 109 125 112 127 113 136 117 102 136 108 131 103 111 101 107 139 135 107 106 101 138 132 111 106 109 139 133 100 109 101 130 114 126 109 101 105 110 105 128 102 114 111 132 124 120 111 113
0.8703870981562989 127.68669951028248 848 74 85 61 79 99 79 89 89 80 67 97 85 93 79 77 91 93 68 64 63 64 90 80 79 84 61 91 74 76 74 67 69 67 62 62 78 86 93 93 95 92 79 91 88 65 76 95 87 77 70
0.8003068862954119 166.7470909440703 933 117 134 123 126 115 104 118 114 125 100 133 120 130 138 132 107 116 126 124 104 102 104 100 104 126 121 128 116 136 138 132 138 117 126 107 105 134 118 105 130 107 103 108 113 126 108 125 121 128 127
0.8677665392776006 170.68196603431863 990 94 99 89 86 63 94 61 61 94 99 83 82 82 77 95 83 92 89 76 60 75 71 79 82 68 72 75 94 83 97 83 75 87 90 98 92 84 87 71 78 70 77 99 91 63 61 90 76 93 92
2894.719063152199 1.1836866805035795
2579.3763482822947 1.1941905516207636
3202.515225087081 0.838384666587209
2267.4413884729065 0.9324624209504286
3012.5679314729696 1.0254427128758032
2803.5562093354256 1.093915795917132
3141.227394440514 0.9971708969375893
3006.3233828862058 1.1182579926477885
2140.3707238240268 0.8892075148193868
2760.74654813706 0.8970336103934857
2697.3933768479137 0.8998846915647762
3137.453417306119 1.0281068741306796
2879.4182155253493 0.8322039517114459
2404.492341365166 1.0526316585080053
3980.6421899672146 1.0036120048799475
3453.569108473557 0.9428062132303724
4346.541542067167 0.8822064872755553
3089.98282595091 0.9519567088732291
1730.0744122563626 1.1390755427405488
3329.8401082832816 1.062652893256148
3455.2503939889275 1.1686198086087913
2440.7597215301 1.1483432243717961
3967.4807705680396 0.8273140535811881
4007.7845778101596 1.19652370796618
4713.948265721949 0.9046208526023659
3367.4423395860454 0.9031570349324602
4922.530943691394 1.1471213186636078
3735.1613875350713 1.1399849691557316
3140.1297892660195 1.180162527144702
2465.4338745292707 1.0366481131176934
3314.818340436369 1.1798061581131387
1587.5139566819166 0.8123079277680667
3309.559259585327 0.8789683923240291
2475.4916171481314 1.024190359044633
3508.64916213018 0.8156133853241347
2155.5740705377093 1.0632144105097427
3172.721078890818 1.0364399569085734
2984.029312933768 0.9683128548861212
3842.3803243077896 0.9540243300796811
3714.4685614503514 0.8125746103955025
3114.2078948132976 1.1490161821680354
3258.2229303007784 1.0549758970802068
3260.8165726572897 1.0780191629067142
4380.975170576022 0.9469137162972879
2891.9762398203943 1.1048324493350423
3465.9881831202 1.0421166062902112
2053.5839327684844 1.0644653969941111
3994.5976694450596 1.1870044537846662
4600.288855344892 1.00556644454547
2905.9468696869453 1.0658030476749139
