6 50
0.845180112830351 121.1100452367338 617 107 103 139 119 128 101 130 132 126 118 130 137 130 131 136 115 137 135 114 134 129 137 126 135 114 134 106 107 124 124 102 104 133 135 100 101 103 109 129 127 108 107 117 104 139 113 106 135 115 129
0.8504204484493444 146.10220692008 617 124 118 129 104 110 137 127 111 136 131 107 100 114 118 114 111 122 117 116 139 105 128 134 132 138 114 132 116 128 106 133 139 117 133 114 108 110 116 127 127 115 119 135 138 104 107 105 131 106 116
0.8888967840533728 120.82259111887649 642 74 90 64 86 85 76 77 81 61 68 99 82 97 62 70 85 61 61 91 87 65 68 72 88 88 87 76 88 85 76 73 99 71 93 67 64 80 86 66 74 93 94 62 90 71 76 99 89 86 79
0.8492971252978179 173.090634447733 749 96 86 64 74 67 81 72 67 68 90 78 98 94 86 88 96 78 75 82 70 61 80 97 73 63 66 97 75 90 85 82 76 64 99 62 67 63 87 90 91 98 61 91 83 78 70 81 86 71 90
0.8139400097666648 172.9404807665207 883 99 92 95 73 69 62 61 69 76 78 75 86 97 79 66 79 65 80 78 79 85 73 95 60 97 96 99 88 90 67 77 83 79 76 99 82 92 89 98 82 74 75 87 89 76 96 76 93 72 84
0.8950531855210072 150.0093836511182 995 109 105 127 102 133 121 131 116 138 101 119 124 115 121 119 131 107 114 110 133 116 101 121 109 101 129 113 104 111 138 139 118 112 109 120 139 125 105 112 121 132 126 121 115 111 110 104 115 108 123
3718.657617828022 1.0711056541671193
2979.6611064518324 1.1756818591203988
3818.468186676756 1.1866209005949968
3338.6409768455783 0.9546713034484833
3308.1706296385364 1.004243122954868
1992.5350399731421 0.8660125660977563
4091.4560096403648 0.8609044632761778
3021.7617897333153 0.8947353682043213
5472.506018114647 0.927429527573535
3241.9573454399183 0.9913673058579807
3748.69204975051 0.9446528826870921
4372.307812606021 1.0664312819152222
4139.611804500992 0.9364752623801693
3983.2008170109757 0.8994822221542295
3226.7885717285567 0.9128098489309644
4749.44622701558 0.9714044875843402
2113.4530680610096 1.0048769357335514
2391.803793022682 1.1027056674755225
3624.8909722609237 1.1510443412525255
3475.652393193537 1.0193692483275951
3486.9146505806057 0.9956455742986721
4717.362420439774 1.0719602819337977
4894.72017256566 0.9797244321244123
1849.4856980685092 1.0386130096748063
4573.178783050594 0.9639983296551011
3420.6779722088827 0.9509439691734791
3590.674223913368 1.0175070874066299
3563.8010697725763 0.9267973468912751
3680.5767037465703 1.1474461575133168
2660.747846186823 1.1053768365686167
3545.2913909558265 1.1129639666721145
1429.7707050992356 1.0928947382133263
3146.205622772244 0.8671024591473625
3110.8742321270124 1.047133311254032
3014.637475369993 0.9233313225422394
3649.095172365797 0.8645545677679293
3398.683242664969 0.9770068556104887
4030.952799379954 1.002381277725272
3768.397924471212 1.0564205909975615
2081.1526761698256 1.0904511039993654
4211.831695490839 1.0451633132940366
4013.003753145884 1.1342264180435124
3904.636029842839 1.12587997343667
4988.914836300035 0.8496901210672275
4384.491816712061 0.9636986250530222
3113.4103820083933 0.9059686691773984
3719.7468899873106 0.8289627341310738
2949.7523494465945 0.8881720579162735
3992.5862363872516 1.1543609436113385
3340.9418510354312 1.0729823289130092
