6 50
0.8954163675890087 151.75854999198668 515 115 133 134 108 111 122 129 118 109 134 139 114 126 139 109 131 136 139 110 130 111 103 138 106 108 119 129 108 135 129 119 116 131 108 136 112 133 104 113 109 123 117 120 103 107 139 122 128 104 121
0.8734367818565072 179.14966362332905 720 131 123 116 138 119 136 105 130 109 120 102 127 126 132 128 139 139 109 125 109 112 112 116 125 127 113 139 125 106 109 111 126 110 125 128 135 133 124 120 136 101 115 134 102 132 102 127 107 101 115
0.8694838047624494 151.65991183246618 771 62 73 78 80 66 82 98 94 93 82 76 77 77 63 88 80 98 94 76 66 60 95 87 68 82 64 65 82 91 72 87 73 69 98 60 97 69 93 68 82 84 93 73 60 99 60 81 70 75 64
0.8765173311159096 147.84663740833852 844 107 131 118 102 118 101 110 108 117 109 121 105 112 125 108 123 109 111 118 133 128 106 137 112 126 133 114 122 134 109 118 104 125 128 119 114 130 132 107 138 108 113 122 119 113 122 131 105 135 120
0.8974343348042684 129.26346407624422 848 85 76 69 81 99 78 65 77 95 86 97 71 61 99 90 80 77 90 69 98 82 74 79 61 78 84 85 97 86 89 98 80 90 79 60 91 87 86 95 63 92 82 83 78 94 82 85 68 63 74
0.8461278770459489 138.74361283119856 962 67 72 76 93 77 94 97 64 64 75 72 78 65 97 63 98 76 82 79 69 88 68 96 95 63 73 89 63 92 96 67 83 85 94 80 62 79 75 63 64 65 73 64 74 94 97 88 94 62 66
1817.0593911088126 0.8413733626813722
1416.171954987641 0.9351912681279095
3831.6505003705074 0.8563940205149041
2462.567795582928 1.0649403870028609
3491.871070364462 0.9488228035660069
4053.5838701254106 1.0223238754890467
4137.9570231523385 1.0814470557258395
3764.949861886173 1.1707140682106505
2576.8417529173635 1.0730997961359778
4299.717400711506 1.1457922875825532
3110.9876354128774 1.1434552123860022
2623.0519121414554 0.8198283663149455
1762.4054469589016 0.8593307155374004
4202.189074989514 1.1489391183884683
4737.3330938969 0.985117894625996
2231.8401698420766 0.8969625976894773
3908.99486432249 0.8475059541257289
2527.0020981222624 1.011058461290671
4401.9992595431895 1.169967727492286
4322.496526778306 0.8609163273761754
4819.396566259264 0.9371174034972851
2938.898421288331 0.837846699919325
2939.3078946322544 1.107727738647145
5079.035343881472 1.1700988047753835
3516.674962499224 1.0549436704438488
4335.498205092624 0.8590641107376373
3963.112964261097 0.80413036696912
3143.532907359758 0.8758569078935856
3728.9862226823234 1.0752525945872038
3741.4636965242216 0.9615098909138509
3041.4071955547192 1.0794946263560072
4084.3644000747254 0.966897246364814
2721.105170195077 1.012875250035618
3102.925015404176 0.8242570046725551
3519.0667006656663 0.9264915022283639
1925.0340501789028 1.1340854116361552
3501.155491910386 1.1060054890871087
3405.0140787684395 1.0791699482594383
3367.116853668983 0.8339585969884239
3597.7946476793104 1.1171539037453817
3865.3104445534054 1.0545334101349795
3018.541011922175 0.9635963834495275
3431.7165306902025 1.1681289705583209
4990.500793425742 0.8157328880568827
3154.0266089161264 1.1881436887393457
4983.033930500623 1.1884530423782755
1954.5632612420186 1.1117385493843492
3013.9411094361894 0.9743471957450083
3843.287429915997 0.9565009757909559
3181.3671051833403 1.1747484008156284
