6 50
0.8754209621646692 168.10889979715367 513 68 85 87 98 96 80 71 67 64 87 94 89 82 84 67 66 95 65 73 63 85 95 76 88 67 98 60 86 63 75 98 80 88 97 81 69 86 80 90 89 99 97 69 98 61 93 79 72 75 66
0.8715206799109545 161.42242491839554 703 111 119 117 122 130 128 100 119 132 100 124 138 103 101 128 106 134 132 138 117 136 133 118 111 135 106 118 119 126 139 111 137 121 119 138 115 101 136 126 133 131 110 131 123 119 111 105 124 119 115
0.8103322718289173 144.4152795108963 734 122 123 135 103 122 113 101 129 116 115 139 137 112 124 133 100 110 109 120 107 111 111 128 116 111 110 121 131 137 126 130 100 131 131 111 114 101 117 132 127 137 115 132 113 124 112 128 131 127 110
0.8515035090124315 176.80421659334652 782 91 63 64 97 63 92 84 92 76 74 93 77 92 72 99 70 94 92 88 97 92 65 96 76 64 73 87 93 64 64 61 94 99 96 75 74 71 69 99 71 85 90 88 69 86 68 96 93 64 63
0.8873878648283056 157.72342502471545 824 88 80 97 90 70 80 87 96 64 75 79 75 89 77 77 97 91 76 62 81 81 98 67 92 73 75 86 90 93 86 95 92 73 64 62 91 76 75 62 65 79 83 60 60 85 61 69 90 91 84
0.8973777883592744 136.67064984168343 900 138 127 138 138 138 138 133 136 123 132 123 101 131 123 113 109 121 118 121 100 115 129 130 132 119 122 106 131 122 124 127 132 114 128 124 129 119 121 112 125 122 105 108 104 104 100 109 117 121 122
2510.155249956962 0.8397645053675997
3880.4972848939265 1.1856657888222564
3349.3097324020373 0.9142277491707647
4160.037982396008 0.8325645710591856
4432.163030846183 1.0450570866043647
4260.423691625683 1.0562241303760747
4108.403001420172 1.085701865114231
3582.2434934818193 0.8752276578184989
3655.076681154895 0.8618395511263997
4255.201253737924 1.1036900602309765
3512.6779003259157 0.9393755400970493
1989.003988504118 1.1943943773212635
1981.8738107404893 0.9584696623795701
4123.25389239644 0.8126868672655949
3382.2476176552395 1.0373624816653335
3562.7133616505675 0.9438061393969599
3314.786138237586 0.9670660284293022
2927.0610426351 0.8398723442325853
4322.459472351304 0.8785874664620155
2574.278583058992 1.0991484149967619
4100.2489321343855 0.8486439484709163
1510.2339688400052 0.8765335990333862
3434.295064761316 1.0263581188252415
2482.642047818306 1.174470183800431
3582.632113413307 0.9433973432972937
3042.441081679543 0.8679407474616923
2649.6815128904086 0.8494379979978858
3131.6220824304605 1.0755895698410596
3592.285139975183 1.1741737310943425
1393.7681322765852 0.8365842414745656
3288.2173492941847 0.9674684835768083
4037.1565600970684 0.9665834395098913
2737.4579649121065 1.0408011286671262
2041.831334573925 0.9790015218504375
4270.340203161176 0.9833632899517991
2295.378055270642 1.0777714162542744
3454.7115002844457 0.96143188281442
3600.3309275848533 1.0570892107164243
1888.6434028502174 1.067399119721292
3218.4304611800817 1.0151846478403943
1976.8364395220347 1.1193393530842788
3881.4129160483712 1.0010746794924719
3577.8359363442773 1.040001725311986
3460.2118359099068 0.9149725555872702
3549.6118515719395 0.8011049140601598
2890.083037638592 1.0423100419336324
3332.615239078063 1.1271953248302342
3868.50988140235 0.9429188504324879
2468.103389662002 1.0181899016594966
2802.554623457726 0.9256409331855485
