6 50
0.8099274751634337 163.5777557107056 514 127 105 123 132 117 132 132 135 110 128 104 124 130 125 135 128 127 117 117 104 133 125 111 109 135 132 105 114 100 138 126 139 102 109 112 136 126 112 118 139 115 125 137 120 101 139 125 132 137 123
0.8923824431207557 160.83515174556453 582 65 75 60 86 78 78 75 85 92 87 94 75 89 93 72 62 84 84 79 97 87 61 91 94 66 76 60 64 63 95 67 70 63 70 91 73 78 69 85 97 92 84 63 61 85 88 71 60 67 87
0.8906889394437126 135.6016331486837 918 72 95 67 75 77 79 64 68 85 68 89 63 80 64 65 87 97 86 74 89 85 83 66 84 91 92 66 96 74 96 81 65 97 73 85 63 74 65 68 67 67 67 66 76 64 83 99 88 75 60
0.8682023797151335 174.5089495556411 925 105 103 128 123 131 129 107 102 101 110 106 125 100 126 135 119 127 111 105 121 100 120 100 131 109 126 138 129 135 109 134 128 107 125 122 102 102 136 117 114 110 107 132 106 119 115 112 128 137 136
0.8885227860560407 151.0988286106804 956 130 122 137 138 123 107 132 134 136 125 106 120 106 129 119 134 124 136 122 105 125 130 110 130 127 124 137 104 106 119 126 105 128 105 106 117 137 137 106 124 109 106 125 130 116 129 107 100 109 120
0.8615499117340235 147.2410566284408 958 83 87 64 62 66 64 83 99 86 62 70 73 83 77 83 62 75 71 99 91 71 67 66 86 89 94 61 78 83 86 78 95 66 72 92 96 80 86 61 82 78 66 74 67 65 79 83 77 83 95
3256.753240465503 0.9925212864643813
2779.5924021523547 1.077698904546783
3533.228326898915 0.8943282443033451
3946.0342090789654 1.066886413789433
4567.239236813022 1.0500797336317687
3847.6996673313447 0.8844853100569702
4117.144737185791 1.182906758406038
3298.4580078704525 1.1485298768526333
1285.792121953395 0.8627300441691879
4480.295638968516 0.8047906720551413
3248.0460695598617 1.1995981255746306
3901.7714868731277 0.8791481568165029
2835.575382399561 0.8772165331675841
3075.733221155287 1.1560328401611968
3146.659127544346 1.1491344771931258
3230.9899326996756 1.1853828877823775
4393.580931178221 0.8743014234553833
3259.169644245701 0.8931439482077012
2060.772725339576 1.0707872372555554
5171.683798225431 0.8170577678584512
4687.058187151721 1.0276801992281173
2524.967403254737 0.8892087640503066
3442.1935864818506 0.8140134260826097
3145.7117202837044 1.051993667588862
3619.4484446913975 0.8526584483519614
3696.1449374900376 1.1469018020264454
3201.551424539053 0.8852943183668749
3908.6519638285645 0.9240511737629541
3554.170973028676 1.0976314693981672
3846.2732211577577 1.0236812942797047
5195.02455226593 0.9259125720180167
3867.2489145785344 0.8428408595275461
2810.1959901366977 0.9402481380791077
3686.1846152099624 0.8601362108170478
3023.3281647362037 1.1871877377264304
2793.0502668696467 0.9287001972455574
2563.123195990348 0.9077716813538157
3298.2727825151514 1.1731227010151724
3364.4873390596913 1.0839866874010684
2723.871308742208 0.8977413099827406
3549.926206116754 0.9966136905543844
3872.5976874183143 0.8275048775829775
3414.5516780071816 0.985600320386574
4051.9809978841513 1.1254182514800306
3458.4061697510856 0.9218119383847563
2928.7065780997978 0.9388777672809883
2124.695929181058 0.9316913433053469
4283.075216783608 0.8913955049598525
2811.0161406503635 1.075870311008778
5382.296040535988 1.1576672518286701
