6 50
0.8069307251939064 159.98917715256746 700 110 101 116 136 125 128 134 135 119 112 130 137 114 108 116 107 139 113 123 121 105 109 111 132 108 114 107 124 101 127 135 111 123 129 113 127 111 123 105 139 120 121 133 110 116 136 111 131 132 133
0.8918865113284127 157.65467408885965 725 90 75 71 92 85 61 61 62 84 75 70 98 71 78 74 65 62 74 69 69 99 75 84 89 76 83 81 91 85 70 91 65 64 75 74 72 82 65 84 64 76 72 89 63 87 97 97 66 63 98
0.8339897057935809 149.9044201745807 769 136 102 111 101 129 116 123 105 119 101 131 104 100 124 139 116 107 138 119 138 102 100 124 112 115 105 139 113 128 120 116 137 110 125 129 117 102 125 114 105 101 106 137 137 133 116 119 102 119 130
0.8673123919513712 162.85961879496782 782 98 91 71 99 94 72 76 99 65 94 79 78 65 80 63 95 74 60 62 77 80 63 84 83 74 93 72 90 63 72 60 60 92 88 63 86 91 85 87 62 97 76 90 83 96 74 97 76 72 61
0.8930411701574773 167.60225285754137 859 138 121 121 131 129 100 114 137 100 138 131 126 139 123 100 105 105 100 117 133 126 135 114 129 118 134 120 101 124 131 127 107 108 116 118 138 103 113 115 124 102 103 105 126 111 112 102 134 139 106
0.8653970856041712 130.47331857352418 863 89 80 92 77 73 99 94 92 99 81 72 71 93 72 62 97 72 79 61 68 70 83 64 71 66 68 82 99 87 78 86 94 97 80 91 93 61 92 88 68 67 78 85 77 73 86 80 65 67 76
2993.4690340325774 1.0732046168642428
4296.692007916628 0.8225610062639802
1576.271585734945 1.1109649518165103
2619.282173519777 0.9866303980145085
2035.9143967811906 0.9714113298885835
2328.348797653202 1.1490804785454762
3971.574060037277 1.1169587057308727
2290.6105282582153 0.8751350861319592
3374.1235773391854 0.8652926468225547
2401.701462052759 1.0401059555617214
2621.825774641747 0.9318354267720361
3752.2971598719605 0.8422827381857768
3176.0252710744135 0.9883615502083699
2880.944164515384 1.0386402232080483
3684.488466372661 1.186635846384303
3849.701183054688 1.1696089536738161
3022.8584379447766 1.005360825368489
3496.8816141472907 0.848158241113247
2251.826446874693 1.0667319729662608
2877.39592141489 0.8768221623566237
3394.4403341880025 0.9502190960128544
2476.6204957026903 0.8795344863308928
1995.5132769472075 0.8658510719348904
4053.3335885794813 0.8414601409697959
3742.766799956949 0.9420723339979178
1878.7818072925154 1.1079276833311629
3726.3320733016585 1.045868980594959
1627.9862218142218 1.1033512400745733
4799.976716367006 1.1355035872432664
2160.351072224016 0.8895408371480958
3612.4715519888273 1.1643346791829232
1921.7111097760685 1.1491885780518503
3473.449656307503 0.8878929176240026
3634.5099490693515 1.188939392517212
3368.905598698163 1.1173387345007246
2821.7956783963546 0.9569392943252303
3033.2614903489552 0.8013126069065215
3331.347231554272 0.8103963474268285
4349.33774336864 0.8198751889398862
3331.1374121079516 0.8831514263995338
2548.4988278503624 0.9473102757096039
3205.148133010372 0.9647938273087322
3246.0494598101204 0.8401965670902124
2866.995583213385 0.884218433652608
3623.4863341337305 0.9318182624642399
3549.6905200087767 0.9988790591796469
3050.5984322450904 1.1972180591097712
3712.709288397707 0.9832202160631872
3872.0178494454613 0.858784490489139
2734.967698696342 1.0741938549614698
