3 50
0.8855349229513301 162.04627622616982 682 77 64 60 61 80 97 70 83 60 71 79 95 88 72 67 73 77 78 69 77 87 93 69 88 62 63 97 86 93 62 82 60 73 62 75 98 86 75 61 67 96 87 91 64 85 67 60 60 83 69
0.8730471184453905 134.06158233806372 889 63 99 73 82 72 81 95 70 93 72 61 67 83 69 98 64 87 89 73 70 87 82 80 70 94 65 75 62 75 67 91 73 65 73 63 83 63 90 87 79 66 77 93 85 95 64 76 84 87 71
0.8568614705925344 170.87302390874962 991 107 117 129 134 118 106 120 110 106 118 122 130 125 124 100 125 113 124 102 109 108 102 137 111 138 106 112 116 131 122 115 134 104 110 115 125 130 119 122 104 112 107 122 107 102 109 108 137 117 115
3254.1271427782776 0.8882052240304744
3305.5000543192714 1.050735920212224
4584.808059370166 1.0150354980973582
4161.850467857987 0.8504216058964541
1933.931996925617 1.0477527910215965
4506.067240864381 1.1752284509337518
3796.7915559201983 0.8506371051393876
3913.26498636909 1.0704819720263234
3429.8103955297415 0.9518774677804573
4400.460104213611 1.1027723645299556
3607.042921783532 0.915617734557252
4333.643218930823 0.9392051973158337
4918.06061197212 1.1685916070962281
3318.540090508524 0.9366696349230015
2620.7642118248755 0.8463666303010451
5208.408241526793 1.1787555751795178
2924.0017793972 1.0361787746601157
5112.76711137966 0.830500648335148
4024.3163334037413 1.0143353159340118
3897.6055264867764 1.0171781607530666
3090.01798613111 1.074793572602919
4736.513053295205 1.087746943896307
2228.5091537178587 1.0510932677391314
2330.2655400789736 1.113691411010516
2434.734384342939 1.1076223623380888
4060.7492738239753 0.8200261825032056
5661.27467732524 0.8106613547764899
4470.029122563053 0.9338395982507647
3289.297166041507 0.9259069190446345
3026.0366183216493 1.0292222268780469
4256.467983041958 0.9197360785767938
3838.040306518174 0.8581661081309925
1783.177221950095 0.9273622597378738
4755.33105383513 0.991861383781599
3786.2176659966076 1.0375222910423079
3697.5191224395076 1.163706768040364
4332.355967439714 0.9804883927902511
5523.247550277803 0.8611323406661935
3329.7919955483385 0.9689574967562982
2662.9248594428764 0.9081969826694014
3268.6701324685464 0.9520351342722917
2914.3014907143697 1.1725082875568882
2520.1773166311073 1.1636067144221207
1135.0938327697559 0.9451410252516079
3681.6161179562364 0.8024690935300042
3850.5315093383406 0.9114889803098694
2986.404561724399 0.8805027091632716
1670.4695083808256 1.0785157316964882
4964.246737665933 0.840791077870789
4296.652431616663 0.9196983964188317
