3 50
0.887760876281177 147.90120365450562 665 135 110 124 138 135 134 106 129 130 106 123 116 109 118 102 125 127 101 113 104 104 133 103 128 107 132 138 138 126 139 118 130 110 139 124 130 120 100 118 129 128 130 105 135 132 107 129 122 139 127
0.8975412211319566 146.86119253548694 772 63 78 88 60 64 63 66 72 83 63 71 60 69 70 98 90 62 87 82 67 65 92 93 92 68 87 64 62 85 64 71 68 67 99 66 95 64 63 88 87 99 64 78 88 79 79 75 95 71 69
0.8867166909363853 126.23567304465915 907 77 67 99 60 66 70 70 91 64 96 66 93 88 99 66 86 77 92 93 62 83 67 95 66 83 88 61 91 66 70 75 67 66 81 60 62 86 89 76 65 62 67 96 87 63 72 67 80 73 88
5233.205093209205 0.8666342775094706
3509.7180038589154 1.1990634307730472
3175.3357528421875 0.8933604594583542
4868.983685031279 0.9364997791629652
4048.716474071214 1.1204847211962998
7340.089318781428 1.124063490926587
4435.733199351733 0.862451039654288
2805.39765230795 0.840576795612522
5801.3684312183195 1.1922815736441938
3447.469804687138 1.0681089224879705
2714.546177000733 0.8153707069738689
3804.698048068561 0.9038678025790959
4298.0247530662045 1.0637485663413975
3472.188979953932 1.1434845109419587
4786.505827910216 0.8603989473714513
6403.768346718112 0.8307000714927945
2761.725472240607 1.1539165917807654
5860.883362519982 0.9093240250064611
4638.268464115157 1.1955989406968313
4600.068959359005 1.1662977256909972
5932.841000984007 1.1267579415677047
4171.774161477601 1.1421711592660657
3776.5201281135046 1.1839879594993028
5375.46434511138 0.8647962901612026
5077.466331459084 1.06164549800994
4951.694471652425 1.1885875507764383
4039.2034126586295 1.1671267784711785
5545.17129641984 0.9923202094939801
5060.342548423096 1.0630960121441506
2280.362680457025 0.9680423285626704
5074.439006425057 0.9398020418670299
6365.995417025588 1.0732761888614282
4268.099587505586 1.1046193583015067
3683.252660689017 0.804254131975097
5064.188725639003 1.1680001716955712
6072.101089979738 0.9797528965369284
4727.1652087634575 1.140250519123011
4997.953979885915 1.1354050365167083
5375.231211212633 1.0772694653025405
4822.7214302143975 1.1213288249130935
5228.00894875374 0.8707991382940625
6068.634700526399 1.021373326490031
3710.8657247457563 0.9835472551032154
3240.7861106752043 1.1459772095251664
4303.181820881821 0.8049931684757571
4725.264907077733 1.0065414913051491
5033.919318422939 0.8614289689319948
3162.89352644221 0.9275369298797173
3592.087927202162 1.154170669655757
3939.6104166674954 0.887491790593283
