3 50
0.8217261517009079 147.7592466689046 539 107 106 104 112 135 138 137 135 129 100 102 106 103 128 138 123 112 119 114 102 132 112 104 110 139 124 122 134 111 122 105 115 115 129 120 113 100 129 104 110 125 118 113 104 111 133 137 108 112 137
0.8316934179524283 155.52242185437765 630 88 61 65 77 83 88 68 84 91 76 67 60 78 75 66 66 69 82 86 76 89 73 68 98 78 72 68 90 92 63 61 84 70 88 68 61 91 60 96 68 80 86 99 87 98 92 92 79 73 71
0.8544845183887994 174.01729773094033 995 67 80 74 74 60 70 66 84 70 88 94 93 95 78 84 97 87 92 86 83 70 98 73 70 80 95 63 75 79 71 73 69 66 65 76 88 80 63 65 89 61 73 83 83 77 74 66 81 60 93
5485.529943765278 0.8712990039606293
4338.023083098268 1.1791450104756573
2644.795451797221 0.9383039593855566
3622.818053152125 0.8839925812412609
4352.267317159811 1.0461350594478804
3082.3185047919333 1.084448432926274
4732.4054316835245 0.9499309230591453
4303.520544993172 1.193126988135357
4529.411694330447 0.8403201943572751
3868.297984118846 1.0374210340788044
4799.678414796217 0.9880534716525687
4352.0135931880095 1.0952151113206612
5219.6948326587335 0.8767631963853479
3132.4694753815147 0.8584462009112002
3765.4709235542095 1.0185398465548476
4527.187275489143 1.1565323316707725
3602.5923462023943 1.0750708365208297
5235.258526304328 0.8405819886046628
3071.576516337371 1.0530980695870666
4043.5192420720878 0.9795988380750514
4924.013177110758 1.0367358508756466
4207.906069856624 0.8252503329812472
2560.9894781173425 1.1014417075126866
3121.001960123547 1.1817205467834628
4156.1092879652315 1.0193992335567283
3932.317717619245 0.9891336808923076
4700.079714075991 0.8695001583651395
3354.218247051952 1.0731928266512927
2401.127919869643 0.8751757149915239
2474.79054035967 1.057872937242678
2295.738902457298 1.1998678640327574
6440.992448048993 1.1281399407510728
4122.635485302777 1.146292224022149
5088.055600099143 1.1925839699793002
4047.9145826293325 0.9047432713850908
5079.321063918693 1.0724933102538192
3792.07060647478 0.9443893541436342
4432.849504684385 0.9642813361418273
3971.3821812840074 1.0133947696234205
6261.361236140379 0.9959549391740536
5804.813882164102 1.0718015920715418
3704.9057490865066 0.9139015283478957
4337.224607904741 0.890195476887384
4118.674335403831 0.8536218909953514
4113.810193445628 1.0903321003935567
3034.6913246181502 0.988011238350375
3155.468335079412 1.1444938953346997
2996.752025239586 1.1059305799744652
8140.698406607731 1.1767383935906706
4480.77459307466 0.81570118427737
