3 50
0.8743055643623661 125.91852336113439 564 66 92 65 86 92 77 69 72 95 64 71 63 62 71 61 97 98 75 72 86 99 62 73 64 91 81 90 73 77 92 70 77 99 98 66 85 64 81 92 98 77 72 77 69 91 64 66 65 77 72
0.8690934143579164 163.77471286280345 692 133 116 103 104 108 107 130 124 136 119 117 115 111 122 139 101 137 106 132 130 126 115 116 138 126 106 109 134 121 100 104 107 115 106 112 136 105 103 139 135 128 135 139 108 124 109 132 103 102 104
0.8004833329558236 154.90695196583954 974 99 79 82 77 86 94 85 81 74 83 73 93 95 91 97 77 72 93 97 95 91 74 63 81 94 74 88 78 85 70 71 74 88 74 60 85 92 93 86 82 95 78 69 65 90 98 95 74 93 63
4799.013127511529 1.063887270764195
4746.93793012058 0.9831527448360179
3848.5252539435633 1.1120569518386698
4457.975875138815 0.8630344788766465
6166.780202567454 1.0388927334234161
3816.0024823581475 1.1232225122186514
4109.53876343421 0.9341264061523495
2586.5579380145573 0.9938863423544763
2451.6429680807405 0.8282228830863965
2978.2027494263616 0.836386238699432
2754.89093162263 0.9176537663979668
4897.9355449073655 1.0108767004004005
3092.6832065411236 1.1470945142636775
3081.592834035091 0.95612636015204
4217.243019078441 1.0340393931294987
2401.013740967599 1.156205354478332
4019.6527361954786 1.0802873095907248
3733.7037549738566 1.182327850826728
4234.960140075599 0.9699914883118868
4138.072145121196 1.1278106642853274
5862.886549030309 1.0991578412784877
5836.077608860997 1.0059410260532462
4973.5978321205075 1.0396067038352292
2844.2420035731975 1.0240826399736505
4680.801561039648 0.9492081621549001
4308.877833970995 1.1849437486545789
3674.3147330872866 1.0949450877789546
4474.400541904507 0.9066481433592917
4365.780738762164 1.043677105644727
2467.8611975783415 1.0064192800611687
2555.667068849673 0.8604000253857642
3053.559511545792 1.1953336239029202
5173.500787018119 0.8062722098335284
2829.3328195558424 1.1713506454544012
5416.70719733738 1.1572559489145573
4035.261253256317 1.0423431010324578
2550.2129199669944 1.0894822614133186
5162.85921698598 1.0511524268912964
4339.707955274051 1.1776927510307513
2723.7326164016245 1.073753857411098
3590.375587704004 1.0403910600670563
4363.070144793408 1.198253225479117
4231.440848595743 0.8647958622496476
3593.9255500891327 1.0605454313714122
4767.5840763425995 0.8612757938887162
3675.8749738229944 0.8475888211170909
3692.324623424941 1.0647505934887205
4150.084803475889 1.0648735501363444
4583.201221770058 0.8532767848143937
1364.779316637519 1.1934203748007353
