3 50
0.801473153403429 153.69041379534875 773 61 63 90 77 68 91 66 67 91 62 96 60 89 64 87 92 81 61 68 63 75 96 78 96 86 60 97 60 78 75 61 88 89 95 93 76 72 89 84 94 82 71 68 81 88 73 67 95 90 64
0.8880409462302525 171.63126916999178 942 108 104 134 113 105 134 132 109 136 131 124 115 133 110 114 133 110 133 136 113 117 135 126 119 113 124 102 100 124 123 108 123 113 111 135 130 135 139 115 139 133 132 121 120 123 107 125 136 122 127
0.8501130194663322 176.12448964584974 966 72 69 63 80 93 98 73 71 89 74 94 70 97 78 93 67 98 64 95 96 90 93 88 60 64 75 82 65 96 90 93 90 87 92 82 70 72 70 93 60 68 84 68 71 71 66 96 67 93 72
4627.811663211773 1.1408219498452612
4584.3753592746 1.05115972721598
3884.781315416998 0.9179317988594521
4229.646048415692 1.1852213204331719
3729.1136642993624 1.014887070532493
3184.37578845772 0.8241197337283552
3586.011088296546 1.139040975412927
5397.339794420208 0.8492323319899339
4307.411474506588 0.8203784378052512
3861.533939999618 0.865994977981334
2954.7391036763647 0.8724564223263117
3474.258587536523 0.930102227744652
5046.436835929901 1.1788937017917709
3428.1157270742433 1.0676853492426799
4794.93853437277 0.9488704948226702
4865.606106056852 0.8081580213022441
4791.755790134839 0.9619171256937703
3531.1641715507444 0.9988663216522992
4920.952688547558 1.0742080983846267
4714.097298705887 0.8812971187138772
4633.615804060157 1.016095934223019
4350.1561940353 1.1782015212728494
4545.1561272402 0.9969247076012935
3039.1343135888646 1.0999688712514548
4179.114207892117 0.8314592192016157
3291.3548089625806 0.9745645348296088
6170.929343193966 0.9848714543859061
3450.8344403795963 0.9147096704816878
4563.275683270413 0.9989796938866137
3798.4418115170474 1.1261810943793535
4563.487872147469 1.0012798981159803
3231.747335034838 1.1971378816105316
3901.4124056727637 0.9829569507104404
4010.613977195658 1.0890796868798513
3561.438623854432 0.8108583397248541
4001.654769503559 1.0297077648559805
3433.101464796217 0.9912951877822667
3652.714652892457 0.8995673566642106
3336.691997828218 1.1655389255470066
5064.137534588775 0.9490157928052756
4222.701911641885 1.0293090364317923
4630.421672721184 1.136502258550453
4232.349528797709 1.0646470609482355
4228.616342331131 0.8220301877878309
5628.734138674759 1.1218749234029002
5051.2076066114605 0.8425109206536028
2745.151014768415 1.0181451534458992
3304.212817776475 0.9755646419544595
4162.36643035446 1.0564882395522526
4727.80081479575 1.1251758820411002
