3 50
0.8775244478621244 130.41741439682485 682 86 62 99 88 94 64 97 98 93 68 78 89 69 96 90 66 61 92 78 62 65 75 61 64 74 72 66 82 98 79 86 75 78 94 94 75 67 86 89 67 98 97 90 63 82 90 94 90 85 61
0.8329386237868499 126.80412964252744 826 99 98 89 71 91 73 67 60 61 69 61 72 99 78 83 97 75 74 90 93 80 63 69 90 91 99 86 81 94 91 76 61 96 90 85 85 78 63 98 93 85 69 85 91 67 98 64 90 91 78
0.8771166597957201 126.7158474067666 845 128 126 104 136 132 129 109 137 122 124 109 104 118 103 118 104 133 107 131 110 128 135 128 114 101 125 132 126 113 113 109 130 100 117 113 121 110 121 101 130 138 116 124 138 108 108 109 110 119 104
3931.8453672148726 0.9612255261795584
3587.9315619648105 0.8991621909912733
1788.2977954314445 0.8680628367140065
3014.687143869891 0.8207447532577512
3180.4068402957496 0.8148012084403095
4042.466379879551 0.8315271736448056
3189.0739205359478 0.8946186882047823
4021.4792853255867 1.0706015605393941
4193.63003819342 1.0388855551638023
5472.46840963724 0.9533439308699658
4272.454951960763 1.1099628182960437
1648.7013450581296 1.008271252894971
3820.579791040799 0.8068885757070816
3825.530097998582 1.0946190884670493
3653.516137076812 0.821045494101431
2710.6761785844183 1.0690139320813545
3417.4760596638184 0.9728237721857667
3841.0619558542257 0.9404816705510717
2288.746244417771 0.8178900594437586
2327.771626980556 1.0366685792587702
3995.4531947964847 1.1184739589347938
2765.20373413736 0.9683433333898188
3046.6580676734748 0.9613122147484997
4849.195509014073 0.9843524932573021
2754.0644236248045 0.8739440403697342
3631.5597482915978 0.8165159645202156
4505.879509281897 1.0830412846828907
1833.7069230536245 0.8210552617791915
4257.569124728977 1.110763987144876
5360.588189757307 1.138684071413297
3481.1416580318846 0.9320568501316173
4738.940117324723 1.1201753500354665
1931.4374156054648 1.0591168842086198
4219.75560063095 1.1084051617018993
3199.7523882364126 0.8187589784105325
3225.6739999270826 1.1873361118444006
4416.370097608552 1.122483676900476
4127.813362186945 1.0554425722858072
3772.4248209040657 0.9013866871996413
4177.656586885916 0.8159157106071983
4201.844114556731 1.0883022831004499
2830.2173611554367 0.9478422047373984
4297.062398239358 1.0434591337649115
3379.9216999636237 0.9227822714559307
2776.1121564619825 1.0193548268671457
3444.1989761314976 0.9055765408457207
2124.207961890249 1.0676601633937306
3651.63024301301 1.1890413577046668
3648.0629752297737 0.8911419432171257
4445.06528950158 1.1458035660381896
