3 50
0.843412608771945 170.4864745004447 784 79 87 68 64 63 64 90 97 79 85 87 79 60 90 94 93 99 92 98 66 85 70 83 72 74 77 68 96 78 77 91 64 80 78 81 97 95 83 75 66 77 85 80 69 93 64 60 67 62 65
0.8106436128676276 125.25463744549306 816 109 132 126 114 112 108 116 117 123 108 112 113 134 132 115 131 120 129 109 109 117 122 135 121 132 130 132 119 122 122 135 128 123 117 102 137 107 135 125 136 128 113 117 122 130 130 126 108 137 111
0.8809359088199185 138.36677552383537 943 88 93 89 67 97 79 66 82 83 69 66 68 79 96 91 97 67 67 70 87 92 88 82 79 70 93 66 93 81 64 69 96 85 91 76 64 61 93 92 90 66 94 91 63 77 69 86 84 92 97
4471.750856116955 0.9314915114044352
4062.301904401298 1.005363226315011
4280.842144686828 0.890176376938821
4778.768556409643 0.9851988810888627
5313.782245047821 1.0017321921566922
5902.321658339766 0.8060528839974157
4056.92740750602 0.8764810673661119
4259.20830508021 1.128707181329641
2437.0516467758653 0.9331307862572935
2294.023602619935 0.8991549797705146
5936.155329514842 0.8846382814717153
3925.6540199708274 0.8225434642093608
5221.476077208433 0.9267944751636749
5158.649351976705 1.093533571318888
3589.7516274435907 0.808661581985805
2352.6047803595775 1.0004755873725215
3891.324142689757 1.162831087162258
4264.21485289963 1.0066183432707907
4019.354281537996 0.9889263071548993
4925.279600811546 1.0039537378172645
5958.324648994096 1.1307646995163005
3753.9639118131086 1.0795491769946526
4988.938920415341 0.8683794928650987
4086.2970534893057 1.047950297006008
2735.668806149114 1.1622618893271803
3549.00120615348 1.1376445508718136
3781.933938668199 1.191207858273968
3297.328004815813 1.033158111701898
5501.17738916849 1.064731374977667
4368.992529386373 0.9932509134064507
4120.775580677634 1.0054655739775218
5441.4598234574605 0.9891298935857067
1559.0951302768158 0.8421092536010779
3247.469760533004 0.9333843484966555
5136.650964201749 0.887531864287439
3517.121462942774 0.8744586874731053
3033.3815944626567 1.1199176753632025
3272.6153974087374 0.9883173191542015
4076.2429779468134 0.8879257949483784
4464.192400788786 0.8357716446208736
4360.453679557778 0.9810498815207604
3823.776711437718 0.9673751364200514
4573.26082775774 0.9692389984156906
3729.6210941324707 0.9344916994053355
3677.427197599098 1.1373062205919815
6361.296369628266 1.0762356928380845
2895.1426096213104 1.1286896050281976
5032.85612364823 1.1599410323797807
4892.854921797157 0.8213787049389758
4747.596822834358 1.0105719883887498
