3 50
0.8178374912645504 149.55871364496534 520 76 81 83 62 66 61 81 62 83 80 88 74 64 97 85 67 81 94 98 72 70 77 82 94 84 82 91 99 94 63 77 81 96 97 74 77 90 86 75 90 78 79 93 94 61 85 66 97 85 61
0.873021856813273 140.78400032924299 843 90 87 93 72 89 88 93 87 66 62 83 61 64 96 71 82 82 61 70 74 87 82 77 92 92 94 60 60 94 93 91 97 78 97 68 62 94 84 85 76 64 63 81 86 94 75 83 78 99 95
0.8566942004094623 142.0117764599663 987 119 106 119 101 111 128 121 131 121 121 102 132 107 139 128 138 128 116 134 135 123 112 121 111 116 127 138 110 105 137 121 139 124 135 115 135 112 109 129 115 133 107 129 126 118 114 115 114 106 138
3725.268904025708 0.9040773720314212
3685.1928632529807 1.1695353664970276
3598.038512873876 1.1501716942054832
2930.3313022994907 0.8451496465517465
3272.600139133883 1.1481827619939657
3188.802462952246 0.9401888494412407
5516.307648291826 0.8567878582181948
3157.886202204838 1.1406226157393704
2302.976405298596 1.1609561687194248
4866.941165280451 0.8476466720897109
3220.45162204165 0.9303070783926285
3611.991131883763 0.8318158622119775
4856.228156527589 0.8902343382904586
2375.7847149100935 1.1445806561272303
2163.4597225538027 1.1889767016815653
3034.1206586899107 1.085023202251797
3035.517595014445 0.9802652273723603
4723.225558112929 0.8148457182588746
3182.0958577153356 0.9348756829853333
1838.201231310137 0.924436122617524
4138.795320098442 1.1980255016551755
4133.240081239487 0.9401646488897016
1819.8576998765498 0.9072061034385582
4313.244878032916 1.1369710772948056
3859.94065797845 1.0747176950047241
4412.306806840637 1.0662508644848996
4918.2879784624565 0.8441342569247057
3436.3157179462964 0.9230560113884722
4023.4041611494686 1.0718921110044395
4687.877493170505 0.913777264523316
3079.0859934737477 0.8641839486107316
3232.1539623851318 0.8081378040458491
4772.024767509746 1.0849806756400764
5031.863576776696 0.832062963391033
5302.452595203075 1.1432238212936112
4588.807578921473 0.8992163228945275
3219.17647420762 0.8003577978656664
3690.0102411433395 1.0051596202401338
3864.9745507016105 1.0936485043726438
1957.801744132462 1.0021120521199414
5446.4307621638745 1.1834713090231537
4467.177232439686 1.1786961226141432
3573.3844098320615 1.0161706428213335
3378.4286042458357 0.8702084319808723
4260.444077727648 0.879701110865302
3820.8323389398947 0.9472749384631772
2664.334812702162 0.9830949091360542
4979.834602455217 1.0414424722279176
3324.1983754573016 1.0040227287435972
2029.6867651813466 1.0332854598442291
