3 50
0.8415088315695667 127.33820651867931 686 109 114 137 118 120 106 125 114 130 124 138 134 136 129 108 118 103 137 116 122 128 101 103 108 136 139 139 138 118 117 102 135 121 102 108 128 104 117 127 134 136 107 103 117 126 106 136 118 127 138
0.8254692453767194 129.6538790418508 819 75 97 98 79 87 76 75 60 67 78 75 81 87 63 87 63 69 71 86 65 66 81 98 72 87 70 79 77 88 95 84 71 69 90 61 95 96 69 86 66 84 71 61 65 77 73 72 82 69 99
0.8934940533158106 133.7568561548406 886 67 74 84 75 64 95 77 99 76 94 99 70 85 68 93 86 79 64 89 68 63 85 89 87 89 97 71 62 99 75 99 98 72 93 86 65 90 64 76 83 88 60 74 98 96 83 93 97 99 96
4224.821882165486 0.8500827474045842
4766.128689144711 0.9104060095285429
4583.129532678167 1.0709625816446429
4930.831589802225 1.1307994683189584
5001.452662753594 1.0706375059439956
3991.2010692416943 0.9244027692733144
4026.357560044425 0.9917150882325312
5626.90106810593 1.1726313959743688
3192.9800157766776 0.884147368919852
2634.785392780298 1.0313243894117707
4085.7988977305617 0.8740931862301088
5102.140915656582 0.8837699986897377
4159.3247993559335 1.1512807853557365
5636.577888243984 1.053919692654162
4999.75748962492 0.927211689061832
5749.4706402778675 0.8594490602696345
4344.32947017759 1.003465285132316
4189.011774062434 0.8816458021882786
4981.566163400514 1.1211133320003996
2468.881404258147 0.8731209677490414
4406.859511493152 1.03470404116084
7126.9207877326035 1.0724442158912229
5877.927083925988 1.1970910391954916
5137.7690639341445 0.8384507252352172
4053.4555196844244 1.080656045559106
2944.1490750716002 0.8775119853719532
5819.440754832887 1.0287649146624258
3439.7494035319487 0.9203833747563961
7903.417394158318 1.1764641072721442
6729.783760823375 0.8462051241077482
2776.567133178036 0.903582688375883
4137.809782140471 1.1984266131091232
3099.400788316457 1.0368462376469485
5030.7987315417295 1.137725060828461
3720.5655976388202 0.9991080549494085
5810.153003288088 1.1189225688821156
3780.5747422786535 1.1327502720742584
3540.3532005705406 1.1357311391093738
4428.635681067096 1.0362766548916935
4199.19738341082 1.052777716274056
4864.802751673733 1.0347600174735327
5058.552506068301 0.942137514784737
6270.294597190586 1.116983050876814
4185.5963649785335 0.965834724666616
5099.066216869198 1.0417952155039214
5834.864933263544 1.1196277927194476
5269.466079515652 1.1016325718897457
4731.830927239152 0.9297176041867476
6435.6398627756735 0.952285570124881
1516.5169111328883 1.1521576680010641
