3 50
0.8196541940019836 131.75697205263728 543 93 84 84 73 70 85 93 69 71 65 73 66 86 94 87 71 78 86 84 99 65 86 74 85 74 86 73 82 82 72 63 68 60 97 87 91 70 87 72 98 92 75 93 86 67 91 82 66 61 92
0.8737612433497002 154.32976605886276 577 134 115 123 126 102 134 124 135 118 137 100 108 133 103 114 132 106 130 138 123 124 123 134 136 131 123 135 100 128 105 113 117 137 130 130 102 127 116 135 121 115 129 134 114 116 129 100 119 104 130
0.899939525586814 145.43325542759456 983 86 88 78 73 68 61 89 61 78 70 99 60 83 74 85 82 69 70 91 72 84 89 66 61 67 98 68 88 69 80 78 82 84 86 84 88 90 89 80 66 70 79 74 63 75 70 61 62 93 95
5094.952925999717 1.0325613130705782
3120.89973843636 0.9167558185148813
3089.249037448804 0.895494860648053
3498.7523978855725 1.0649516444139218
2915.3378063819546 1.093920039910845
2836.693566197114 1.12386200431273
3813.9822011105002 0.8322943947193231
5027.028668008067 1.0192563086690594
3635.899941850489 0.954123224348325
5224.374879237615 0.8141931895758859
5016.821944958718 0.8909339151129967
4451.153970101664 1.1592184189888357
3555.7178696152273 1.1900957013043745
3545.9288150183097 1.118775856390026
3686.8255300488754 1.1145891268460695
4078.4722636359106 1.0315830773363592
1845.5768232356809 1.1382415998660838
2975.2703208780504 1.0196065005201749
5233.826211937959 1.1162345597571415
4630.1890250284705 0.9319117726438791
3583.518781661316 1.1887984972374324
1551.3506475400204 0.8142719045610262
4251.102252171682 1.1475703629408054
5985.254396713691 0.9337078876005536
3956.9290123964693 0.9185476264134788
4843.631144385185 1.0268531916339398
4484.940199615194 1.141302276564894
3520.8987743861658 0.874171792593157
3496.759767353468 0.809772281482512
5470.132073242525 0.9745570223222038
5127.572459919736 1.1923637559500075
3013.8115878623184 0.880385475739826
2360.538744938968 0.8458839001845199
2388.432589823109 0.8296125518117679
4145.582761361768 1.0674464054712296
5391.982723428897 1.0057781704895765
4159.344480209925 0.983196758662235
2284.416577589578 1.1992667747353631
4090.244682856056 1.0395035095878333
4478.970490963316 1.020693827685159
4894.39056529924 1.154895250696856
5049.188817423548 1.083718123461663
3925.342113394371 0.9458838617403893
4886.215690225629 1.012020376153336
4350.681602044282 1.1359453193088582
4227.510622324824 1.1678048957261757
4217.7974692014905 0.816907378292357
3950.89452068165 1.0470487718959802
2590.672840178895 1.0130861791168737
4637.142754213742 1.0860044351875744
