3 50
0.8712492597244187 141.5507626564464 585 112 131 117 107 134 125 130 113 134 127 135 108 130 123 117 112 102 107 134 125 122 137 106 107 106 128 119 127 117 113 104 135 128 108 121 129 132 111 120 125 124 123 114 108 116 111 135 101 100 130
0.8536348426832939 174.7376168760031 920 72 63 88 81 75 91 67 95 66 94 66 67 72 60 82 78 85 94 63 82 61 64 78 73 81 79 68 73 80 64 78 93 90 68 87 80 98 76 64 74 95 96 77 68 70 71 61 72 63 65
0.8349373924187025 163.89525429618487 954 89 90 81 83 69 76 84 80 70 90 94 68 93 78 72 71 83 70 71 68 91 75 83 68 97 79 93 61 63 89 62 82 64 91 85 60 82 77 60 73 74 61 71 61 71 83 97 81 85 76
3890.1708950772972 0.8212631142050428
3875.0927493487584 0.8617635111624464
6014.46726296962 1.1030064618566855
5323.215317830814 0.8835674595224854
7850.040986097511 1.1195767662641116
3824.4749514357736 1.0631206049864912
3359.7542810203154 1.1764588142013372
5406.034010312495 0.9146963999878256
3074.344173342512 1.0559726294904601
2941.5743832309436 0.9192558994864334
4114.475865366968 0.8287485550901548
3335.1900125118623 0.9465066446105801
3959.175362569721 1.1280663963289979
2950.8163481942347 0.8504650451719225
3912.634295281657 1.1805796076320725
4078.65336424062 0.9532297043417137
5893.309876732247 1.0813605716869703
4045.5036470097834 0.980341699592233
3577.768651063098 0.898189715224883
2974.384237590959 1.0892133165275453
3999.8862932034353 0.9795351814730603
3595.3563548940883 1.0859792444872334
5166.161276461242 1.196801422356152
5857.831135231958 0.8067805702100576
3286.3782561854896 0.9373440418120602
3968.934691319262 1.046556758654654
4761.87819154672 1.1589210255992104
4261.900178368666 1.1244102730548027
4069.958435037877 1.1100972186073652
5016.681268933428 0.8975365142620801
4726.110472878352 0.8525050727674062
4979.4593184691275 0.9519230993300778
6438.572832336607 0.8162022366316984
3371.5963623693806 1.1144518585250272
3380.8452095687726 0.8614823514009569
5290.932165065345 1.1084421185233713
3510.216720888398 0.9760293737884508
5710.8455250272655 1.0134446705654765
3487.622070025554 1.0052109490434127
4339.490701996828 1.189067254255308
5355.808449843005 0.9803023330777884
5445.510047825477 1.1662035280934764
4557.238224774893 0.9242143895943403
7050.402117489645 0.8565175307301162
4486.731412963652 0.820498379220429
5431.339495744145 0.9088137679386125
4212.594849128072 1.0007796587554267
3417.8982347612946 0.9615662555127739
4262.127589315228 0.9077941391870653
4236.569886636285 1.0432256121299466
