3 50
0.8798302595377098 161.51873269931116 605 130 112 122 102 137 125 129 121 103 131 115 134 115 111 113 132 122 137 103 104 118 134 117 112 107 114 125 131 125 114 122 137 136 101 130 115 138 137 124 131 129 133 123 123 110 102 133 115 116 136
0.8722328693463732 131.4706008095709 655 75 83 97 88 69 99 70 77 64 61 84 93 95 93 91 63 72 91 72 89 98 61 66 92 85 88 72 75 76 60 69 86 90 81 68 95 61 70 83 87 68 97 75 87 63 89 73 69 80 87
0.8808959881241988 167.87658757915486 686 79 75 60 60 75 76 89 73 66 89 66 95 72 85 74 90 83 77 60 74 71 87 61 72 82 89 94 86 91 95 78 70 73 80 79 99 60 66 73 75 76 78 78 65 70 79 81 80 84 98
5498.865752876678 0.9966771137368456
3755.3846520623956 0.9766917337700727
4758.860362544403 0.8955717624417834
3875.8518012078207 0.9011276870034527
3024.668477201886 0.869031428997813
5320.543240051783 1.1168738310414117
3274.5276572621005 0.8603164968259689
3859.6756413554135 1.1777041696650743
4758.490041128574 1.1877682103154998
4052.07705929134 0.9396526059932835
3870.769005679786 1.1780104970669405
3963.032816059436 0.9981048361177045
4172.154686410928 1.171527109192082
4341.690109387696 1.0137784007847723
4200.344374773759 1.0137404915889492
2515.029146732433 1.0859608137506132
3381.6040394480983 1.1226497560529425
4159.911935944703 1.0249750259391712
4429.886145401636 1.1319842761389343
3480.51804006438 1.194833538657754
6807.220872285947 1.002243778869541
2785.8638728870187 1.0924527161351016
4464.22143424624 1.1986230096510475
4139.304866600059 1.1072713798396738
3907.201393318572 0.879483313176214
4301.312785543931 1.0048131621195138
2852.2710623670037 0.8510138758724631
2279.260692123581 0.8403744856023627
5677.651262613633 1.149231591268785
4798.183289171376 1.186414194487392
3433.833039292508 1.0249760547118345
5571.73311116368 1.1586643774459935
2190.7215562546344 0.8089955408808713
5840.589945545969 0.8754327522554828
4086.291500655154 0.9237766223498168
3403.2429652421106 0.8546409433191662
2862.180818609457 0.855896172715051
4730.482278964773 0.849378958146463
4744.615511913778 0.8168971085672035
2901.756402483304 0.9839092997366687
6564.339012171538 1.111035551695335
7383.51724175762 1.015427830092963
5678.5075495677975 1.0971479681166285
5259.623349530524 1.078875603311356
4385.142087450766 1.112356019207885
5290.5908220528445 0.930301130235583
5053.427069865306 0.827612955531269
4919.207695704424 1.0802188854245547
4351.672084163669 0.8527356590847814
6038.875617453979 0.9215666624858775
