3 50
0.8036306447226134 129.54947851690332 589 74 79 90 87 87 74 97 66 75 77 60 62 95 79 91 71 67 68 79 62 62 80 94 80 69 66 60 89 63 62 89 99 82 75 85 92 68 77 80 77 66 85 84 93 77 76 92 61 60 64
0.8959999193599434 179.7648173341122 666 126 128 118 137 108 116 111 103 107 120 102 117 114 115 124 106 111 129 103 117 107 104 132 121 131 108 122 125 136 125 106 115 123 129 130 131 115 128 130 126 102 132 137 107 117 110 124 116 133 133
0.8395023141580179 174.2492627853789 693 83 98 77 77 83 84 99 91 93 97 99 82 93 88 85 98 76 94 76 63 69 75 88 60 76 80 68 99 92 99 96 65 82 65 73 97 96 82 97 97 94 61 65 76 73 93 86 95 70 60
4192.974456306767 0.8467066075692748
4514.004159238866 1.0333441306577305
4219.891748295281 1.0993495902897732
4340.378899876656 0.80423892194635
3625.0873196329244 0.9923075955062892
3782.3348808844166 1.1024099199893045
2483.513043063047 1.071009581810868
2761.0426172775287 0.9937154223083264
3042.500785384391 0.9117195480725582
1171.537975642655 1.1392586661108284
6202.012476316346 0.8828412790443709
3835.332219383314 1.1021093530030412
3428.7682818601493 0.9627290651324404
3186.539245361996 1.0225417856525774
4377.879640062799 1.0846791906249034
5345.417297778267 0.8349914073983604
4143.531831332859 0.9658229988190543
4504.324594077863 0.991068692154841
4651.331745132165 1.0938001181795571
4647.01272497171 1.0106638707883926
3724.3887160887502 1.0459023958867215
3238.161288277119 1.1902061706231728
4595.492729162661 0.974992309067427
3004.2320797229227 1.0701780210894212
3090.763386916059 1.142458957647773
4734.354310564885 0.9157892662773546
4270.756805034135 1.0500018306222407
5725.198087225132 0.8553771816234781
3478.8568816964116 0.938131224667664
3895.8540706730014 0.9955139793001485
4586.03279043267 0.8562406452736641
3542.5177849879196 0.9522033528524652
3453.286990184357 0.8468217587620342
4804.730033472751 1.1975627488103922
5168.830022510958 1.1725304609092233
897.0407487765533 0.8064555990062428
2329.560988375646 1.1318601522061325
3609.10489344238 1.1524858671867966
5149.364664058064 0.9528167232768938
5402.153739504325 0.8795811708107704
5337.078478419982 0.8986369092273028
4032.459393900276 1.1584447811215175
1663.799344421489 1.1324860187393968
4075.0141769718307 0.9476694000105652
3149.0611420991 0.9903565787147812
3372.659998078018 0.9301392899394114
3663.8549749230015 1.1254569445804212
3221.0006282408112 0.8371437116651624
3858.407555826813 0.8154653828237687
5345.974741633384 1.0811930321184393
