3 50
0.8823065478337572 124.035433924036 644 73 83 96 69 61 80 86 99 77 60 83 96 81 91 87 60 68 68 87 79 60 60 69 77 70 73 68 89 77 89 76 80 78 63 76 68 81 97 78 90 95 93 85 62 97 87 82 93 72 64
0.8114355867355503 179.86444149429795 705 110 132 136 130 116 125 119 123 112 112 138 121 100 104 107 115 123 101 132 120 100 125 124 100 119 123 123 101 116 129 122 104 132 114 134 118 129 120 134 119 100 100 117 123 139 113 107 110 138 112
0.8611856411035622 155.8672174435858 906 74 95 70 74 93 77 79 84 66 85 68 88 85 86 83 84 78 91 92 71 82 97 79 77 85 83 72 90 74 99 70 81 94 96 64 97 90 99 86 79 79 62 75 88 80 83 68 62 83 99
3799.4655502289884 0.9930754961009461
3195.0066992213415 1.1615944976370929
3860.2595086296037 1.0870875069120216
6421.308504082957 1.0503907319406094
5312.964571725437 0.9612460897957318
4963.907511762777 1.176668690146692
4217.782311182169 0.9986359532209492
4173.045561216047 1.1728575018182736
3768.889789009985 0.9481346137632297
3966.0128296268604 1.1589860780649848
3661.772252063267 0.8119622806024087
2800.2163903989126 0.9749760511643619
2661.383610072877 1.0119094572990275
4559.478916159928 0.9777557532408211
4197.819397898126 0.8668851933366369
2813.406296490868 0.9351577347618263
5100.126607901639 0.9627625285020741
4504.237636096827 0.9138599397749096
4291.539844605077 1.0911556316252278
5248.396487155565 1.1216778909712446
4381.396747898863 1.105981136883602
4731.524427193737 0.9930801431934565
3398.9957019797434 1.0068102967982178
2991.5802019847847 0.9190823566466979
3348.924216889538 0.88494410502958
4158.695103783822 1.12622251447463
5003.528418161865 0.8241710433948988
2757.322952947654 1.1143095318840457
4811.631133124162 1.1477787736894682
2489.461344800069 1.1177831071177764
4504.34308469719 1.0976146805411682
6663.115547679575 0.852265352746449
4565.334503744303 1.1218720619568547
3424.056616335035 0.852669641513724
4366.541485736028 0.8829051286668311
5005.787955984333 1.0282629325146209
3808.3960578545707 0.8026194870467769
2668.651461897738 0.8972401742653732
4175.096850740421 1.1649988056237686
4069.8347119876007 1.0401452630802206
3192.7820915594048 1.065091102256651
4342.396293463197 0.8468547813713486
5573.446070330391 1.05914983282078
4942.288438511793 0.8966918837031145
4981.955659959984 1.193984754123182
5266.4696652849225 0.9179203623973774
1610.851970887043 1.0455983022980575
4198.463645214927 1.0964892266498651
4167.772593037702 0.9847428022243422
3879.799553250561 0.8945699381570044
