3 100
0.881704173409321 145.19104258523575 622 72 70 99 85 99 78 70 84 79 62 67 61 69 95 96 91 84 83 87 97 93 94 83 78 88 89 82 93 83 74 88 99 90 84 79 93 93 74 85 94 79 79 95 70 85 84 74 95 99 90 63 72 94 89 60 86 68 99 79 99 81 75 95 78 97 73 62 63 71 66 95 99 99 80 83 76 73 79 69 82 63 67 76 84 95 91 91 84 90 66 75 99 83 79 97 75 68 77 71 93
0.869925575082131 128.02633566260593 637 93 79 78 90 76 86 75 64 66 91 80 97 74 91 80 78 88 87 69 95 92 90 64 91 89 87 69 92 99 68 98 69 95 95 95 78 89 62 78 92 94 95 61 98 89 61 93 64 72 92 99 82 69 73 75 87 60 78 91 69 85 74 71 74 60 77 76 65 82 65 94 90 97 77 70 69 88 83 72 70 90 84 79 79 65 61 78 61 61 92 68 97 94 79 77 96 64 62 67 97
0.8098764422759358 172.75441416092116 911 159 169 143 170 141 175 170 147 146 149 142 172 178 163 150 176 172 147 164 178 155 164 170 155 175 178 166 163 164 168 155 146 166 160 164 143 157 177 153 167 160 178 168 146 157 163 151 163 140 143 178 140 150 145 151 179 160 153 154 154 151 161 146 171 170 156 141 146 179 170 144 147 162 153 175 165 174 141 140 178 141 157 160 148 145 161 165 164 165 167 148 145 151 157 161 165 173 140 179 171
6626.6201383250855 1.0838337185136422
9289.2177498646 0.9997793170948379
7148.309247811188 1.1055089448024567
10022.966270693505 0.8615032666063774
8428.473247530284 1.0325312972264378
9852.536209574273 0.8039295324777984
6401.480307347031 1.1847702071137638
6258.556292406775 0.9970003976885726
7261.114533405224 0.9710333551026691
6564.507983023517 1.0478704074458862
5961.37581854999 1.0953973421786583
4585.869482965341 1.1548505061633136
5404.7350694130355 1.140594460121176
5256.20882051759 1.197648595883272
5940.038551106922 0.9858734621167673
4627.068984869642 0.9257893707022403
4948.933695256058 0.9496140563645128
8577.765543604015 0.989856267800493
3655.7392943247623 0.8896848149294412
6810.227562092769 0.9543620892979658
7763.903840104305 0.854403985163362
6827.677329425812 1.1137067774222804
9019.786230378228 1.0297173560474218
4952.990436461984 0.8453824498083171
6928.084757607854 0.9694185073242444
5465.445952348653 0.8805815707251857
6402.133583653553 0.8613100130940404
5876.296982399339 1.0467258563588826
4526.249663557002 0.984369265635563
8880.613230938867 0.9670384558439975
7992.20187463661 0.8012399951979831
5820.086586344259 1.0798987477177588
7774.900155870437 1.0408679602434663
6985.907177290326 1.0136977287439677
6017.236679157374 0.832342587342013
8185.259680037697 0.8075401743555534
7198.050861935226 1.1753475963343845
4284.760832760088 0.9691588000328186
6248.358414227706 1.1508729556750525
5238.235903022202 0.8765389847120229
2976.7314963332524 1.0172364042109636
8408.838674852272 0.8415503084011507
6905.470154992601 0.8841804327899673
6914.601969483298 1.0159168235069458
5944.756328685826 0.8076425073130492
9078.608714588907 0.9628298023436047
4413.588695775076 0.885823394459709
4508.93833718971 0.8599102096881113
3081.382969185829 1.0351550202146416
7005.19857499551 0.8795932615861639
6118.1516289502715 0.8705330628656072
3903.215718607666 1.059248146608611
6395.9517013056375 0.8312944251207105
5687.3959581185345 1.165252757696548
6110.555275742955 0.8614146721734359
3988.4323668984193 0.8414970727912743
5070.103974279342 1.1201208132166787
5680.238479333868 0.966602275975962
4856.783416362591 0.8668816010909677
7759.9887522590125 1.07238102558198
4823.734573209855 1.1360243927080091
3740.5469569305733 1.168347483676286
4924.673179843534 0.9950213492812554
5934.547724562648 0.8125438094769913
5490.618122640311 0.9083891453671772
4969.583291986775 0.9167299341084498
6864.998524472728 0.825360113515221
6637.580709813768 1.0985289086517096
6794.150785097669 0.9939648832550467
6390.2195451728785 0.9699322851571477
9201.778751256801 0.9140273393398347
6104.747993097895 1.1844847696089462
4045.2576180480473 1.0901245592395028
7158.294917880861 1.1496173216134196
6887.471129004868 0.974510281363473
8169.0764574327 0.9746892250517852
7126.375069676497 1.0676102621074275
8565.125016688715 1.1577464587817912
9093.761182444989 1.0248892605114432
7098.518866746021 0.8422133906320389
5564.715802910726 0.888076517827911
5100.507302367001 1.1980822921068235
6742.4997967255695 0.8074814230943733
5584.493094420683 1.1868350888584414
4717.906719779037 1.0247815665821576
3964.1569184626073 0.9630905250115712
6454.667194906569 0.9005080851978317
4218.39468428828 1.0456934800531281
6889.627360963172 0.8145041353595581
6181.368124156148 0.8184986569632496
2606.596593056388 1.174164156181071
5412.185834483897 1.0744629487213848
5492.759343942505 1.184137306991676
6157.339468793981 1.0253109275153056
7385.853650632846 1.059526705499076
5088.845716678245 0.986018255261359
9551.992610290508 0.8550231770404992
6455.948813489102 1.192448022404845
5334.7460213866825 0.9260155556851573
8311.295552279318 0.9965898896695957
