3 100
0.8445617573111122 136.31791288899774 526 144 163 175 160 153 144 154 163 148 148 179 157 144 163 149 147 158 141 171 151 145 140 164 140 163 154 163 144 161 155 173 169 157 177 144 169 146 156 153 172 175 158 155 174 156 173 155 161 144 155 164 163 166 160 175 178 172 168 165 157 169 177 152 160 149 153 177 166 172 166 166 163 155 142 145 158 163 170 156 154 173 177 170 162 140 171 166 166 146 178 157 176 175 165 160 173 151 140 170 143
0.8353181656275388 179.81238735166764 791 78 81 91 60 68 93 81 60 99 67 77 97 70 73 99 87 69 95 87 61 94 78 84 82 68 90 75 91 96 60 88 86 60 88 93 62 71 67 64 92 75 99 99 78 89 67 66 76 96 65 94 74 81 80 89 92 88 83 80 98 62 77 75 76 85 89 70 88 77 91 76 70 82 84 84 72 73 79 78 86 79 98 70 92 68 92 91 90 85 86 92 83 79 95 99 61 89 62 81 70
0.8536500399103311 144.65061356753134 911 97 70 94 71 71 75 80 93 89 63 87 90 84 89 69 95 97 87 85 70 90 82 72 79 60 66 95 72 92 90 65 65 67 91 78 93 89 96 62 79 60 91 79 71 67 84 69 73 62 78 99 74 90 97 68 77 83 94 89 89 64 77 79 85 97 75 62 70 89 88 74 93 93 74 85 72 99 74 79 89 93 78 88 95 83 70 92 94 96 70 95 70 98 84 66 81 71 83 83 77
6525.622086571902 0.9725480276119658
12775.309636986776 0.9462093424248119
10300.824034649977 0.9243695851261633
6319.331462142996 0.8463892348292441
5123.5769486724 1.1922902091919467
5538.032345570189 1.0311983985938666
8462.402884507977 0.9774544351010787
7906.288812493149 0.9623979902524817
5816.63463169378 0.8733371005690809
6931.045660121049 1.06291513719578
8419.63333417529 0.9539839101235598
9075.957629534692 0.9686143307074946
7290.0522137586995 0.9373388794214861
11546.509589713081 1.1303997884064239
10428.150369749468 1.157303404310832
11925.526645000424 0.931397569139766
10540.20268154849 0.9975778129808407
10736.908153648912 0.951485331925177
7177.101107424813 1.0784675201083709
8500.556857302407 1.121465707278205
9404.30574051927 0.8855079264050716
5971.96784127138 0.91960905418185
11558.648734958495 1.1159004957141887
13107.38992573518 0.8353091339276166
10078.269456923974 1.0652250178784661
9630.122966634093 1.1733090298417592
9062.362117934967 0.9643415139307189
8132.554191812815 1.011863026503344
13645.198808678346 1.0191967432009308
6108.869236750159 0.9503776220184311
7132.535233956953 0.8615764048033494
7393.08457832892 0.8035426244242797
8040.481218743661 1.1939402773601777
6047.733119677532 0.8840552766316984
9369.647985610585 1.0421313155881213
7850.773410358563 0.8004543167253093
9348.355247043239 0.9003642029816225
12293.72718063786 1.0599600162243452
5952.813876795974 1.1921009246929983
9208.214278303003 0.8991659352465319
7273.402618829604 1.148729633417768
6393.55527463055 0.8661362324996403
8108.102603601379 1.0318664644852384
5495.1298684894555 0.8107877981698912
9412.558760964457 0.9235653255528286
8577.478996557253 1.1366801683704904
7053.028597169039 0.9631832383616326
11483.31872023829 1.0760290135656319
8647.859458500645 0.896750279779736
8119.983976787179 1.026599848072713
8502.935319531809 0.8775486486617436
8193.350702398504 1.1580833938490156
8237.031065356297 0.9438243846921195
13504.426407996534 0.8886877756249294
7146.531986611097 1.0613427525755401
7213.792813407419 1.0947689288000593
7450.236157033701 0.8675629715916188
9891.145441494602 1.0074440696543772
7658.7707014160815 1.054292662483412
11652.845011156653 1.1708006548451464
9363.484124571138 0.9377613615764513
6175.994958415431 1.0667778967458124
6483.979646666025 1.0051077726389015
9204.875048039594 1.1670523253885543
10036.609943158828 1.0891643160937114
8081.04251246208 1.030624478488909
9706.674202736567 1.073388052280819
6618.763239945705 0.9859362846829073
10327.94481702899 0.9617249980822878
12172.530720432389 1.1939446306279335
12342.491535430623 1.0044032120283464
10024.306593218862 1.079405227529413
9094.995034397107 0.939101881868145
8181.548456935031 1.0901121565412843
10949.641724636776 1.0134307452842244
10666.780674508476 0.9511682264004924
6154.495521103005 1.0261994459738542
11787.326197593015 0.8395212139630291
10410.663293332207 0.8490947509666102
6146.940982626314 1.1995814019834317
12088.668982153906 1.13611177116693
9197.406836156533 1.159309575370849
12163.299313908654 1.0263403188913929
8392.67690666815 0.8944228175182325
9924.728172992582 0.8911321940227319
5976.997976153131 1.0139677091175294
9074.956868947682 1.0680922673758129
7820.966204905632 1.1906977554178926
6817.351444638338 1.014038065383957
9838.905182361677 1.176554687630933
4591.039804342889 0.9367933072685165
7564.700410698148 1.1114922942178729
8803.884119382152 1.1041738878699214
9724.212804224138 1.1935314076834918
5138.08043438164 1.1822382381032046
7443.18118994452 0.9281926645759239
8794.699021014954 0.8540312325862951
9568.701721869558 1.0581917337545468
8123.935677933487 0.9701412708052597
6927.130195955649 0.8057488729345883
