3 100
0.8931444399803731 130.4925603190784 737 95 85 78 70 74 97 68 72 95 93 71 96 99 62 78 96 70 68 88 90 73 77 61 70 60 74 89 76 96 86 67 63 92 63 62 96 94 74 66 70 98 92 64 61 70 70 86 97 60 92 88 69 81 93 70 91 85 66 74 65 90 91 67 88 72 62 80 75 71 95 78 77 79 78 85 94 70 73 99 73 71 85 85 63 60 88 95 93 96 79 86 70 99 62 69 78 73 90 60 61
0.8398503811245754 176.01738239693384 785 154 159 155 151 148 175 167 147 157 147 164 147 154 154 146 144 172 179 155 148 175 163 142 153 166 168 142 163 164 141 141 154 169 140 167 146 152 169 171 151 155 173 171 166 141 152 155 149 167 177 140 178 168 152 165 154 150 141 160 164 178 175 179 143 164 174 159 147 153 176 173 145 145 166 144 165 146 177 154 145 149 155 153 179 158 173 150 157 169 140 175 174 176 145 174 145 144 158 178 175
0.8704681935717912 166.11331165290548 994 93 83 67 60 94 69 75 77 66 82 82 92 65 74 84 87 74 65 69 79 69 72 78 86 81 65 93 95 65 76 67 94 60 91 82 71 64 80 75 66 74 76 87 92 76 85 78 85 61 83 94 71 93 70 89 95 68 87 85 75 84 91 71 92 74 97 73 99 86 93 73 63 92 76 83 66 89 71 76 64 86 71 72 86 71 71 62 86 92 69 84 94 74 64 72 88 79 83 63 89
9577.989680478071 1.0967558913709345
4902.6986320202495 0.8275636447033536
7167.970425694458 0.8511255070160019
8167.439020614978 0.8126328854241848
3778.226085039803 0.8081523866748967
5853.200709069952 1.1176359005683163
8631.423662861818 0.9443717928313401
9533.597402531894 1.0832219320853094
8028.022551715816 0.9459255923084945
6375.39811591447 1.1796310988662975
6628.896271235428 1.192247607569661
8298.428356078715 0.8709545815935446
10371.755931082042 0.8357539859226764
4735.858722577174 1.0546674438707815
7591.584532069146 1.073784614885864
7957.495948749818 0.8278798033038377
6680.307115761735 1.0697423885265605
9947.952556642857 0.8395833677680795
7382.795165923653 1.1353593465350729
10734.586996900054 1.1625203605966783
6738.179074822713 0.9301490981021012
6108.030967697752 1.0603028439468207
11330.219850846908 1.102671567671476
7095.686137952923 1.1437519322535947
7780.810193078921 0.8241945708399938
9512.742777994972 1.0347117428927222
7726.091581266449 0.9400171760521318
5707.061429880019 1.0244903074699134
6275.414411650515 1.0274012624706041
7238.379590657212 0.9658861659599891
9971.661220915552 0.9190220497368689
9081.449496351988 0.8992220204844052
8705.965165815294 0.8139423376060692
6671.9469506198775 1.177676239668045
11080.998873151917 0.9503037626415602
6609.608463653271 1.1710538200006657
4493.054682862265 1.090520218757225
10416.932228812078 0.8234282500634834
8441.642087659222 1.0077903680250744
6715.175230703357 0.9692377855242431
8131.416112479339 1.028343181750991
8761.13646774603 0.8030335106455224
3263.4060369143135 1.1750091274352132
4725.464427081937 0.8120761331714818
10072.196027215197 1.056447350992883
10046.113530543631 1.1530323095959423
6839.887662395007 1.09458022909988
8676.670675415755 1.072540870919369
8051.164661136133 0.9428713243637618
6534.962171091333 1.1266482615698594
6371.525822207062 1.0842362861638424
6447.927398117849 1.1238941474684374
5902.83873661321 1.0603905568193739
6502.268939878498 1.0543062433498047
11708.268389712215 0.8225592631450214
8658.357287871479 0.9703100346112818
6572.531627950848 1.1098564984281274
12250.52190309469 1.1551298375841106
5051.486798350099 0.9384933559031537
8593.017120589177 1.0908320050711657
6740.858861475552 0.9470813255011697
6521.89908476959 0.8120910904982344
7141.546175862341 0.9916808747123429
7312.12074889415 0.939500447229864
4805.613010068563 1.0331625852901196
8574.803633851268 1.193590600656336
4305.106130028419 1.1242145441527445
6412.742052912892 0.9080365992164637
6280.340790205478 1.0949342250795475
6893.168682216319 1.1877726387777443
6780.020220044036 0.9419002347491049
4886.975818717633 1.1243136684303312
6481.990787011255 1.0672593138052573
7450.421520578963 0.8007925119981921
7431.676884694109 1.1532976318972596
6322.370973079008 1.0627726132266515
5954.2690522881185 0.8602050262010621
8730.323333861677 1.0610866574574418
8973.718358637996 0.9024956407223964
8631.278107808888 0.9674464075205211
7504.812178032601 1.197341244785266
4447.517378300665 1.1147251787318517
7767.192420263791 0.8396606603854383
6470.540831317275 0.9193666527968299
7769.885503463805 1.0528971776983655
6946.486567152113 0.9778909311404971
7267.564347234989 0.9682863143753343
6688.33657653642 0.8328029620762553
10883.189906698462 0.8183240452008916
9014.432419960498 1.1689687048758832
8998.910418501251 0.849927140033738
6623.071739831495 1.11566517411377
8091.00290120177 0.91659071478957
9007.832460377253 1.180791522292922
8621.332830330413 1.0587786208705754
9305.175706708622 1.1823560073708923
5698.3631631373555 1.0343259288232263
5873.216958801805 0.8600248973524265
6335.4747899105605 0.9765682448547974
7958.081612875073 1.0888336807881782
