3 100
0.871504201743801 174.84434101554336 551 88 83 80 60 62 92 70 88 67 78 80 82 88 67 92 85 81 94 85 99 69 93 74 73 77 67 75 81 61 92 73 83 68 67 95 98 98 89 63 68 86 61 95 80 68 75 99 91 79 62 81 87 67 73 92 83 79 98 90 60 88 86 87 74 75 62 66 79 77 65 67 69 64 79 72 69 96 66 80 70 90 96 77 78 69 90 99 64 70 70 75 98 96 67 73 60 77 91 62 87
0.8846966574633955 166.03006524303092 558 76 80 70 95 78 68 95 81 62 92 72 73 75 98 71 93 94 85 80 89 84 73 88 81 90 74 70 95 80 90 82 63 91 86 97 66 87 82 93 71 97 83 85 60 88 80 75 85 76 73 90 74 60 83 91 83 85 68 69 68 87 77 88 73 91 85 69 83 70 67 84 71 97 66 83 76 72 70 76 80 94 77 72 85 82 64 85 76 86 64 74 85 77 65 74 82 84 85 94 73
0.8791272953562731 147.99241631506257 851 171 143 162 178 166 162 145 179 167 163 174 168 173 176 144 149 154 167 176 166 159 179 149 167 146 154 166 146 177 163 161 175 165 154 154 169 175 168 157 140 161 163 164 172 158 149 162 153 171 157 176 145 150 179 156 154 144 172 177 175 155 151 144 140 161 163 151 165 150 158 152 164 163 141 167 173 168 163 163 177 165 168 143 166 147 177 163 159 164 161 144 156 156 159 156 144 164 167 171 171
8473.491827233334 0.9774026982128429
492.8417046913328 0.83407231644054
6199.426461292418 0.8615807604342426
5208.51129103028 1.0216067537765068
6975.243195747477 1.0408669831509483
3868.4796931025653 1.1985151150310631
6749.352506316687 1.0411909542133428
6211.5745670952865 1.1506298101684425
4368.416466383132 1.1021778008836753
5232.958397688041 0.9923634809403259
8021.462219214277 1.0209139755037857
5107.338024342612 0.9627145371179433
6551.900002479051 1.0276864677270583
8220.003871705136 1.1287408170027387
2420.9658654878804 1.1308319972443488
3690.499059755961 1.1525452585506337
6705.1828737800015 1.0730521709781193
5319.190179903096 0.8487313544887358
6342.545495869872 1.1841050624640137
5818.3233933745405 1.183313442427934
9395.655302626721 1.021527697357701
5759.319142687782 0.9435099528065769
6715.519363822914 1.1734665864065346
6175.087229022272 1.0275026046226534
8017.447875671825 1.150023199787981
5483.603907666309 0.9391629219939878
5455.742038577055 0.8461588005480527
7255.98010591016 0.8004358924568229
5888.663012484327 0.9468399939037033
5752.008159028173 1.0269177935512415
7648.427731030343 0.9321643387702675
10627.171157100243 0.9695761889386699
6777.2341241236345 0.9238950925362187
4894.457305170253 1.0092224687191076
5616.583049376548 1.0817772328733577
4931.00947447448 1.0574451599982604
5974.635195440656 1.1370467226369843
6745.526102558616 1.1571911113477826
6546.178295542258 0.9840084796311106
6025.555965861716 1.0308861637495352
4940.645074756152 1.0348825344311168
4870.977239421923 0.8860446791374762
7642.418962667358 1.0575151017749542
6138.360483128629 0.9234110770991919
5671.351521718083 1.0073916020594647
4925.0533874679295 0.9869809764698655
4451.916646124069 1.049295726880176
7492.421980792636 1.010532005153286
4889.262071245122 0.9704552686415363
5759.293456515521 1.134701696376069
8602.825922266238 0.8410667851358875
5512.060725748972 0.9653715034298002
4706.892815855963 1.0338257585769506
3441.9983648848656 0.9289639584323688
6114.74086378407 1.0081777557950522
3385.535442404637 1.1462499529712689
6693.879766233781 1.099121281680401
6220.590083463755 0.9879217124350685
7786.738679330714 1.0357578154171234
4695.630878997951 1.107062678041467
7993.5755242036585 0.8221894441329299
4041.68174491253 1.184595040888688
4052.4469406995086 0.9060772408166846
6920.663328854609 1.1311433784501674
5415.13506764161 0.9670199422533866
4581.053118468835 1.0171034200484697
4263.418284017758 1.0141225407255248
6079.939625696681 1.0677183708997415
8311.86267430391 0.8984265309804297
7073.867631679097 0.8390543290904782
5278.618100368414 1.1114926481289438
7496.9259644276135 1.1009913583207216
4403.065994170631 0.8794437292733146
6390.699819927861 1.0826993326667524
7559.808137516236 0.8904306591041343
7323.116991405775 0.9679902606768223
7360.916146819271 0.8863447671681505
5785.97595735726 1.0485332674678085
3954.893892048884 1.0840489119629089
7004.812152768454 1.1289586776849863
4531.109226908627 0.9826105911948201
5069.916799214776 0.9267227545966599
2048.1430860670043 1.0987549223826145
5210.273187573119 1.0162302246348023
6840.66846853731 0.9714534439006626
4485.146324925912 0.8208837518533229
6788.625883526344 1.1730399235327282
1696.2239372348831 0.9586395841287446
3153.051243070029 1.0273385570983038
7337.100274328399 0.8106684117046925
4933.5738071962805 0.9582895653230524
5795.787790428487 1.1205339991867203
5059.731547535417 1.0236688868612285
8856.623632998731 0.8581398871359397
7742.686318213387 0.9949075533497733
5566.6381192781355 1.193972810511873
8830.080251184692 1.1345547563253384
5214.265599749832 1.137430948828835
5853.962472569099 0.8556244530103229
5358.910483336926 1.0670000857123336
