3 100
0.8335749177659879 168.7539931024562 691 170 172 154 161 144 169 179 179 143 172 147 176 161 164 170 168 164 161 155 148 168 147 146 150 151 177 169 177 144 140 152 151 146 172 154 169 163 173 162 164 167 168 178 150 142 177 143 151 169 145 156 159 156 156 145 150 174 140 157 160 174 157 152 151 150 176 151 152 168 169 143 176 158 140 153 169 147 172 172 142 158 162 178 163 145 159 172 149 171 148 174 159 144 157 175 152 149 169 160 146
0.8943381630662188 142.92747243960116 869 90 62 81 86 66 89 73 79 69 66 60 60 62 93 93 83 65 98 78 62 79 81 89 64 62 60 96 71 68 79 85 93 70 71 64 69 79 88 86 67 86 79 93 75 83 65 91 76 68 92 93 81 67 92 99 61 95 99 89 82 83 69 95 82 60 91 91 85 73 78 86 66 64 91 77 90 82 78 62 71 64 94 79 74 79 86 62 67 60 90 97 81 64 97 82 72 74 98 74 88
0.870041112624518 170.24210802030038 995 61 71 64 80 74 60 64 98 71 88 69 82 93 91 94 90 87 81 62 67 67 92 99 88 95 83 96 97 92 69 69 70 81 84 71 82 73 92 98 83 62 76 81 79 92 82 94 65 67 82 82 97 86 70 74 62 77 66 66 60 92 95 67 68 64 68 97 69 89 65 94 81 88 87 85 78 94 94 75 74 84 95 74 93 77 81 71 99 98 83 75 91 96 65 61 70 65 75 63 99
6800.193706735054 1.1691593916576541
7236.194390135464 1.0717003799164155
9430.118013666264 0.8890736149939308
8764.736493253482 1.1330024733180226
7036.490706036926 0.9171882884269333
1470.8265879013825 0.9181002827224762
13034.502759797482 1.0251248810930949
8200.524650774409 1.1539628599554743
7265.084133768124 0.9384253421261269
6861.737526307002 0.9626788657613647
8804.113399677675 0.8999083240439258
11681.971716376958 0.9922000495027338
9642.907540829567 1.1611269852618744
8074.435645866251 0.8300988311826305
6623.2913992463855 1.1600458721248024
7519.401787644338 1.1943797998348056
5588.380004900984 1.0134560698386688
5438.686527081327 0.9771235953478639
9267.8622069805 1.051112475910923
10281.81610499072 0.8426451170442592
5486.4378466334565 1.139945668516838
4596.228892366898 0.8777462670030987
10547.77208360605 0.930861797187007
5455.765290280342 1.0633144867547835
10956.425725537967 1.0280642521161802
9735.873950537849 1.1592031481617897
7983.589176510683 1.0979852789271989
12815.733819174291 0.9001050097509706
6813.46384081348 0.8846285753638566
12317.11856895482 0.9286192040221798
8077.554815625379 0.9714996677095351
4261.807699977404 0.9610216944840761
6274.348851584817 1.1406599367525878
11559.586436578094 1.0446132826773136
2531.245289204172 1.1714742756816365
7564.80352707292 0.8589614304261646
11916.555647505911 1.1584810625263076
9388.787167277029 0.8476656487228003
7767.055609333936 0.8592144780781463
9024.014513231472 1.1094571832666806
5842.03583308925 0.8237430410563695
11898.243652044051 0.8211865775932717
9020.002141378907 0.9330791085473936
11504.304787082423 0.9538697008452304
5341.884782029516 0.9567458626308525
8322.611536961871 0.9028609846177504
7448.055950016598 1.1532784794610638
8027.2672871099485 1.15586698349049
10449.697210857334 1.1673357859781848
9991.160588150846 0.8054708299060258
8276.687625388131 0.9473317172241043
9307.606625241646 1.020691090410778
9614.693836569546 1.1025313523031466
5080.986626798849 0.9658393111434318
9791.82996181379 1.0849438805920055
8643.67586256341 0.8996085370950356
9402.829538496075 0.8725962009142658
8263.183555488931 1.050234292681602
11702.962771689272 1.103596005843215
9545.659427481449 0.9683194329831726
7745.727164306796 0.8978343648779751
9169.244764365512 1.1024574894991008
5575.988479458092 1.030412804310964
7074.992075181186 1.1063958668035292
3010.4926767549787 0.9100808846929783
10165.965479144248 0.8311025703834232
11045.483339074506 1.1937546575127649
6372.218563851773 0.8410467292739199
9479.997767078372 0.976452732797335
10152.594010570148 0.9447562221137239
6095.256411787752 0.9899833045665607
8475.369042465021 1.0403087413501362
6818.474592969276 0.9405017792788585
6520.575195741094 0.8989849419177021
9685.825339353805 1.0846982757386958
7296.848309649678 1.1686756630196224
9549.210594507445 0.8042243877457769
12147.41525922711 0.9932764349944874
9212.565352163345 1.0428272245794084
8626.49892955785 0.9587256108896991
8270.758633530068 1.1200646506469514
7781.76543526895 1.1648529142198403
6491.622807517821 1.0153713124155106
8000.135769454884 0.8937852930410373
9829.811311060563 1.0866637033431448
6716.84327696814 1.1263585537946288
7966.7547152704465 0.8033565286009103
10516.84139706189 1.087366370051832
9919.780801918136 0.8657155424277317
5080.022339916215 0.9648705247958704
8670.357565506858 1.1109095885367095
8015.890564022817 0.9338624174431536
10049.727224785092 0.8575005415278392
6798.0506176153995 1.1587623728268976
7222.2568274796395 1.194622423295411
9020.132429569474 1.1332503626439565
9389.139786446338 1.1937114524537105
14041.266960576882 1.1743030324773764
12276.359959348038 0.8823054765887275
8861.95587369729 0.8946342115540539
