3 100
0.8316637295464848 148.19622345317322 640 154 156 156 163 160 153 141 144 164 145 159 170 160 163 175 172 148 159 142 164 169 178 146 151 150 151 175 178 157 156 144 151 141 140 162 174 146 142 142 150 162 144 170 154 145 179 143 156 140 160 161 148 151 170 151 170 144 160 149 143 143 174 163 167 152 162 140 146 168 152 169 164 164 160 155 143 175 164 149 150 171 141 145 150 171 151 165 158 169 156 156 152 152 151 172 176 144 172 173 158
0.8414775010399028 128.47561123002276 695 64 61 61 99 89 63 87 74 62 72 81 71 92 93 86 64 65 87 97 86 96 92 83 98 90 67 98 99 85 92 66 75 63 96 80 82 79 66 94 92 83 91 79 97 70 92 61 92 69 94 71 97 69 73 65 71 77 60 83 83 65 61 66 66 73 68 74 97 72 89 67 85 96 93 97 72 70 65 91 81 96 72 64 96 68 62 72 62 82 67 84 73 71 67 73 72 89 68 67 95
0.8410147838969524 144.15192806116764 843 88 67 89 67 94 86 69 72 75 73 87 61 88 99 95 88 85 95 87 80 60 84 86 81 77 91 63 79 67 79 96 77 75 67 76 77 95 61 62 85 66 97 96 64 68 61 71 91 67 82 72 79 60 95 81 86 81 69 84 67 98 70 66 73 83 78 60 90 64 90 95 73 85 66 68 64 67 77 70 94 83 86 75 94 99 99 96 99 82 64 86 69 87 65 83 68 89 84 79 87
8527.92272419057 1.140726011415497
8364.216023578503 1.003080502168834
7298.642421476606 0.9412414649737026
8874.433891400573 0.9637288039721892
7139.139601663011 1.0611401663075537
6243.610371203865 1.151541796795405
8205.519629393124 0.9649537774846823
8611.739276081218 1.117390346669862
11297.858979473707 1.1366752836405567
8575.806508021647 0.9247930449752302
5036.233252521122 0.993921302571822
10535.04569498173 0.9376968135316066
9978.653547010668 0.8174703952872906
9834.630205175898 0.8606569608749043
10573.560422034314 0.9526973708003378
9629.196469503508 0.8870039085002763
10722.167736426374 1.1074365237863315
8732.286830308874 1.180700987535876
8671.633818220522 0.8396761821888001
5440.489152655322 1.019998560591224
10278.419106603213 0.8132645953057402
4682.712379462038 0.9115927299139153
7222.1060574063185 1.1544265293113878
5428.403730565389 0.8495397148888649
2397.039279245857 0.8366742685485463
7252.838999941318 0.9206860543131307
11184.967365187276 1.1614919297136657
8959.03304558504 0.991113024970947
11161.090983058515 0.9347954215436312
9946.64111578671 1.119537814061849
8242.93340228268 0.8922454369702988
8783.904673844205 0.9885190700417712
6699.30920389218 0.8552789942297634
7674.1610594384765 0.8162025790009482
9117.262847397915 0.8415970778405812
4639.805084778209 0.9255616679731209
11552.836961290477 1.0365130719075695
9180.441338002813 1.0865970933117117
6172.671819970069 1.0977967116637501
6452.694547423502 1.065822033948983
8725.044750119752 0.8608298177724086
11508.197322494758 1.0804270309810826
9577.156998126182 0.9458361635375512
9089.629476960363 1.0437747722297046
8196.87263265045 1.0409695480842398
7941.11219860111 1.1553582243082232
8717.652991690107 0.9664834438036797
7251.8934709451005 0.8446384629851764
8967.887515089658 1.1025610337302911
9582.461099154045 1.0648465786684993
6689.605336265575 0.8342147979611017
10017.525220512094 1.1878013101852867
9327.904290064791 0.8129035561492018
7575.76548599834 1.0217299533533033
9895.486416664997 0.9821525309778831
7161.071570798698 1.1977600317363373
11138.29481621167 0.9234888380612559
8559.00554022769 1.1900182315784553
8723.652753044224 0.9308917765374674
12420.620004372522 1.0888109203668324
9799.658773551022 1.1034999884603425
7878.021050474663 0.9001581113683667
8176.466588566998 0.8835058995492981
8187.96198827966 1.0193168159854527
9688.162067372476 1.1610411343728815
9856.826877717418 0.9128839898536881
5416.409007882744 0.8931388127285667
5530.319064566929 1.125740158020481
6409.703094757408 0.9020894002144216
10184.312207892512 1.0024867334645031
6044.4552929582605 0.8506251678275439
3875.377655275476 1.0453682681583776
9749.89638179842 0.8846719960418982
10275.088605847688 0.8874249259417649
10160.926237922198 0.9609104691061878
8479.637538535242 1.137573718537026
9565.550739276981 0.8635036972011885
6653.683924294473 1.072252411159514
13716.7888202327 0.8519326272412358
10275.026514345609 0.9603546993118212
9525.826458026286 0.9715467827667537
8327.557856999527 1.05769211096341
4909.452265623722 1.044456689111664
8401.425890779137 0.8612023655405291
9498.393270526087 0.9720375673912638
9590.693911956123 1.0711449918134872
11854.671671028347 1.0812203103000546
9577.425771178005 0.981074651848547
8323.629264216977 0.9381465757054587
11863.96888632121 1.0245565130085286
6480.014432053115 0.9910778642924444
7030.9415161869165 0.8539825193949507
8990.415904859268 0.9692418479413775
6326.007570608885 0.9479754660631847
8972.660008335457 0.8495902913695451
6768.793061009415 0.819724231086672
12457.107904270208 0.8623690903182004
8041.068319253034 1.141239415921168
13406.164060908734 0.9217604386728477
9092.398019760338 0.90644380112152
