3 100
0.8670570731583132 123.98745802668678 666 64 77 62 79 62 93 89 87 97 75 70 77 79 63 60 70 65 88 62 89 77 74 81 73 76 76 88 65 85 78 68 60 84 95 90 95 79 68 91 60 91 69 79 68 62 63 69 62 81 97 85 82 69 74 67 75 73 87 84 68 62 74 81 84 84 71 66 81 69 94 72 63 73 87 60 79 86 65 76 99 71 79 86 94 62 89 78 73 69 83 75 78 63 90 64 82 99 97 80 93
0.8448667718069229 160.0060816534144 850 144 161 162 145 163 170 152 148 167 152 164 150 159 140 151 152 145 155 155 155 166 155 168 150 166 157 143 172 141 167 170 172 147 157 171 155 174 170 177 152 178 167 169 154 177 151 143 160 173 147 146 142 155 177 178 141 149 159 165 170 174 172 141 152 155 165 146 146 148 167 168 165 159 155 149 157 157 148 176 177 173 172 152 169 156 175 152 157 176 171 176 175 174 163 174 170 172 167 177 177
0.8676175101826489 150.86979517522198 930 84 71 76 92 67 68 85 98 80 72 91 78 81 67 80 79 93 85 66 76 69 96 68 80 88 86 82 98 98 91 82 72 87 63 72 86 94 76 80 78 71 67 68 97 64 71 91 80 68 62 83 92 65 92 82 97 98 78 92 65 85 63 78 73 80 96 74 63 86 90 74 62 95 62 77 81 74 63 92 68 87 82 94 60 97 97 76 80 88 69 81 84 67 89 67 62 88 92 82 75
5905.955720834427 1.0999006669406206
7130.474467340242 1.1781069065818195
8142.137137902105 0.8519317521472528
6888.812889496006 0.966124838681044
11048.565961520631 1.150656798076179
4790.251877988512 1.1155056913367192
7199.676368829022 0.9017061990460626
7637.15011864357 0.8150535966632243
6431.625466105741 1.1331119450747238
7448.912708224022 1.174883978446755
10929.70967207428 0.8286137639754464
7101.726103823368 1.1787987865176413
7601.592194474625 1.0786221664083475
8761.081856732391 0.8590095035368641
7351.024416844841 0.8752198568413
5422.477037704408 1.1435616071510897
7742.632819461819 0.8629109445244879
6808.188533755188 1.0113823490055762
9015.221331469713 0.9069344901017596
9663.070583340697 0.9532125029129858
5736.453049371127 0.9849508409222147
6747.568770109456 1.0331394453007916
5217.488777594608 1.0727405020979601
9336.930523270274 0.8749234847139755
6960.574802311378 0.9782060059582484
9684.668409660611 1.0054559863848314
7511.689157924837 1.1920796102342552
7506.5223847941725 1.196041720931303
8642.354094987093 1.1726516434897074
6977.047669824793 0.8049382047635918
8764.942896001321 0.9127060758051349
5899.6871261821625 1.038901973276071
5154.45076248874 1.106801572478075
5852.75586903707 0.9754678410276841
10385.494675978625 0.9422395289614174
3729.160335670827 0.9843100302604585
11416.0882505445 1.164280564988302
7516.403708931204 1.0282396893885661
9488.367379814936 1.1398692004090911
7275.510068980583 0.8078154249059994
7598.892023358565 0.8714851693517078
3142.9745265928887 0.8687585683004039
7502.382908515137 0.9716597718258364
8999.102735533967 0.9213869093840104
6898.53926429033 1.1161091819410214
7598.198540174001 1.1777067352268502
3756.623712022197 1.145850313003602
8225.86691475982 0.9807220558788813
5785.053092360125 1.109306771513003
5154.395593927611 0.9331896106953492
12243.33513513456 1.0484673962132105
7428.7851482507185 0.9727815169579678
5708.065668096928 0.8040748518003743
7139.447293155097 0.9046084512071676
8578.470381360083 1.0444840203876293
10848.556516266188 1.0213884116400826
8617.105056558545 0.9222318586532829
9337.378888820162 1.1926132035291883
8898.08673428775 0.8517017176514845
9210.672039829657 1.0128686053068199
6846.921659929048 1.1191919734279199
8924.513293121889 1.0159667354976871
9419.221482926301 0.9750326386702876
7573.604240081529 0.859670248384663
7623.3147173340285 0.8569827627437985
6566.41476191443 0.8920114626867252
8239.579424843878 1.163451713308061
7641.424658058436 0.873649694719483
2517.6104747326135 1.127601995844323
8790.119992613505 0.9046197278992372
9655.464547940082 1.1222440814137222
9173.086512351521 0.9807516024413195
7098.083843329862 0.9687087308319973
8951.713326898705 1.0848510244439193
8112.03411569149 0.9061210072999623
8990.039974292144 0.936134611065747
7896.9953743032975 0.9591573249081159
8978.320240051247 1.1612355917784698
4348.627692779093 0.9556926071482783
6997.81920770457 1.0481753350227925
8367.689001848734 0.8281712496482797
4943.9981571305525 0.9594023697195958
9782.203770592363 0.8050841913511538
9734.541365704252 0.9160897213986331
7520.541092078343 0.9831163885167546
9094.674272809663 0.8906355401143281
8918.845551840748 1.148731861228735
8083.858917469924 1.1354828301015865
3619.573099839314 0.8627723380047871
9331.522505515142 1.1258764150700806
9168.25391035801 1.1231226380022568
6441.9326134739795 0.856700715902722
3270.0512236663044 0.8604926522735991
7619.609604096086 0.9302754361053414
6903.348544921823 0.8458697829294413
5578.742240514029 1.0478819644479802
9214.071750673005 1.1058251216684458
7735.14803713161 0.8423795587217799
5747.237532886509 0.9864234687513442
6707.8264270132095 0.9331119711424587
