3 100
0.8461524868942666 145.90195173300947 512 85 70 78 85 60 75 72 60 64 74 89 67 70 81 61 66 83 68 69 96 60 99 99 87 63 62 74 93 96 63 74 85 84 71 74 95 93 95 82 82 89 94 80 66 95 84 97 80 71 73 69 98 70 71 70 90 77 79 82 83 79 94 71 63 89 78 84 75 76 76 75 62 67 61 95 96 66 74 63 83 97 85 97 84 93 99 70 61 87 77 91 66 86 90 88 79 96 72 60 90
0.8211696953560684 148.41873575829237 659 140 155 142 175 167 150 143 150 167 157 157 167 156 170 157 178 167 176 152 179 163 163 174 146 141 177 171 172 171 163 179 160 142 164 176 166 167 144 166 151 149 172 171 160 155 179 156 171 172 170 165 179 166 140 168 172 179 144 170 162 154 172 162 166 175 150 168 158 164 175 175 144 171 141 173 170 170 160 170 167 170 157 143 151 177 153 173 169 164 162 170 172 156 151 177 173 164 147 178 148
0.8156979011393749 171.05230762444185 710 95 88 97 93 92 96 73 76 85 61 80 78 89 62 85 75 65 85 73 60 96 72 85 90 80 79 70 66 88 89 84 78 73 69 94 94 77 68 78 90 90 97 61 96 78 97 70 71 74 78 80 76 73 70 60 65 71 74 94 75 89 62 96 98 86 76 67 92 63 72 67 84 62 95 64 82 78 86 94 75 78 96 70 82 91 91 90 68 96 61 99 60 80 74 77 72 62 71 93 96
7002.77248276709 1.1362245855190805
6042.4417117428475 1.073464998872146
11032.57419631416 0.8399606550152181
6629.033993794517 0.9184260326646456
7666.480969451871 0.8847841595103328
5791.9220589905 0.8849865467898834
8998.218646949676 1.0578730902130287
8988.967008428566 1.1536959942750715
4829.871429359728 0.8574749746561074
6967.693348076208 1.0707162382340714
6733.792415253629 1.0508012721298763
8961.945754856182 0.9293118964258985
4830.89131082409 1.1263155713397812
6817.012716592743 1.1198617181986654
7598.934013144406 0.8632948987487135
5861.789998216051 1.1496396903577133
5577.743018257268 0.9646517613715971
8490.70149933926 0.9506992299496221
5524.213226554979 0.9852621548237724
4810.719348922991 1.142217802430892
9839.394062925774 0.959598235771036
7035.025256180287 1.0953300582374323
5633.576049530197 0.9171264309280692
8413.923609311481 0.8660368547097801
6586.212465688488 0.8691452362202169
5447.559755048215 0.8274740983770167
10436.55872015833 1.1546268672971554
8168.46865796237 1.1187030499068216
8390.365676503501 0.8833902952066426
5037.970567794907 0.9159759610881132
7830.879582115452 0.9939459566574305
7547.350582410772 0.8869670029044215
7516.065691682459 1.1206343990054157
6186.608741000529 1.1800895007364696
10500.857734850926 1.1307210855452876
4013.854644772254 0.8348512222189287
8945.49287485314 0.996019699241361
3556.518258902907 1.0712447280686588
7559.686705454427 0.8077206583577292
9325.240582868733 1.157216458137634
7410.820479115215 1.1870617466140205
8588.914747903911 1.1106642549639818
4249.649072907255 0.9833491581213665
8255.920826783688 0.9075461648328474
7512.217749754061 0.8571261206374038
7817.07369667969 1.0222587939036314
7298.798829288792 0.964337416578914
7090.5550395553355 0.8123241119601043
8188.303750197658 0.9130095161150243
6725.397774054369 1.0482323439845873
7200.9620905272905 0.8471750660257023
3561.6142765944596 0.9462335087632527
6310.564971718919 0.8504391518905001
7781.382388899493 1.0775518298420463
9342.865684585757 1.1779636509931404
7261.671472263814 1.1743001986338881
8897.905743792544 1.1178080318202461
5966.049895429768 0.8379920182545357
7854.493858330576 0.8504305217629342
9520.948024083877 0.8931080309094315
7259.364911786021 1.043447790443758
4336.137492985636 0.8867346994056784
7200.75390191788 0.9942377690310011
9062.67451557621 0.8340860504945364
6626.36051653353 1.1502745028376078
8172.717871280915 1.0030110032827586
6611.820144556763 1.1939558286645064
7245.698446944235 0.8635216675626628
7628.996464705201 1.1183873518479823
7765.530621371347 0.8134903777001261
9085.873322970114 0.8912744476192468
10144.583224725875 0.8043771737860375
6115.282170399895 0.9662886736929236
6761.058011912401 0.9337902197982597
9060.321724199097 1.1649615076645374
9463.342274425908 0.87502958073934
9068.003483057844 1.1285433736624646
5537.003263050168 1.1060447091496381
5316.328562683129 0.9669016057629656
7019.57377727479 0.8510764283943877
11640.676362370159 0.9157792984501792
4268.527817438924 1.190597137045717
8290.38097947859 0.8636999153825319
7371.693620582408 0.9415088811945349
9092.551750686138 0.9366524470398851
8926.060502136575 1.111295329570187
7057.927930911382 1.133796073087186
6076.8159376448375 1.0607612925787198
6180.287060706181 0.8429567848216157
7787.719222638292 1.0459997348277401
7673.354194390798 1.1413670528935067
4634.956507831697 1.1161504817873928
3198.0567000330075 1.0013572784765334
5382.185020831266 1.1438935041329321
8232.639683422494 0.922580371539441
7137.220386389936 0.9306499310559065
11257.823431221106 0.9950868991465495
5151.210978358848 0.806463479593974
9547.577266961529 0.9933719661939031
7952.830074907739 0.8676634999374329
