3 100
0.8952152562612933 123.0136999794341 581 88 79 96 71 93 81 86 69 92 62 99 79 99 87 84 61 97 66 66 96 70 92 90 60 84 83 72 79 64 67 86 84 76 81 85 72 87 87 69 95 68 81 74 90 95 82 75 92 91 89 88 84 85 91 99 85 99 72 62 82 61 95 98 92 95 82 80 72 60 83 91 60 88 83 98 73 62 74 86 79 81 84 91 84 80 66 79 63 75 71 69 65 76 83 98 82 75 65 79 79
0.8066374351606184 142.78295427989198 802 99 89 82 68 60 62 62 86 80 88 72 64 73 82 85 94 63 81 77 99 85 80 82 77 71 85 68 77 89 93 72 92 67 87 83 66 84 79 88 95 80 74 89 83 68 89 70 66 92 97 74 86 76 83 80 90 91 80 67 93 78 75 71 82 71 76 86 97 87 71 83 95 90 66 84 88 90 97 91 61 69 81 85 78 77 68 78 71 97 77 98 87 79 80 99 64 82 92 60 95
0.8987602514945519 153.37208176095146 937 146 178 147 155 151 176 143 144 164 176 155 146 165 178 159 156 142 148 146 150 169 173 177 175 144 177 163 163 166 146 174 150 171 146 141 157 167 155 165 155 143 154 161 172 144 161 145 167 164 162 158 155 169 166 151 152 142 143 173 147 172 166 142 160 146 173 164 153 161 144 173 172 149 144 171 140 179 149 155 160 164 164 179 148 164 164 142 171 143 154 174 163 168 163 160 170 149 166 140 152
5809.576006279544 1.118543447996548
6952.230878475573 1.1184032002883706
3466.384122537189 0.8711169690813563
6649.754509445042 0.8342314602684704
8750.109449934303 0.8305598211617367
5652.817662276222 0.9025513270438107
7204.3268934025755 0.9455941112912885
7579.446955161231 0.8093444449679722
7049.93458752972 0.9748097928374002
4898.342774720879 1.1117043022598903
5644.192692509379 0.9003726779348813
5089.561614826684 1.1477734909972304
4376.934272780487 1.1539643979140093
4590.175983563556 0.8735429838411032
3878.0391110079927 0.8212142428581188
5549.425097739736 0.8074256993679487
7269.523079325908 1.0216844171719277
7255.3279229728205 0.8904538646961432
4752.414730209845 0.8747307896239276
6598.32309007729 0.9645985901420068
2662.293806974361 1.0415386830903233
6047.323943929582 1.196244498982487
5104.151910672301 1.163192735256155
7845.826751194769 0.9205083641238736
8056.584111543114 0.9802690221524073
7635.04882486086 1.0640625889850708
6106.32220675044 1.0454413885960911
6519.725706507476 0.8365624154684925
6336.879717674694 0.8856927849567029
2973.908660595925 1.1113308994516793
4705.7666450098795 1.0872756470734215
4581.999734608356 0.9462637540134757
5620.51090170793 0.8113672744189174
6073.954385566891 1.009574376780576
6117.831534805222 1.0775121021704133
7263.669188262671 1.1923075248703525
4555.615524553805 1.0925582557359128
6540.95279024718 1.1137295291555231
6346.404951351233 0.9269180651564932
4677.62838521968 0.8072872349907885
5298.340089059743 1.0903083280472026
5749.181905233779 0.8681433176806665
7171.040536301067 0.8590833550926064
6539.5378669031925 0.9967208593998467
4764.260350042125 0.9708645476576574
6938.67563522938 0.8414465724938894
7187.751322443851 0.9451113515037658
7125.911460159161 0.8065663147615514
6236.981255858852 0.8362583313614427
6518.597394864292 1.1825216019796283
5790.150045869951 1.1040788303347084
5938.63053517401 1.0626122880330604
5303.1173303109545 0.8565029507826337
7376.421108055346 1.1870200664197437
7381.660965921585 0.9196271504606479
7366.733909659038 1.0528929257475454
6082.0716161038235 1.0641462083930913
6385.641402998735 0.9189071247786841
5874.310205236181 0.8283523622264533
8781.852349264838 0.949740662318632
3838.5482671434056 1.0079695019956765
7388.796929269555 0.9035807618490069
6658.710185497267 1.066069376000203
7731.158489456357 0.8554354273237587
3418.3129072242405 0.9419086242985664
7736.581671517855 0.9080050053402199
6248.818966658412 1.0021001987872244
7852.565931635263 1.0529084629573588
4856.112106493274 0.957329230942806
3811.0439682516926 0.8223748141347589
7382.9731517629925 1.0714128628956774
7491.851472346967 1.161967168024054
6114.961183821054 1.1481605525748115
5309.2042620654975 0.9286463246283245
5602.003228568561 1.0034109442793444
4965.61818142829 0.9159214903092396
8367.14604068382 0.8995019036002118
4775.4652070766 0.8072442146994914
8018.373054194892 1.001689501812293
4760.129231218186 1.0829404996431815
8515.32519599175 0.8560580639709042
5309.344427535332 0.830707955484186
7593.648980390577 1.1462787314235567
5705.140418353444 0.9618069541660972
4872.648446229684 1.1420968766714208
7716.315401669621 1.0369981526972356
5565.594523286558 1.1401238680102863
4492.487782679942 1.151090366584851
4718.539448801181 1.0661147129375832
10631.110664539658 1.0344031186473774
4618.129259262868 0.8642584553229221
7789.903156543239 0.9853220180433225
6206.1622040345055 1.159060694385129
5585.767744921316 0.8476043826630681
8304.093896784101 1.063310572203303
5192.872538407268 1.0572079444623772
7100.113700536434 0.973364578817795
5184.308013998975 1.142900949079399
7324.837613761156 1.1088440774949826
6339.968288288669 1.0430751178381297
