6 15
0.8996022539722419 175.46690013132113 585 69 94 81 77 65 83 81 60 64 83 73 71 69 62 90
0.8388293696134655 124.01121785206108 650 173 157 176 170 154 148 158 146 147 168 142 162 169 153 172
0.8461609676881817 135.27867777662948 664 64 72 71 85 77 93 70 72 89 85 70 61 85 86 80
0.8354427170307726 163.52577112802706 738 69 77 67 91 98 71 93 84 80 65 93 63 80 86 66
0.8847694955785825 139.35977147920454 787 165 171 145 147 166 146 153 167 147 162 176 152 157 152 163
0.8777435274673815 149.1623574450308 809 164 156 171 143 164 168 149 179 153 160 163 157 142 152 141
1754.5460915502763 1.172117452471046
2167.175885118335 0.9155227541171691
2255.101403386623 1.0901384302190087
2450.3080386359143 1.1059362385490155
1199.7751695841685 1.1665798775738192
1962.3342950552071 0.9812708353477341
1738.0982670473595 1.0255552998297481
2021.2451305729817 0.8061886414536388
1629.6409301090603 0.8816099554183313
1541.2727821293843 0.9457083340097641
1460.3269056884699 0.9535180294232484
1593.318854505671 0.8700405298410032
1487.421473461367 0.9722500495108829
1178.9578332221524 0.8224256836582329
2022.0814824661693 0.907839435145378
