6 15
0.8387147014023909 146.00829384631598 553 172 164 173 152 166 176 177 173 161 144 179 178 150 153 178
0.8890447889207649 134.670513112192 567 66 88 61 81 81 90 88 91 91 81 86 65 69 78 81
0.8800412484904783 166.25384071785993 708 165 175 163 157 171 157 177 151 152 178 179 143 178 152 158
0.8744217588564497 140.22478631770224 867 161 153 168 170 149 165 146 159 163 144 156 147 150 171 177
0.884814060603972 164.37089646123013 875 65 93 73 84 80 91 70 84 74 79 82 78 78 85 64
0.8167228475151838 135.95677115880778 902 60 86 61 66 89 98 75 81 82 82 71 97 84 96 66
1898.7376170815794 1.1094576662402502
1913.7343322547706 1.1595652270553796
2047.2571088327186 1.1019943881316694
2226.377805179432 1.1292802913179558
1593.4190944799968 1.0397279772370212
1748.8643199077424 0.8810613855856511
1998.29187718115 0.9825591615326557
1836.940078105824 1.1534073962241211
3240.0888666218007 1.0010653135118655
1686.2482601680674 0.8761294932714265
2287.0923768986545 0.9451596616163288
2798.1265728899807 1.1503470422022444
1740.290860383775 1.0830410129801022
2174.2295112919887 1.0571040986457625
1545.5456024380405 0.9992518023436671
