6 15
0.8127184711921873 169.57687983439766 642 178 168 164 168 147 158 153 159 176 141 175 155 176 164 173
0.8431429482763119 168.13254164713322 704 160 156 163 172 179 161 145 147 148 144 155 155 162 145 170
0.8137281322595165 133.02874188166402 729 147 174 156 166 166 140 166 159 149 170 171 166 158 146 151
0.8495800184155897 134.48894076567387 889 72 88 65 65 75 88 78 84 83 78 70 77 60 62 68
0.8072769231545627 125.18053773125992 965 69 70 70 68 60 61 84 72 65 98 68 79 99 60 79
0.8742957172443497 175.89860788898704 998 79 77 91 97 70 60 76 99 74 72 85 82 80 90 66
1309.9024009051307 0.8746066532771225
3115.877798847964 0.9382928493613768
2028.05888569048 1.1003696526959081
1985.0512676617109 1.0082894501343647
2245.1512222187084 0.9428534172884396
1853.626544522845 0.8415453711084885
2522.782200898461 1.1072688389511032
1593.180553106201 0.9248550860267801
2195.858025148712 1.0842800411491202
2066.7709753690397 1.1772537137770458
1642.371034082862 0.9082380338370423
1744.4147478975096 1.1357910269788167
1836.0783303563076 1.0495421607392639
2222.384490693762 1.1239184910842466
2033.9629661023675 1.1155763854244802
