6 15
0.8900583202557999 132.68441414635225 552 77 82 65 66 61 65 82 82 78 64 72 95 77 87 97
0.8864477189325384 136.69101618620368 559 153 153 161 174 141 145 178 149 150 155 164 143 141 155 168
0.8810045946512051 163.32669566490847 565 171 162 175 165 143 177 167 143 162 148 176 168 145 149 152
0.8866784879574703 129.41469690928872 650 159 159 166 171 174 166 145 144 141 147 164 153 169 145 155
0.8366839269641269 152.5756532519981 829 97 95 94 97 62 71 79 62 76 72 69 97 77 81 88
0.8963804997990283 159.45992961510362 881 63 84 70 67 85 89 61 87 67 80 67 69 76 78 60
1092.621907725111 1.162822075026624
1456.1982848887005 1.0910339309131742
2323.2371810139275 0.8288798730827582
2513.2552444494495 0.9074714266019963
2090.645595569784 0.8265382895092777
1579.0638344364525 0.9796682816376996
1605.887442553825 0.8773528829039714
2013.988659337467 0.9507809107840763
1377.4984771189183 1.1092993465034167
1182.578199879641 0.8058479505456974
1887.346643548171 1.0630912990383559
2716.150723576009 1.045503449205734
2719.568294351172 1.0062151237337467
2051.344209133969 0.9659379122260693
1101.3880290117363 0.8876281297320613
