6 15
0.8344935830038274 176.2572890362605 554 156 154 169 153 148 158 163 146 168 149 147 149 165 150 174
0.8840896373232151 148.07887367398834 663 74 67 94 92 75 75 83 95 79 72 86 87 80 60 64
0.8513113785745402 154.34528761041207 688 77 75 70 93 67 66 96 78 80 87 80 72 89 83 69
0.8944456169429335 168.18540055769301 799 167 157 179 178 158 144 167 160 176 150 147 151 144 164 160
0.852119403105607 128.26155663445851 807 152 156 161 172 167 145 157 159 159 159 179 153 156 171 161
0.846584662722379 120.25641704685331 874 60 68 62 90 63 73 92 94 70 91 85 89 61 95 78
1540.7261991354171 0.942251801706232
2716.832366712374 1.128840088776332
1063.0101073160754 0.8433501021583798
2108.1662223871367 1.0820497544013075
1883.5902062128428 0.9801143512820234
2126.575576899943 1.001909867563413
2612.098178088998 1.1590783602284116
2286.0952981780183 0.958462326661191
1722.1941890976868 1.1576138746260578
2155.864799841924 1.1291623717447608
1553.695147990246 0.9361931346348048
1615.1450003617126 0.9885066511310769
1812.6512703005637 1.1346735527359524
1872.5345767502215 0.9184852147211748
2099.3735811625443 1.1175997743772705
