6 15
0.8097708136132338 177.98338575502282 521 90 68 89 98 65 85 76 96 65 94 61 85 95 87 71
0.8562990311594049 171.43396163423867 631 83 84 84 92 65 67 72 92 65 75 78 88 87 72 85
0.8685092745966062 150.98845849212498 684 72 71 73 66 90 73 85 99 76 93 76 73 70 70 77
0.8492367615432518 136.1007912581536 690 163 175 167 170 160 164 177 148 170 148 144 141 168 162 151
0.8954308242034684 173.7083713980331 825 145 159 166 159 163 142 154 166 144 142 172 169 163 166 165
0.8524032409717118 166.77182308866836 917 144 147 152 150 168 155 168 169 162 151 167 152 140 148 144
978.1733754510026 0.9670549117654121
1936.9359881158357 0.8272682586380341
959.2539368882501 0.852703508445297
2191.2533348189313 1.192090564959554
1618.7342357054376 1.071693930356929
1770.5772692041178 0.9940816326563201
1322.3325844634198 0.9049632764813116
1174.116095073301 0.9862278490097179
2174.008677137251 1.0667692020835786
1214.2975190091456 1.0560211648095565
1638.1524470608863 1.1160998112767342
1403.3647935414265 0.8938193571635893
1114.7995164486078 0.9574837216148981
2104.0249115289853 0.997219410473783
1600.6437068280131 1.1653838134013135
