6 15
0.8458253564063365 121.05255541126364 548 143 159 150 157 159 179 151 167 152 157 173 162 172 167 166
0.8129567771075558 127.28090011240778 686 174 169 169 149 166 153 159 145 167 162 144 147 158 174 165
0.8508655469908848 163.93397729874584 733 73 86 88 94 68 79 98 75 93 92 91 83 80 74 69
0.8434823387021525 164.24767480634435 803 72 68 77 94 98 77 62 61 64 75 83 91 81 80 73
0.8863776796664401 122.18926182434848 917 154 168 176 170 172 159 174 175 153 153 174 160 147 159 156
0.8450767944986779 179.16394502778112 970 69 77 76 73 99 64 61 70 68 86 61 79 97 87 65
1849.5384119270605 1.19075503150236
1860.4472592763354 0.867318575961344
1795.826926814455 0.9195776000388373
2337.0326550609175 0.8169847903227836
1899.147348742938 1.1120233338387733
2566.3745417937016 0.9225420021484185
1988.9757984040332 1.0793105995267809
2243.3941983969257 1.1788153878086187
2948.5871279382527 0.809254102594532
1387.7418128366085 0.8466118134729004
3041.6966566482597 1.1017576993462324
1856.6212942875172 1.196070637601892
2515.8652483952656 1.1948307152617594
1021.0344502879288 1.0925733795979
1933.7829818436953 0.9199068233953871
