6 15
0.8999665391696146 122.70014298480928 545 95 63 91 96 87 73 87 66 63 96 94 90 89 97 80
0.8125065004387607 124.36495000777956 560 154 168 153 178 149 176 149 144 162 162 156 162 160 161 140
0.8158588276965693 170.53852550131745 566 156 153 146 178 164 171 176 168 147 141 175 159 152 147 142
0.881101865501151 136.24150156711923 671 95 72 95 94 95 91 83 92 62 80 65 70 73 90 73
0.8064409871012499 157.86533446711354 877 74 67 64 86 94 60 97 67 99 67 84 83 84 60 67
0.885567522281836 146.54501939832562 909 163 148 169 175 169 178 146 167 169 171 146 145 141 160 176
1582.250157106786 1.1382119821516055
1581.3709022584487 1.048494113143411
1752.2612555310368 1.1750151047394868
1209.5441032126846 1.086109897017225
2051.7962422842056 1.0064708630123271
1193.1591905906002 0.9540910310468556
2128.9595000943573 1.1593473010445254
2490.1046886213717 0.9180448932619493
1391.024639624769 1.1852817972562506
1989.2800709185951 1.06847044133774
1662.0448919863238 1.0298946597128535
2385.250578831249 1.1550034284464132
1717.1267799084992 0.9792608252088886
1945.9562168257535 1.0953233954519483
1913.8373228316825 1.0293344440746224
