6 15
0.8912678606360311 134.28046190419164 613 64 89 67 87 76 91 61 62 69 79 95 90 83 87 91
0.8871271155313963 149.6573740713917 688 171 158 156 151 166 163 163 144 162 179 174 153 141 157 142
0.8781514920215412 144.9616987006158 717 170 159 163 140 149 151 176 161 179 143 172 152 147 150 163
0.8922832157160285 128.93380776029517 772 80 79 95 85 91 77 89 62 65 96 85 97 87 89 84
0.886483477626774 150.19069433968573 808 77 81 76 63 70 76 94 61 74 94 72 92 72 72 63
0.8446865742292311 133.36254973766853 974 166 147 152 142 150 140 171 151 172 162 157 155 172 167 145
2246.9547166611283 0.9233609898460728
2748.028778842408 0.9393647014477287
1640.0987654079456 1.0683039730546602
1826.4485860109055 0.87505709328029
1714.3294614323145 0.9683350694949525
978.5787185708589 0.8768476686278276
1653.3143247685018 0.8108574408071474
1738.0593869790607 1.104645308232683
1890.7625010432776 0.9873324438067117
2329.8082962222975 0.8951995433385898
1845.8251546113577 0.987564638956807
2140.68226642341 0.8755848771813919
2723.1932764522094 1.143449826186852
2853.556091031134 0.9317936041296695
2419.6677829849514 1.1617879170766372
