6 15
0.8192067020497779 161.78153027911426 512 68 83 97 61 87 93 90 70 79 90 78 60 64 90 89
0.8606565287267794 127.47798389438363 544 174 161 149 162 158 145 141 150 145 158 165 149 164 142 160
0.8497403000468249 168.9578196003763 590 173 164 165 163 147 145 158 177 146 144 168 140 168 179 141
0.8155246559789044 159.7496511491962 653 64 98 68 93 65 99 75 77 90 76 86 98 82 98 81
0.857861910284024 131.70307953300934 825 86 88 61 89 72 61 78 64 71 80 99 74 93 77 76
0.8267610179726327 150.08375931304184 871 170 168 168 164 169 159 154 171 176 162 179 174 159 154 170
1751.312885821567 0.895066065825887
1103.0146764269825 0.8891833523985442
1251.7701089249813 0.8312363375296916
1317.225621124067 0.9760609279259012
2132.9416333173754 0.9180179482108893
1753.7760924978488 1.1223135346115856
1961.164280530159 1.1254311252640266
1970.948963081601 1.0989066526741749
2115.5058902968804 0.8232642011697296
2900.1932464326037 1.188441017842116
1891.0950546454415 1.1525359190226814
1386.3989676549727 1.1663194586267216
2240.4802837115494 0.886126040253922
1470.739010828864 1.0392020591828603
1901.4011291023094 1.0418021937172928
