3 15
0.8190746424829557 121.77561323766788 551 62 89 75 81 82 76 83 96 90 84 80 71 61 92 67
0.8610741613636456 163.7769433137335 856 99 70 92 86 80 99 85 61 95 73 89 95 73 80 74
0.8986236680906436 141.81135299531883 989 86 83 93 87 82 81 72 67 77 90 97 77 88 98 65
1541.5576930926566 1.180733962865271
1001.8332909973743 0.8023756525665882
1829.13468587485 0.9505089505253745
2055.612922627756 0.9883387281182673
1646.1966722997736 0.8271472549071881
1946.5292236305008 0.8104077458866191
1537.3544754783693 0.8745461346359016
1454.2593699503084 1.1708642356059633
1464.8095567217604 1.1919835178484077
2229.0262842150273 0.8463640458288716
1754.1765805147115 1.0847311702749547
1251.1755869964459 1.1776986655928043
1664.7692008397255 0.8378694876681959
937.8277994338587 1.1340475506047751
2303.2528995924267 0.8778664943934331
