3 15
0.8586280154318003 140.86096974902864 665 79 78 61 90 97 66 95 96 65 67 60 75 63 63 66
0.8407616409685654 169.71206481890772 816 60 77 81 72 63 81 86 63 63 92 84 89 94 96 71
0.827101096003154 159.4164618215029 990 63 93 63 80 71 87 81 85 67 61 61 64 73 64 66
2268.3918647072323 1.0699247650432504
1804.9667778462444 0.8453606543756353
1754.8823199291846 1.0927728083378843
1187.370541624391 1.0013726855508056
1889.5876808740047 1.1698490981529266
1535.6738287969647 1.05379033881689
1361.439391839471 0.8522451509260033
1746.6808749170282 1.0259950651882932
1805.540592887383 1.179612082080625
1942.2502863020889 0.8268769602805621
1550.585131821693 1.1013891522985089
1656.0009681725912 0.8836085373270147
1569.2388401117503 1.03896739722053
1598.7699322235198 0.9768507028447424
2015.6593640284063 0.8247411195803501
