3 15
0.8507045288523777 123.48011886701912 797 91 67 69 83 82 73 70 85 89 74 92 88 65 71 85
0.8421557669806807 155.00218937744918 799 99 72 71 98 66 87 70 61 75 98 71 60 82 82 80
0.8329384120159059 156.17228485332328 879 79 92 90 93 94 87 77 71 92 94 87 94 75 80 89
1399.2969349215666 1.1673167716245265
1618.9891512954478 1.0866223381287468
1759.580069643029 0.8272652872767426
1751.1665759763118 0.8392413113820639
1534.5415748684973 0.9586796526121927
1779.0747879711644 1.1159420400690223
2266.5285714235306 0.844290541147036
2078.615253293806 0.8586696491204403
2033.784651826069 0.8802939970510564
1829.6700801559793 0.8905331069559274
1316.815262372039 1.1886734861191761
1861.723685388674 1.0877475244436314
1366.137873890979 1.1818144159066546
1050.958586921131 0.8338285398989064
2126.077761690555 0.8794688128596805
