3 15
0.8795378299078664 133.15535366339773 558 75 65 76 61 92 97 85 92 80 93 94 72 88 98 80
0.857978662390246 145.60102814045595 653 95 80 99 79 65 80 94 78 89 64 64 84 75 70 90
0.8086793421531233 132.62228896050757 946 77 87 60 65 79 96 76 75 75 80 95 79 77 70 89
1118.3852814510135 0.9604287344242886
691.8389290218846 0.9699660910519214
1425.1221583791782 1.0122504728317694
1647.1467852877618 0.9102246572747344
1375.2478035039476 0.8176535097916471
1286.9656182143344 0.916938735018177
1254.6815520213524 0.9601841623287886
1132.8110154386018 0.9990315604632727
1665.7438202220694 0.9104133377919198
1266.0076447301892 1.1150527529044534
1812.202205837913 0.8326455482720916
1426.5814611552296 1.0825660994790787
1669.5552120505317 1.0345626870679616
1080.3780805808483 1.1602500319404494
1544.7325702386872 0.9359927962234602
