3 15
0.8478529764304397 129.7230585775959 774 86 80 64 80 96 76 77 75 93 75 67 76 83 75 78
0.8738608126679082 144.91930651353888 838 78 61 95 73 79 79 78 90 68 89 81 83 81 67 67
0.813703407697979 166.09145903449462 954 71 73 62 72 86 83 96 94 93 88 71 69 79 74 68
1664.3162766211747 0.8558046951395584
1366.6663797895749 1.177689681021857
2102.1843685918 1.100529107509477
1558.185546175395 0.8164496403802675
1631.8328358472254 1.1305083440633232
1276.0781526944738 1.0074462622705231
1276.546802026942 1.157585276968375
1435.1231163951525 0.8681227415220163
2101.1123459608307 0.9159723548474223
1677.1758097706881 1.007088228567046
1486.076328933786 1.082723053422409
1120.5784834524547 0.920456483097176
1046.8759951785669 1.0038140670760947
2098.4208429153405 1.073803356193734
1603.9834298882315 1.1753870081219862
