3 15
0.8778630982662253 170.12325407788515 760 74 83 79 91 83 86 61 81 89 95 91 86 87 88 72
0.8256583133464759 170.7506180017088 803 65 91 98 70 87 72 91 82 69 60 80 61 60 99 92
0.8541074204995767 130.0471850766197 849 76 76 81 88 92 96 84 73 75 71 80 85 72 68 78
1636.3001167015673 0.8858668280986657
2034.20483553647 1.159511955089164
1471.0222963864455 0.9522707842823108
1131.5854604381038 0.915336601415068
1319.239422317792 0.8919008307881462
1346.5664869525801 0.9317164782678926
1474.0957924853296 0.8012805809898174
1957.3986882749325 1.1287420450303915
1801.6133939236981 0.8645296852972768
1869.0871240848167 1.003972204582647
1191.1861680484446 1.0878242486090173
1333.5810060446163 1.1818654870629561
1689.8777269749767 1.1448033582901727
1537.5004843951806 1.101370542029928
2154.8808734336617 1.138322644512226
