3 15
0.8180721486274553 153.62692903870754 546 80 77 92 73 75 73 88 88 77 78 72 78 75 82 92
0.8548016530153344 169.85474013820723 650 61 93 67 72 62 88 95 83 78 69 90 95 60 96 79
0.8979192755874883 135.58050763366055 998 96 67 87 62 80 83 74 90 64 68 89 88 61 79 85
1426.8775668519593 0.9235777536741285
1207.2118275330258 1.1922763377590195
1204.5448162674265 0.8893027667597975
903.6758162384236 1.1294962428356443
1896.864905118749 0.9086936606840451
1533.6974300143752 1.1167552863832666
1637.292468415484 1.0286690448288758
1204.7078515409899 0.9169456668280406
903.7578594486904 1.1711870361873795
1543.4252877732447 1.073373247213992
2162.446824612311 1.1015037206562184
1729.9498793589853 1.1759035074354114
2300.220028380062 0.8775275246221148
1161.9262602761817 0.9926193732437457
1676.8936322959626 1.0867771599310128
