3 15
0.8878328787054077 168.11387789166446 721 99 91 72 80 60 66 91 61 67 89 87 82 60 88 85
0.8668960050858051 127.78879288962638 804 73 68 72 93 73 97 76 72 89 99 91 72 70 88 68
0.8205497495699761 167.67655614096128 822 99 86 62 74 69 72 68 96 98 65 64 96 84 74 72
1583.5264627640363 1.0205314532820953
1224.4285231523463 1.0053720745266213
1717.0125837467604 0.8715638240837943
1750.3301542954819 0.93664691242974
1537.6732220487436 0.9675862167100376
853.3681232354498 1.16445776497603
1017.1517117596474 0.8190473824511862
1455.9841245028126 0.8803786669490057
2192.597768379375 0.829556283739447
1652.3828630413102 1.018730736675704
2249.0310137189185 1.1241165043818213
1726.3711860071962 0.8070909387234153
2170.905451504399 0.9577450594779231
1314.3188281624896 0.8336915204115364
1415.38168859157 1.102076705027603
