3 15
0.8244451592434772 143.36809251684494 580 99 86 93 87 80 64 63 96 62 82 92 69 80 97 90
0.8272025471845998 132.80410111735424 645 67 68 90 70 88 75 98 80 81 75 65 97 68 87 94
0.8076265479494792 153.61858812766687 721 98 72 83 92 80 75 96 93 68 96 90 69 97 92 70
1921.7419786684304 0.9053993285430775
1985.9565632064377 1.1860913878184807
1784.2681222662848 0.9199246897375479
782.3861829055697 1.0318466218492814
1858.0918870448995 0.9052197860780296
1772.6765492322515 1.191941702494334
1743.3999179438533 1.1538636200341112
1327.8827157535557 1.0157758345652472
1766.0343424761468 1.0400633301413806
2060.2278311917944 1.1713325706701279
2276.9785786322427 0.8907696494770301
996.3236300630799 0.9364850625807712
1479.4748915211028 1.093267074793017
1651.2990598162978 1.1860128449191696
751.0051947694354 0.8866128768714424
