3 15
0.873283048095315 130.21476055735172 613 84 65 77 69 91 62 94 90 98 86 77 79 77 84 62
0.8054822687333851 145.5336067579494 730 81 91 63 65 87 65 96 70 60 80 82 68 77 97 80
0.8992324642996635 144.538844145167 903 90 68 75 94 84 78 87 67 66 85 76 67 77 96 62
1463.1869414752991 0.9499392499522791
1197.7897371322765 1.1198975108189106
1203.7272194826705 1.0608187821594774
1143.518243293869 0.9497668082342504
1247.8042259340993 1.075051702596916
1512.0777213593385 1.082574929299019
1060.054227958604 0.9336893336040356
1625.5150012364547 1.0957082268352023
1977.5145998261694 1.1495398671879216
1881.4909502692835 1.0259297360508286
1145.1483755138818 0.9079321685881385
1782.7472534835647 1.171177917246866
1603.624380480847 1.137027964984353
1143.3937594358872 0.9645356222033501
1073.5312970772936 0.8709975953511333
