3 15
0.8882370457748504 159.16840138035047 624 92 62 70 88 66 98 80 76 68 86 91 87 79 90 88
0.8326568719156028 151.5393688685688 638 91 79 74 68 83 74 88 94 81 93 78 91 60 98 63
0.8681783369067714 146.62165325502113 890 73 91 73 85 62 66 99 64 88 92 87 90 94 83 62
944.8688890585196 1.052801884131211
1801.7281967840033 0.9590522665421981
1576.1510240922219 0.8988585138422901
882.1021069199883 1.0882257845347858
1238.1345297727087 1.170846900496891
1814.4861200064809 0.9328558846966172
1437.3713502084497 1.142255645443272
2280.5323788011974 1.1615676867224818
1203.5632887911786 1.1912091678640786
1417.0189348260703 0.8589604677005808
549.8480841371723 1.177473576032886
1641.0235629936317 1.1434928912141822
1630.2716846628725 0.982695434987867
1125.4233270853592 1.0553955714319296
1970.1531088820316 1.10913336970431
