3 15
0.8770617300639065 171.42924840787936 584 93 66 83 79 83 60 96 95 90 73 91 84 78 99 87
0.8999811922518799 148.38624503811195 706 82 81 79 91 88 60 74 72 63 93 60 73 87 83 77
0.8084134436020995 148.8906753360796 899 60 82 76 88 84 79 98 75 87 92 60 85 62 74 87
1782.672339394687 0.8891320806881878
1115.148543205059 0.9473280493876205
1297.7144212580665 1.0203431228449238
1519.037064918529 1.0445654782605116
1268.5968843716712 0.8136998097490851
1923.8944184996835 1.187739552955125
1636.8675938879048 1.1358380691836494
1561.9571765788705 0.9412661754106807
1606.0827532665533 1.007766037230979
1577.0467049010078 1.0772604404398927
1203.8787331818394 1.1029598576225388
1820.6856110927645 0.8386585097193838
1186.0443900471555 0.8520283259016389
1352.4423173468595 0.8634516554920468
1531.1718010359468 1.067419347817224
