3 15
0.8232606187449509 127.6044541453081 663 97 85 78 76 98 88 94 61 92 82 98 69 63 79 71
0.8155341361127768 166.57672711454958 797 89 60 73 97 60 80 66 74 92 97 76 86 89 88 93
0.8318196097916537 158.80216789844468 873 66 62 97 84 80 69 83 79 77 81 75 61 64 68 65
1187.3334960199677 1.0401838837998336
1906.107611142637 0.8918109342316226
1449.4998261271637 0.9905630240910136
1240.9551275512435 0.8870986427699591
1768.313522578905 1.1112565729528152
1689.7413053370533 1.1186313636125922
1452.1932077231434 1.0456173689467836
1490.7028778233362 1.0991899155917126
1007.7598118409076 0.8143670745447728
2408.842601538485 0.867070804212843
880.5585141670788 0.8487279031024675
1457.7844031414083 0.978614595314535
1144.713567530595 1.027581166963062
1231.1800617290573 1.1173995492586126
1288.6250966161426 0.8007934935485209
