3 15
0.8776657078464629 123.7715527505487 660 81 91 94 99 77 85 90 72 86 82 69 76 73 90 97
0.8916506209290077 134.23069891531077 850 81 97 63 92 85 82 61 71 91 63 99 63 67 85 89
0.8004953171938506 133.16466829227411 871 75 90 66 83 75 89 73 79 80 93 85 94 88 84 80
2164.048151925289 0.8693291402152813
2097.160943381078 0.9930931358512451
1964.6932169048644 0.8735943222797709
1382.8623959162542 0.8281983543538516
1193.9031322376818 0.9817198369585607
2398.1183615028117 1.0511633365724378
1431.034636519524 0.9039315091781398
2153.8392133128586 0.8337877537448836
1059.923361471088 1.0208657578008613
2099.81051029351 1.0493067398620284
1871.554154337795 1.0830203745296532
1382.4393918075345 1.1391151033210103
997.2279434415885 0.922677349877816
1655.4472521717557 1.105922510650704
1528.3228330476718 1.1889312506756449
