3 15
0.8842894271653577 167.97505164417936 745 64 69 76 82 63 87 82 72 73 79 64 78 99 79 70
0.8211819268539347 123.50561427193921 812 78 88 65 64 73 62 63 95 82 65 63 64 72 60 66
0.878334529328274 147.83397782713533 839 80 83 67 86 60 86 71 72 89 85 83 89 97 95 60
1611.877341091797 0.8687257311548823
1150.3327044457285 0.8472556444498306
1067.7358042523929 1.1320027384806937
1391.1590859069026 0.9182394436224809
1179.3651145100962 1.029397591705343
1465.4588634799024 1.1015033915904766
1585.9428227213061 1.1297688272913233
1357.0356951037118 0.9033354805117402
1776.1681691092208 1.1035931611687448
1508.0914983930722 0.8775267453346077
1497.4062770409748 0.952052830165456
1523.267552922095 0.8686153293381005
1728.6469269174772 1.1666098803217373
1276.3110153571413 0.9628289941218506
2303.83352705679 1.06549692841438
