3 15
0.8312765062941702 175.21369483436575 795 73 61 92 66 95 84 63 62 61 82 63 92 95 63 85
0.8362925100981506 178.02065514670346 888 77 92 67 67 68 86 76 94 74 70 74 90 94 65 92
0.8323378378698567 155.4438464001538 961 74 99 73 63 85 94 86 70 72 85 63 89 77 74 87
1927.802625039236 0.9740854272850017
915.2722309934521 0.9650217074224436
1948.7757015329357 0.920501571844399
1874.8444310656298 0.8457785987255217
2022.3695305475906 1.1301366069467638
1593.720685327877 0.8772231392259375
1347.7243958284687 1.037894548721769
1758.2836067797375 0.9048321686718399
927.6498539762464 1.1421457480916493
1173.361080107411 1.1001669930644937
2171.218931786747 1.025744921415161
1923.4158362225785 0.851163953959818
1297.9523957735548 1.0845409305533733
2043.1241732118808 1.0627166612318304
830.6067931265168 1.0061320449655022
