6 50
0.8133373735296443 150.0 621 62 69 97 90 83 74 85 62 97 85 78 85 67 73 89 90 78 70 88 84 66 82 76 81 72 61 67 95 68 74 83 65 66 92 83 64 95 99 87 94 99 94 79 98 92 96 96 97 78 93
0.860123151331049 150.0 660 99 69 98 87 98 63 78 72 69 62 97 83 97 99 74 98 93 71 76 79 94 98 95 78 94 83 60 93 86 88 79 73 79 78 94 88 90 72 89 63 70 64 82 74 88 75 71 92 67 93
0.8138839513299775 150.0 702 122 100 134 131 106 134 126 118 108 136 129 101 118 110 136 127 105 100 133 104 114 113 107 115 110 104 107 107 103 133 115 112 120 110 125 127 106 124 112 112 120 137 121 109 131 112 123 129 133 115
0.8804101268790576 150.0 765 134 107 132 138 121 137 104 119 111 125 134 119 134 102 113 126 109 108 119 124 102 114 135 136 133 120 131 131 110 112 111 133 124 135 138 133 137 135 109 104 121 134 120 132 133 139 116 112 127 109
0.8529190335342921 150.0 799 61 64 80 63 79 83 97 61 67 95 64 91 89 92 74 61 96 60 68 60 70 70 61 91 81 91 83 67 78 69 95 76 61 64 72 89 60 86 87 83 85 89 96 95 83 79 74 84 94 99
0.8534479506942366 150.0 841 124 138 111 129 100 116 108 111 124 134 122 120 124 116 100 138 114 101 138 132 104 124 134 130 116 117 118 117 132 132 133 116 130 108 122 129 139 103 125 121 114 121 112 130 123 123 114 118 113 125
3728.0698257588533 1.0066112090240362
4183.117714311434 1.0275423338296654
3675.559648348676 1.0127986808268155
4492.461977371479 0.9437588344611298
3816.9155557124154 1.0015467060631742
4645.444552831451 1.1005992812532275
3091.1531020089724 0.9059462122965899
4190.767451462923 0.8473326922343694
3517.159000083657 0.9416283145842893
1960.629671653423 0.8870328031383434
4029.303855819128 0.8157965510333063
2817.7502525535588 1.1868619461898113
3220.7970285380716 1.1475845514720002
4479.514805895801 0.8715943758160193
4407.594084888692 0.9531213833145941
4274.108907686686 0.8123554426288425
4530.562144636917 1.1179589490958375
3294.0119744788212 0.935019905960288
2647.3034904774595 1.11683938953834
2274.886543351272 0.885331837906222
2504.7269764103794 0.91013194373029
4355.7134776197345 0.8115653448563073
2240.9605370912022 1.0728890323113685
4910.632025050222 1.1285429420177506
5609.07204092262 0.8605072258079605
2791.1839460974466 1.1218184291103812
4177.250646328081 0.8501332443642342
3332.3638981868917 0.9512481589759452
3263.150573112441 1.1754438269202763
1303.2342315505948 0.8542651158111922
4775.486269123009 0.9587441933870704
4761.871308757626 0.9240131990049241
2696.693368758846 0.8045428090278531
3039.269306852815 1.0723164182894185
5799.700046509323 1.160913942873394
2416.5923025981956 1.1424169325430424
3223.038184333696 0.8332874192153399
2729.4700500979834 0.9739188924242401
3708.4352413052834 0.9461134357474711
4629.31163674346 0.9689834111668701
3476.105092486821 1.1651095136172942
3843.6126492070907 0.998879290888508
2410.428852536902 1.022059486241689
2637.2513207872407 1.0020455294248447
4505.974574241584 1.1010672660722607
5337.119838190487 0.8891335782923047
4727.723276820034 1.1692657567249034
2617.7874305087034 1.1463692266513683
4303.8339394036 0.9802142698504027
2812.1249035639876 0.8739562898753743
