6 50
0.8347163274001859 150.0 534 112 122 126 109 122 116 106 101 102 101 122 131 129 112 129 110 113 119 122 120 137 111 105 114 105 112 135 125 108 122 115 139 136 100 118 115 133 125 117 120 105 137 133 105 103 108 129 109 139 110
0.8403440318213063 150.0 757 109 118 136 128 101 101 133 134 134 129 120 110 113 133 100 135 107 110 139 108 116 110 135 101 123 135 110 136 103 122 138 124 118 119 102 115 109 109 115 101 113 119 100 113 129 103 133 121 114 117
0.849841758883551 150.0 772 80 99 85 86 69 63 80 92 68 72 80 79 89 92 63 74 60 82 86 64 73 75 83 96 76 81 72 64 98 84 61 90 72 86 68 92 79 74 84 75 96 80 83 89 87 82 67 95 89 80
0.8712292003868377 150.0 831 85 70 88 84 85 94 69 99 83 91 71 65 83 91 78 89 80 75 99 89 61 79 64 77 62 99 63 88 94 60 79 79 87 82 70 87 89 67 67 84 83 82 62 81 68 80 80 86 64 60
0.8624321560974776 150.0 863 102 120 131 129 121 139 128 112 127 124 101 103 126 112 104 100 132 107 134 102 118 132 105 123 118 115 136 113 123 113 137 133 134 113 101 118 112 127 115 134 103 130 103 105 103 118 123 111 132 104
0.8561658977569588 150.0 894 71 82 89 71 81 98 67 61 68 66 65 91 79 97 98 82 63 78 65 65 66 75 72 75 65 67 84 61 73 68 61 69 97 65 84 61 98 84 83 84 95 78 89 98 85 83 75 84 82 75
4321.04163955886 1.0143553428027432
4097.420940764934 0.9658905616536495
4505.2180993395605 1.0811971991008809
4409.118496401287 1.1817481605499491
4072.736486087876 1.121446055890005
3737.161725477397 0.8634040113504586
4173.106405369901 1.0880092452374779
3485.9541706839786 0.9559147945713133
3990.4078286437316 1.0112904395936995
3831.94711706987 1.1600397595930025
3684.10101658623 1.1357139975123733
4534.428369293448 0.8594842419720279
5196.1483978456745 1.0123186483015167
1859.019968779312 0.9745576991875374
4512.674964843454 0.8271202121480554
3010.1022575808734 0.9414683233935234
2447.598289899396 1.0972857625748174
3995.9297984413465 0.9285435200068013
5303.444605476198 1.0196060072349151
3996.7353731358626 0.9518846221253422
2451.7549341072877 0.9401748308214669
4697.861713152593 1.1982844957732572
4152.997391808287 1.1831951400405523
4389.627339195101 0.9870039730506764
4580.634106641366 0.9268223979350557
3752.3665202157504 1.030075599031013
5485.979723094485 0.9414069599846739
3383.6555790351385 1.0381301944102803
2835.3733805836578 1.1036052014976625
3316.041492532036 1.1293709331377835
3159.127033829425 1.141362962055661
4669.400102831336 1.0789026486051871
4753.800821722674 1.153245704513175
3075.2925380215047 1.030536903249097
5256.668951485339 1.0438686230082554
3525.7514073198076 1.1531905468621921
4337.022751690788 0.8768159208038118
3269.0334220875056 0.8885059069432256
3714.4756585065943 1.0637240465253572
5372.760696571552 0.8680762750459737
2417.432088030921 0.8688934362718489
5239.866726618374 0.935151920099609
1532.54706640333 0.985495723513597
3150.8460268435338 1.045308012542555
2501.1126582319685 1.1018497128911653
3211.82738735799 0.8267779155763451
4353.937051386668 1.0918946887929897
4702.248802768013 0.8082629512596076
4222.948865961568 0.9090002032872353
4832.6224156712515 1.1728205790972062
