6 50
0.8350591720242428 150.0 516 77 66 79 83 72 93 73 68 64 60 91 73 69 92 90 61 76 85 62 76 63 66 91 84 87 74 66 79 96 64 63 72 81 65 66 92 97 90 84 61 66 65 95 74 69 80 80 82 96 72
0.8288710640046455 150.0 581 64 83 83 75 79 79 76 86 91 91 83 72 64 91 84 65 77 61 84 70 95 96 78 81 64 77 98 61 60 62 88 93 81 88 64 97 89 78 90 79 96 67 99 92 64 97 85 98 69 69
0.8751102701180609 150.0 664 127 101 121 135 107 106 103 125 105 136 103 105 113 109 100 102 117 137 120 130 129 136 111 117 102 138 128 118 119 115 124 121 122 129 126 134 113 139 125 137 117 119 123 132 125 129 103 106 119 129
0.8474085406373917 150.0 763 119 125 110 122 113 111 111 109 108 119 139 102 135 104 114 107 102 126 125 122 125 123 110 111 135 112 137 115 124 106 117 117 108 133 138 135 109 124 110 119 112 104 134 121 135 102 130 114 126 137
0.816154614792292 150.0 808 111 117 107 133 114 139 122 133 109 118 106 134 123 134 101 111 127 122 121 113 114 120 122 109 105 126 128 109 124 106 121 125 121 101 106 125 116 110 129 117 125 115 136 116 124 103 101 121 115 124
0.8047052552792814 150.0 979 76 84 97 62 85 78 85 76 80 62 95 68 78 85 60 97 89 61 75 64 83 79 72 65 69 70 86 66 97 91 95 70 99 74 86 96 93 79 76 83 74 85 75 76 75 62 84 80 88 69
2963.113572514511 1.1284535163329372
2155.031218277806 1.0834724538998042
3763.153797337537 1.1420525491712838
3944.548204512904 0.9093914725592623
2967.532447892219 0.9197827548399724
3872.737713807904 0.8744321551352308
4076.825485228852 0.9967892540640761
3774.4708192438557 1.1965003244606538
4737.477104679059 0.956750047594974
4143.766594103931 1.0685448755692453
3062.6535279926266 1.078978327632642
3272.5406920487035 0.8427180430986132
3513.8440111238474 1.0537482360500428
2134.0423797182957 1.1610551506873608
4023.5348037530407 1.1444905174544735
2623.5065507448676 1.0668784163605718
2581.2779243731447 1.1935136908358714
2639.6188495708593 1.055842134783149
1802.9041844027302 0.9122727343571014
2162.726857928308 1.1433537681524237
5561.110391410461 1.0828983740352434
3848.232167529012 0.9092594386335153
2897.128073905174 1.090691358190162
3965.191564743247 0.8734631183796445
5069.724891157294 1.0204298799124256
2971.2758437406965 0.8247130848091523
3921.388404938672 0.8341700216055505
3775.9100068656157 1.1441568322065072
3117.1502073127936 0.9365045995629848
4571.19354455302 0.8739237384109887
4167.997958907192 0.9162057949860598
2719.641544495636 0.9428917916336291
3360.501130109676 0.8991126598319182
3325.5431265143725 1.1083229045120522
3439.0871835620765 1.0005836545770461
3103.874309556123 0.8188248820100653
3688.7300577087262 1.0327033956300462
3520.5420916123403 1.0488451848378055
3579.49137728705 0.849912638197192
2098.5050474479085 1.154533296708546
3146.399882162625 0.9719534179406919
4401.774019800402 1.0701447037735083
3177.804072845894 1.0333706046485192
3169.2878201215212 1.0664570878608974
4049.413216891703 1.118013916319492
3620.936736248778 0.9143117524865917
4028.0076341952263 1.10955289954144
3874.863252752183 1.0530399628950575
4030.3979860422364 1.1841174002885106
3095.819262310285 0.9082684767168616
