6 50
0.8253842911094114 150.0 690 98 78 63 70 75 64 89 69 81 79 70 77 70 96 62 77 78 90 79 91 99 72 74 62 68 71 75 65 64 60 74 61 98 61 99 74 87 74 61 90 99 97 99 86 90 70 65 83 84 71
0.8929887343670407 150.0 892 107 104 106 115 130 117 110 108 127 137 109 124 132 107 112 125 139 111 110 131 108 120 114 104 122 117 136 105 106 124 132 127 122 112 100 102 114 105 139 100 122 124 119 118 100 101 111 127 139 125
0.8808683622798912 150.0 915 83 81 91 78 90 63 98 96 88 72 64 69 87 89 96 61 97 71 99 70 60 95 64 91 91 78 82 64 78 89 83 80 82 97 91 98 70 81 80 98 87 83 95 66 83 66 72 82 77 72
0.8268727282735202 150.0 944 108 114 121 100 103 109 107 129 116 138 127 137 120 110 115 139 135 109 125 123 120 100 135 126 102 110 117 139 135 129 106 136 130 119 122 118 118 129 107 110 113 109 112 116 128 121 112 134 107 110
0.8100744888674395 150.0 953 123 137 137 103 111 125 138 111 119 105 139 114 139 102 117 101 130 112 134 109 101 106 104 103 137 124 103 114 127 138 136 136 130 137 130 123 127 118 100 114 113 125 106 132 135 130 101 125 100 117
0.8262872346019348 150.0 987 96 95 63 67 95 80 94 75 81 92 65 68 83 71 61 77 87 81 69 73 85 89 93 93 88 71 78 71 61 74 60 89 91 93 82 97 66 94 86 86 96 95 83 90 74 74 65 78 87 79
2334.1696618033848 1.1934178275898766
3854.973758618427 1.1119672188800092
3639.929306600337 0.9782134722446599
4143.133066069022 1.149092940907936
2530.13929871471 0.9354673261692716
4299.225240767769 1.0866764765781154
2109.5796352433763 1.1432037958913448
3956.686599936295 0.8121051179328362
3209.792067507795 1.114447012702119
2342.9715134253374 0.8529098444292512
4045.868048533304 0.9209263522303859
3977.4139273916508 1.0017208761516367
1870.9431798869396 0.8836912386751119
1303.4091428002916 1.1311411291233935
5588.805087297886 1.0572775470947056
4937.437181128883 1.1349067849531822
3595.7960960001424 0.8556278299991242
4242.98873227685 0.9614654149893014
4574.8220389955295 0.9023343059132143
4102.402272461452 0.9593244811215687
3695.6613395474315 0.9669946290009668
3343.365509183183 1.0237648454486958
4342.075263435456 1.1945946123058415
3702.7138082804586 0.9806866375069959
3107.680037430915 0.8885875965927261
3494.423661677537 1.0649040285669078
4447.235942391567 1.191605348603026
3560.061235634228 1.0883805941506552
4926.748070203033 1.0529943559117392
4311.103960408413 0.9457048871331082
3386.32536158109 1.0679437704956758
5435.781858435066 0.9931267116665309
4423.977065061759 1.1726931149427593
4826.870000396802 1.0385578051158406
2927.282016386921 0.910219114355732
3157.384653026802 1.0811714755836421
4022.26631969919 0.866967393416995
2810.8800832409593 0.8515101001684835
3125.9950494584564 1.171784611271671
4067.343334456666 0.8328855954683161
3903.0831286936627 0.9081091413134457
3714.8576155393944 0.925272295912017
4473.056793524768 0.9499007313189927
4208.970395027001 0.9526334801828589
4215.162598380777 1.0279638200681596
4703.311276012739 1.1638716228679864
3548.589546984646 0.9890280330664385
3263.372726136721 1.1877658586155788
5846.277570748085 1.1628764946903953
3835.686860853566 1.1209322003550946
