6 50
0.8330579590680831 150.0 699 86 60 92 75 97 89 65 98 60 78 71 68 83 98 83 95 69 95 78 61 95 67 83 95 81 65 88 60 70 75 75 70 97 60 82 68 73 98 76 89 86 99 99 84 68 76 85 73 82 90
0.8735415238134402 150.0 835 60 86 94 82 74 76 96 92 86 67 90 72 80 81 76 97 61 78 78 86 78 99 77 88 95 70 81 84 64 61 70 97 70 72 66 63 82 83 86 72 73 78 90 66 93 92 76 85 68 94
0.8055540700061476 150.0 871 137 123 100 127 100 116 111 137 134 118 115 110 134 101 125 125 135 110 118 117 117 137 133 110 135 105 107 132 137 116 100 128 129 114 136 114 108 136 114 121 129 118 131 129 108 114 138 105 110 126
0.8509987698969502 150.0 933 73 92 75 74 87 69 75 64 69 79 86 62 85 93 85 97 66 92 99 81 75 60 76 64 69 96 94 86 72 89 98 65 92 72 76 64 68 91 90 90 61 97 96 66 85 82 77 87 82 81
0.8898862832442119 150.0 954 104 102 134 135 136 129 118 130 123 106 108 100 106 124 117 100 104 110 101 139 109 116 119 101 111 136 119 107 139 112 107 121 135 114 110 128 132 108 102 131 124 113 114 100 112 125 120 115 137 111
0.8370022650208543 150.0 979 132 105 102 139 106 138 117 138 134 101 110 119 133 133 110 126 104 101 116 125 119 109 123 134 119 133 101 105 115 131 106 120 123 104 130 117 138 121 135 115 118 110 132 122 127 108 124 120 123 110
4116.754024341229 1.0512837122554395
3611.8299403716896 1.0902265985660722
3167.7245239370027 0.8184224222863168
2586.9987810643624 0.8081255324874977
2407.8591273145803 1.1590546253082132
3720.4182977447313 1.0499757041427589
4645.801716320902 0.9001296523603562
3469.147994243724 0.8176833105704236
1458.9463642033443 0.835869564938829
3277.214721245965 0.9540939348284129
1867.5168641587557 0.9943157781234532
3832.6096413452397 0.9574407864454771
2780.046032025991 0.9306775776643434
3506.6353606092284 0.9997028356059795
3518.929451857619 0.8037255128673051
3377.1182941053053 0.9581590237287514
4215.832877975704 0.8147108522774522
2012.9589325369861 0.8135916958579708
929.7788478167427 0.8953038068012563
3819.885794623668 1.0244515733633348
3142.3170015078545 0.8555503571731975
3166.8677297039344 0.932078670395686
3367.3418063431723 0.8806516148076602
3932.60474422304 1.1212917207676396
3099.651506664829 0.8734147661461337
2473.330897970813 0.9571186353875
3773.2951497190056 0.970689675812229
5594.5239780170605 1.0761833835569858
4210.140507016785 1.1110208172652536
4740.253670462625 1.147264012975019
2480.158123192033 1.1194842603824635
1919.2633349750374 0.9156045355229937
4453.370562588718 0.8069117794739938
2728.0899875926275 1.0365522624307557
5378.04692573311 0.8795861474910613
4766.32957495322 0.9317529078935187
3640.2463755838676 0.9836325400273584
3920.798191353799 1.0544920782100582
5417.54692263847 0.9259075274059472
4395.916830942291 1.1232394148648048
4032.3099485196412 0.8480203786014522
3686.6534188352116 1.0204960508777254
2706.5061754464377 0.8696331387658289
5010.783868965923 1.1601770303014347
3055.1907769393565 1.1068398251317761
4240.454808915898 0.819009653222831
3609.43728876879 1.0509613429801572
3645.6562780517047 1.0489556438098504
4091.8175946180268 1.1190221272563567
2767.722678067335 1.1549203549884068
