6 50
0.835328684204858 150.0 601 137 104 137 124 129 108 124 125 115 109 128 127 111 116 122 105 136 115 134 125 110 138 112 108 112 107 123 114 104 125 105 116 115 134 136 127 103 100 100 102 124 118 131 137 129 115 113 111 127 126
0.8949927375387896 150.0 717 68 97 64 91 90 68 74 63 91 74 65 90 70 68 79 70 69 91 78 93 62 64 62 96 89 89 84 73 89 65 97 61 80 60 60 72 64 60 70 86 69 89 97 87 89 90 61 96 79 90
0.8732237520011774 150.0 859 92 96 60 61 94 89 77 71 81 83 95 92 88 62 98 65 84 82 69 99 86 95 76 97 93 92 69 60 76 92 90 64 68 99 93 87 75 72 92 65 99 61 99 71 87 95 61 69 74 74
0.8109694983544462 150.0 864 129 107 104 126 105 112 134 131 104 115 116 119 127 130 129 139 131 133 100 120 118 105 127 115 123 107 119 134 119 130 104 111 121 108 105 139 138 116 131 137 100 119 117 122 126 116 112 106 124 113
0.8596145852259003 150.0 925 65 84 95 91 82 85 88 93 97 81 79 98 96 66 67 62 61 85 85 99 84 88 68 62 60 96 65 73 80 86 80 60 82 79 64 90 61 93 87 98 91 63 61 61 69 63 74 84 97 85
0.8013447672253008 150.0 944 137 138 101 112 107 122 123 112 104 139 111 132 120 133 138 100 130 124 113 118 107 128 112 132 109 126 121 128 133 129 117 108 114 124 116 106 112 112 123 119 100 127 139 109 100 130 123 134 139 121
4426.4296876740045 0.9660969384909401
3638.1973998938283 1.0833491263441695
5158.480041588691 1.1741683656600126
1693.0425425240874 0.9836212473813017
4028.1833376845225 0.8966982908566994
4057.235741187002 0.9865047736803357
4894.655504361527 0.8518122837879099
5163.085248469759 1.0346515698221173
3806.993800400319 1.018360134006222
4152.262436442912 0.8290405180590295
3879.056578092501 0.921343896235382
2980.8060840132325 0.8490374927435003
4048.0843913299277 0.9772598607542247
4685.81778501808 1.1761539286238172
4739.149601178756 0.8882415278525179
3686.8665534248785 0.9318654794200691
3962.7654491746252 0.8839184574647151
5904.998936405755 0.9743907402938046
5114.002342091215 0.8304447546527509
3566.3267405473093 0.988059063573851
3212.013366209788 0.9018297230462848
4960.403230242072 1.011083641856302
5529.509523317326 0.8939102663470374
5396.283527275574 0.8209978399327981
3024.958656625452 1.029294244117746
3943.778747380898 0.8436598453831785
3728.733988091136 0.8880176858722321
2224.608626586067 0.8817840624820853
2903.060078187722 1.0772804246856547
3113.8192470256863 1.0796839606816842
3076.4223931804136 0.8318228935850376
2715.6554470453575 1.118575264784181
3267.437698289564 1.0434087053466705
5230.422936494054 0.8195883607705413
4530.624102486036 0.838573411115154
2243.5701593000804 1.0083919195900501
2721.8906049725892 0.9384797204952483
3924.3316654745654 0.8340085984855206
3275.544009718642 0.865953860942402
4566.401859271891 0.8504730064918644
3476.0615343749387 1.0069147481942893
3820.6667099678466 0.8192849544941444
3858.799519452115 0.9128143261061633
4266.417983005556 1.1196662995387356
5412.922815341876 0.9919979983771808
4420.403189799085 0.960208931103485
3054.7266939058204 1.0916521884303054
4566.231775580147 1.0185353968033466
1800.1981427117157 1.1150582482809632
5902.469102802726 1.1900278740759838
