6 50
0.8102840481175235 150.0 502 96 98 63 61 99 77 98 75 67 63 65 69 86 91 66 69 86 63 65 68 65 75 61 67 86 90 85 79 95 80 70 85 71 61 87 78 90 74 78 93 72 97 82 90 90 78 93 77 68 97
0.8423009957397875 150.0 521 127 100 134 109 112 134 118 132 112 103 106 105 103 105 133 137 138 117 115 137 138 122 131 114 133 127 131 101 111 135 106 135 122 137 131 113 117 137 104 104 117 122 109 134 112 112 128 105 133 102
0.862673422514154 150.0 672 92 87 85 74 73 80 98 67 96 73 76 76 62 70 83 78 89 83 60 68 96 63 65 89 77 84 86 82 89 64 94 84 71 95 74 86 63 68 84 96 61 86 89 91 85 87 71 98 68 67
0.8496580270850814 150.0 741 113 139 133 123 122 107 134 137 114 137 109 115 118 111 112 111 108 108 110 124 102 102 120 139 134 102 113 128 119 136 113 136 127 101 113 106 108 107 137 116 133 109 137 101 103 100 116 138 122 136
0.8269651948655816 150.0 750 130 130 122 106 133 102 138 111 126 103 122 103 137 116 110 109 100 123 103 138 115 100 104 106 113 134 112 135 104 119 119 139 108 120 100 100 123 126 103 131 119 102 110 108 137 107 135 110 138 138
0.8137641002776559 150.0 931 70 94 97 65 80 61 89 84 72 73 85 74 88 61 67 94 93 67 97 67 93 71 79 68 83 99 89 95 61 87 70 79 90 97 76 94 66 60 82 89 76 82 62 85 83 74 60 72 81 88
3440.9606965537814 0.8684771908546646
3743.396394863615 0.8684416297962984
3988.1387606885996 1.1600752651178456
3884.296287391221 1.1590970230116189
2435.7302676086983 0.830022918899955
4514.137176165247 1.062442005796812
4149.642422053608 0.8292340877819515
4593.185772038063 1.078097143501266
3778.682898134972 0.9210904326199124
3768.546268703929 1.0906431249794148
3199.246964049302 0.834181247226712
4979.602755582295 1.182480016989025
1855.4616307282256 1.1138219183790545
3614.9000149646845 1.1417421270646224
2713.8870573430677 0.8493566038813777
2503.505375978978 0.9057838281700553
2436.4280970861223 1.0949491074135227
5321.221764925465 0.9421730454767909
4252.191456684682 1.0320053334022468
4096.652864421771 0.9778717055156417
4389.826774369648 1.1128067432180104
4018.0825366676713 1.0368958512907909
5892.230102755824 1.0628710093253058
3553.773972139339 0.9438431972529352
5089.36404775692 0.8364398755232358
5063.158407019952 0.8879541484619835
2505.975968905634 1.0144435039728765
2555.7611533057798 0.9579285991062564
4901.700961249321 0.9079860740060242
4151.171097588853 0.975205928285565
4576.26108685718 1.0649033731847157
5074.987761814653 0.9520376732025453
4418.479808222557 0.823380648221272
3867.1545320478917 0.9696841497662274
5272.668934093592 1.1520539703267474
4992.823356871516 0.9303838171771965
3349.6493752296005 0.9336174240937201
3993.6727872467472 1.1341110824024496
3676.184876620453 0.9392975729798205
4429.167866092689 0.9052198445471041
3604.582712317898 0.8492395750762407
4620.011895308313 0.9648424367301931
3965.98687435321 1.1707499655914404
2423.6524085074657 1.0923604689063497
5859.2680823069495 1.1417021468319315
2315.20761782739 1.0521395731518912
3972.4196662006693 0.8844621358111756
4210.346516768233 1.0671729817481992
1979.8266819085904 1.0828894500579518
4445.511999167991 0.9134867973535513
