6 50
0.8216624036355917 150.0 609 109 119 139 101 129 115 114 104 132 111 103 137 131 131 131 112 104 118 128 116 102 117 103 135 134 112 111 131 109 136 125 104 129 123 102 131 134 136 122 102 119 137 103 137 117 122 127 124 136 100
0.8334033590469796 150.0 720 91 85 64 67 61 84 60 94 66 78 72 61 80 72 61 64 64 82 81 60 60 70 65 64 64 85 75 91 79 94 68 64 93 79 80 80 91 95 85 84 74 92 96 65 62 63 60 73 93 78
0.8289518737475627 150.0 812 139 101 107 130 109 123 137 116 123 127 127 125 134 101 132 117 135 109 102 102 121 115 108 115 139 134 104 118 122 132 128 122 108 120 121 136 127 117 111 107 102 125 101 132 117 131 121 110 117 116
0.8615840852932654 150.0 879 71 86 88 85 73 72 88 75 73 92 94 94 74 90 97 74 99 82 90 86 66 85 98 64 79 97 79 87 78 77 86 78 88 69 83 82 63 70 75 87 73 95 69 69 85 69 93 91 91 60
0.8257771420259042 150.0 929 83 77 89 92 71 88 73 82 94 65 87 85 71 80 87 99 99 71 96 87 62 73 68 73 87 98 78 77 92 96 72 74 83 70 62 97 98 81 80 64 79 91 65 88 72 89 96 84 83 75
0.8438911403894443 150.0 980 112 132 130 120 106 130 104 133 126 122 134 104 121 103 105 118 137 112 114 105 104 103 102 102 131 122 109 129 108 100 125 125 134 118 120 129 100 102 111 120 127 107 106 134 102 132 122 129 108 137
2812.7738102906496 1.0978265391274897
3197.915761568036 1.0278679095857886
3044.4974618878196 0.9968922769960549
3589.818062866783 0.9617716486134965
4023.1809852206343 0.9648673475026086
3027.3028589583846 0.8522741726970967
5249.815202858222 1.1312821162189586
3708.6253245506446 1.1938560995969145
2888.5889246474535 0.9864419141551162
4746.679256210557 0.9999419928474552
4888.7327489800045 0.8460210341146257
3024.0181630281268 1.0503273083653093
3078.604622909682 1.0681870919754342
3830.546790534334 1.1437821793546883
4472.126728406196 1.0282841069790454
4360.991685033451 1.0214558121542092
3830.974951635796 1.0078831760165743
3977.587275312519 0.9635890392247934
3939.3476587795617 1.0294827013669743
2938.839409094362 0.9836516127435688
2641.6668210205494 0.9553855559607782
2827.4735185165264 0.8571754779768529
2888.315066316788 0.9782730787363694
3874.0987661420154 1.0410683416098974
4400.031264569041 1.1400648049488558
3406.759175042437 0.9453858438080164
4740.629097596461 1.1894363526101324
4453.677530869432 1.0266181807754748
5118.285491229684 1.0013254647980392
3871.601995244651 1.056044602650184
3349.3295623444637 1.1518340580028101
3531.455014389625 0.9933040806282191
4380.074651065492 1.0964549402746673
2300.562967790708 0.9503032062161648
1890.708508122308 0.9746828942727503
3188.9793845198615 1.063996414536489
4280.717068500008 1.0366888408217616
4047.3112732066656 1.0214862692389712
5424.006309005783 0.9788692275257809
5740.915420442876 0.9806897978683374
4448.651420074099 1.1218572276962975
4853.489524796452 1.0018845076719751
2433.3861177241033 1.034922530192102
3179.2611655312485 1.1224477252913732
2557.0777268601596 1.026619939664726
3636.5202911468914 0.989093426411582
4023.2220878702733 1.014049964589287
2254.1073344305078 0.935002345189836
2420.102825351805 1.1284587026932802
3480.676275054293 1.025122509441248
