6 50
0.874442508819268 150.0 544 71 87 82 77 63 84 90 72 98 68 93 63 72 79 96 64 71 61 80 64 74 85 87 68 88 66 60 74 65 69 63 97 83 82 91 92 90 63 85 68 76 99 83 69 71 96 92 80 77 91
0.8736026949566461 150.0 772 106 118 100 139 125 111 124 133 128 127 110 130 127 118 106 117 122 130 132 101 138 120 127 130 115 135 100 127 114 114 113 114 132 121 125 115 131 119 114 132 137 101 138 136 114 129 105 117 105 106
0.8075863807185324 150.0 773 132 131 112 107 128 130 118 104 122 119 132 126 133 110 132 115 107 100 109 101 115 122 126 108 121 114 122 103 119 107 125 122 136 107 135 100 135 117 125 120 104 118 114 127 111 135 136 108 103 121
0.8255816878510495 150.0 953 81 62 84 66 99 99 90 91 92 81 60 73 91 66 88 94 75 78 61 69 68 79 61 87 63 99 76 88 79 85 65 91 60 92 95 76 90 91 82 61 94 69 98 86 95 87 90 66 68 68
0.896667092679483 150.0 961 125 101 117 115 124 105 104 125 119 113 101 128 127 107 102 132 126 129 128 126 136 132 117 126 135 105 107 130 122 121 117 136 133 123 109 105 102 111 122 128 125 135 126 112 115 108 125 139 131 136
0.8719577396109803 150.0 982 79 71 80 75 64 72 92 97 95 89 73 83 77 62 74 72 87 76 97 63 92 93 72 90 62 61 72 77 71 86 86 61 91 72 98 60 61 77 70 62 63 75 72 69 88 88 76 71 75 86
4277.359736233883 0.9590722808469118
3954.6936787920317 0.8197905511618225
4037.2070238044544 1.0790090651755606
5201.503405200194 1.0225711935884279
3147.8449050111694 0.8723920886985277
2684.105708369131 1.0686667113918196
4487.045738939729 0.8509498065680002
6526.367411963902 0.847640491654202
3928.8796813557883 1.0969861752432584
2403.0544002179663 0.9101045790844401
3160.045802340489 0.9043932969156455
3207.3523892275625 0.9636759498980416
4778.895032937772 1.1672542708005897
4215.613964383553 1.1712041698029951
3213.4221228208967 0.9002675407422983
4453.574426633477 0.8777800582536748
3868.434008857578 0.9250817221950515
1999.311278538664 0.8153206588290917
3124.8383733824567 0.8684172174902967
3859.0703206591647 1.0148614918831138
2693.945063390058 0.8508051851917735
6200.823622160646 1.118592769076363
3789.721829502175 1.196930449440844
4063.374913630368 1.0184676941348476
3196.6742348131065 1.0099401941607142
5095.330255034784 1.122569962745998
4716.886290413324 0.9096387059500172
5433.281994619509 0.8117105721525881
2147.6286831883244 0.8020520066905534
2328.102005887982 0.8484768628593703
2953.409359411439 1.0631118888119568
4927.696228341675 0.8737648719275773
3813.9171895115337 0.8860249869235636
2001.9352513926738 1.042136917121443
4193.025545004244 0.9160005333206683
5333.862416014833 0.9842215386462226
3843.892576678176 0.8356456778683624
4507.698871085695 1.1897116739283782
2191.3658689139606 1.1951431955680212
3417.0290095036303 1.087817810136833
4476.885278771143 0.8507466955788914
4108.934658683183 0.8239261105636173
2592.9239220330883 0.9833444435665964
2345.241751425091 1.0058016313007676
6141.481979824145 0.9778748949274261
2420.9387287480386 1.0675376973972512
5070.018055653228 0.9419813328991883
3219.8967054904942 1.1012756449943135
2426.758516834009 1.073826551079256
3642.327366456453 0.8359057785239875
