6 50
0.8242672486600796 150.0 550 87 69 99 88 68 69 62 75 77 64 60 63 65 77 79 65 91 75 97 68 79 78 77 91 76 90 81 77 73 80 96 93 90 94 60 79 98 89 68 82 85 76 68 69 81 77 64 69 68 96
0.8418836244777896 150.0 577 97 78 63 86 62 73 97 71 83 94 91 79 94 81 74 73 81 70 70 78 75 64 92 87 82 63 68 70 63 88 68 83 85 84 95 74 84 70 92 84 64 64 76 81 89 63 64 87 83 90
0.8149421938591183 150.0 868 104 111 105 131 134 109 106 133 114 102 131 126 108 109 105 137 132 134 120 130 102 119 131 100 130 117 118 131 119 121 115 113 124 132 124 121 130 122 131 136 121 133 134 113 126 132 125 115 101 110
0.8107732748823873 150.0 949 66 92 67 80 94 97 95 77 61 78 94 99 60 96 74 93 81 99 90 88 65 69 61 69 88 65 75 67 87 95 81 75 75 96 69 96 73 66 85 76 65 83 62 76 70 86 81 94 61 69
0.8826902352389068 150.0 957 131 128 114 129 111 130 133 129 104 119 115 120 133 112 116 135 111 123 134 107 116 125 102 102 134 109 127 121 136 108 115 110 118 121 100 129 129 111 129 136 105 111 106 113 120 108 106 105 103 130
0.889147517175856 150.0 966 110 118 128 116 123 123 131 132 111 109 135 119 109 108 104 128 125 125 126 117 127 136 133 127 114 102 118 134 131 103 132 122 105 116 102 118 122 105 104 105 115 103 100 134 129 109 117 106 115 136
2026.614334062986 1.0957342717026286
2752.8661933212966 1.0775241503931472
3570.4428326636967 1.1478735623083935
4651.250859845444 0.9048030298040105
3835.316368719179 1.1973417046645523
5297.013973209689 1.0799805782578926
5765.797254786616 1.0168163516024311
2139.9091680497104 1.0279014607882129
4210.032809205302 0.946829113686903
3357.5834511938792 1.0358424280070286
3239.9226945352716 1.0554611498340996
1819.4235005678704 0.8046247127610512
2564.1141966650093 1.0268680636032415
1877.412271997323 0.905127605675366
2498.7237257012303 1.028220637455264
1331.3644655810808 0.867172726824106
4752.9471333547 0.9841115697252103
3913.242247398699 1.0046062638728948
3427.7844287224552 1.1785529995460484
3838.650126897017 0.952748528873814
2459.6117346480432 0.8291911263642783
2587.9640965816166 1.1520063480420717
4042.632152669078 1.1060819084369924
3239.5132099571692 1.1260619098661524
4929.042720899679 0.9700915754932068
1584.7004886602892 0.8839620682188609
2780.4357286875866 1.121014585558528
4002.0412089200245 1.1209291524616265
3504.3748571655 1.0387799492444123
3042.8774760807705 0.9394852774704253
3708.156281196795 0.9136976276608243
3289.0313726742884 1.0417128990324567
2837.75028094286 0.8823142491586706
2760.8695544142947 1.1814003993079858
2398.3633433547457 0.9432258217426122
2991.8217842725126 0.9306299297287324
4017.7707162250845 0.9454433491222471
2080.191435711563 0.8230889032841081
3534.771749535275 1.010460243358017
4907.553485496017 0.9285426193799771
4500.811062345555 1.0140547074885624
2526.3442681648935 0.9935580399930777
5203.173137337452 1.196624723150301
4004.248413850086 0.9782613114597574
5398.461343311955 0.9632763334763943
2878.320151492823 1.056799353055246
2800.9145916454313 1.0118294682926652
2102.0618398566476 1.0584570590183218
3235.030415100944 0.8027257499131385
3615.469748714682 0.9057626089719456
