6 50
0.8458386427774801 150.0 541 93 94 80 66 81 87 67 74 82 81 75 68 95 75 75 64 76 79 65 99 62 89 64 93 72 63 73 71 76 91 88 70 85 66 96 80 70 74 70 90 72 64 70 72 63 87 70 92 84 95
0.8545304778854098 150.0 562 99 74 70 69 68 72 88 99 77 89 69 67 85 71 99 77 81 62 90 85 73 98 61 94 90 92 74 67 71 95 98 80 81 81 80 76 62 76 92 64 78 87 89 87 72 84 77 98 69 78
0.8537735751559118 150.0 591 114 129 137 101 125 104 105 105 113 115 100 122 135 133 114 118 127 137 103 104 121 111 111 103 139 122 122 125 135 129 128 102 112 135 115 117 134 125 131 109 138 108 130 104 108 110 106 136 110 116
0.8932239440064826 150.0 846 78 92 96 81 79 95 88 76 98 61 68 80 93 70 87 92 73 88 64 90 87 74 78 62 89 87 86 90 83 98 96 84 67 63 65 62 90 65 95 70 96 82 84 85 63 71 94 70 79 80
0.8851646004097862 150.0 857 124 139 111 117 139 115 112 119 119 101 122 113 117 131 121 121 133 125 116 109 101 122 108 116 119 113 114 128 113 102 110 135 116 139 136 120 121 124 133 106 114 124 128 132 116 129 109 116 109 104
0.8750478424798938 150.0 888 120 110 100 128 139 135 117 137 104 126 117 120 124 100 118 117 127 118 117 137 120 139 108 104 115 105 109 130 120 126 117 127 105 139 100 104 126 135 121 103 115 100 111 116 113 112 117 100 106 139
2948.4974788884524 0.9843158592123471
3466.7598875875037 0.9742089316485737
3938.987880258286 1.0240426173769173
3047.8268813306768 0.9604716088062696
4115.786176677754 0.8437629280169607
4098.942860611079 0.9650010592122745
3530.5860269829373 1.1045242694784658
2947.0680861291007 1.0727305514984518
4317.2215775005025 1.0477356690980073
4839.0578669829065 1.0534913490188385
4043.775218765055 1.12755425305122
2922.99776920847 0.9829243785117966
2738.150037898299 1.029033846643308
1996.7890238009215 0.8844368929863874
4796.9157357733875 1.1794028279076039
2944.649663600156 0.9743379933016219
4281.235667792902 1.1002999347294193
3706.636887898018 1.1570859893373315
3232.7425387987605 0.8237127321795377
3653.563559202411 1.0292826915990265
3516.358863734139 0.9930221972563165
3733.2355849816304 0.9968552712397006
4682.897310036806 0.8403252062847134
4526.7291565747 1.1661916005503712
4434.3087947744425 1.0585573550903016
5320.412094821253 1.1718468378576834
3124.64686588295 1.1367416777159083
3587.581448036817 1.1725543323618624
1749.9904017959348 0.9444209579346943
3449.2527093380118 1.0968671645401762
4090.353241444371 1.0078835106368587
4126.413423723415 0.8897798015646652
3309.214331425561 0.9404453866210047
2511.2502792556097 1.1995825969637872
2752.6251986322072 0.8686291628649634
3374.3210599644035 0.9133419373698318
2899.169882646784 1.0091599472020214
2325.330643431304 0.9857798388232086
3406.3273410754073 1.067923562861016
2953.5137879850226 0.9259856930560305
2405.6467076859512 0.8415988862649691
4117.7175089232205 0.966056436877298
2687.1325529956803 1.0219638039084227
2860.5613476133904 1.0741121621002945
4173.160067463128 1.1788091097334656
1271.918776556623 0.8593416024696053
4111.134002707115 0.838270531418976
4112.187380707536 0.9784469676239372
3022.656403350015 0.8369325367924325
3102.828462288832 0.8837434268409975
