6 50
0.8810784617067293 150.0 544 135 101 124 134 124 130 114 106 102 130 117 131 114 117 136 124 126 129 122 126 124 132 132 120 136 118 103 110 119 119 104 118 128 106 132 102 121 127 123 118 133 115 112 125 111 125 118 136 116 126
0.8581803790467917 150.0 765 126 112 103 125 118 125 128 136 105 113 128 111 123 105 137 123 115 139 103 117 127 124 118 122 134 100 122 119 121 121 101 133 121 132 106 135 138 103 118 131 133 135 112 135 100 131 134 108 128 135
0.8329818155746476 150.0 776 94 91 70 78 94 84 80 62 81 91 73 75 81 69 92 63 72 78 98 73 79 65 96 63 97 82 66 99 92 75 71 79 65 78 98 77 60 93 79 90 66 88 81 75 83 67 99 71 63 76
0.8983033764241071 150.0 866 67 68 71 67 61 66 69 75 87 64 83 93 73 92 66 72 74 75 76 76 91 78 75 60 93 71 71 67 73 93 95 83 88 89 94 71 67 69 74 60 96 66 62 66 91 94 81 64 77 94
0.8827200728561745 150.0 902 86 98 93 92 64 82 65 86 81 90 90 72 78 90 63 99 94 80 86 70 83 86 80 62 61 87 86 85 81 95 66 64 97 87 65 91 86 63 65 78 62 86 94 82 69 98 74 67 98 63
0.8611936238746497 150.0 977 121 113 100 104 111 120 122 100 105 127 139 108 120 132 136 125 105 101 133 129 135 126 101 102 121 101 127 138 110 112 113 133 136 133 105 126 112 107 109 119 133 112 127 107 130 121 127 131 132 106
991.0559856444174 0.8226349333806771
4247.584471826848 1.0244472485904657
4223.588994419023 1.0959558957368094
4489.362098794897 0.9818206672387093
3990.197115899161 1.1326143431735862
3302.8797381075087 1.1255327566645983
3816.3789751274744 0.9025231104003998
4030.813958928196 1.0697661969715817
3824.295865299288 1.131250816933177
4933.279729872097 0.9521216937118551
6089.473128530055 1.045350213577535
6393.705901455092 0.8433431057311747
5673.4838156711985 0.899055909545394
4936.594854792662 0.8282616016682863
4066.498998337166 1.05330276344013
5206.506030340951 1.1889446074697425
3676.6405323804356 1.0287769020795094
2969.4453835781874 0.8399590096493603
4247.214940173893 1.1642546206530051
4437.015768834868 0.9249237842713458
4586.391213130564 1.1737913831334872
3448.5066140463464 0.901432832957537
4019.4202422116564 1.0384217343096966
2310.444497357241 0.9302605343507039
4290.078290736798 0.9698598319077695
4133.874177300235 1.1742843163206742
4154.238757877477 1.1170376246343043
4934.907922030426 1.1894976355316704
5750.538906216632 0.9557921997209008
4897.0878463243025 0.8112260128903843
5196.038444007525 0.8556570444101328
4657.033475737476 1.0477144234328852
3751.16651501878 0.9919206243858245
3746.7735588313167 0.8337864093958105
4959.8339152372555 1.0677345740958484
2998.0155466476526 1.1970044319803925
1556.2547758041974 0.9514148147301082
4485.214397308385 1.1879410585583432
3592.930601969396 0.857245493399046
4835.496620469303 0.9518035846604798
2905.946833588473 0.8782850445013999
3292.1790299123495 0.9565026800148249
4322.399391559124 1.0474174211390286
3395.7946965154792 0.9081803162442807
2552.869945086594 0.8608495135567894
3922.635516690286 1.1561886293929486
4351.508028810293 1.0023107952854389
3896.4162202914795 0.9232628690419162
4756.413874989495 1.162431358162452
3982.496070781228 0.9891833133218193
