3 100
0.8770066005672871 150.0 812 90 98 61 66 72 86 70 72 80 71 67 92 82 61 62 77 66 66 68 78 90 87 67 89 72 72 82 77 64 99 66 67 61 78 74 60 61 77 98 64 62 76 98 74 64 81 84 62 77 90 90 64 66 60 70 71 90 65 62 79 73 98 88 71 64 86 99 65 68 76 93 84 95 90 61 98 60 81 89 85 94 65 67 70 67 87 73 94 88 72 95 75 90 63 78 86 91 97 91 85
0.8016665940718778 150.0 842 67 90 98 66 81 85 83 70 75 92 79 72 88 81 90 75 79 63 68 60 76 95 79 77 90 90 74 61 92 64 72 73 70 71 80 79 81 96 65 96 76 97 95 67 92 94 69 99 84 78 90 71 73 63 65 67 98 70 95 82 61 78 81 71 97 64 93 67 80 77 79 98 71 94 77 73 78 60 72 84 95 84 90 80 67 62 72 88 78 66 97 76 73 76 97 68 90 96 72 84
0.8348154850121619 150.0 879 121 111 105 101 135 120 101 130 130 115 132 139 106 132 132 124 102 102 117 112 114 111 121 139 135 127 130 101 107 123 110 137 137 134 133 104 130 109 115 107 115 111 115 126 113 114 112 105 136 110 121 121 101 120 104 117 120 126 102 100 130 110 107 110 136 112 128 101 103 106 121 117 135 113 110 120 113 121 115 122 133 111 110 102 118 134 120 115 130 137 123 113 114 132 130 134 104 134 121 103
6367.809972832573 1.1746923031255052
5040.275047988112 0.8343710999785618
4047.5658992891126 0.9149027337075523
4804.116222569991 1.16778645835095
5137.152036600564 1.0348166680759596
6390.039691743879 0.8758964032196811
9007.432872159769 1.1758337380320452
6192.334957383218 0.9740301201541808
4522.26032525267 1.0717563369859615
8513.22143743304 1.018881037613102
8852.280506631632 0.9696728080258717
4201.70249808237 0.9364139723958471
6750.383876677494 0.8967808303712403
5458.014674780912 1.1409829806266472
6409.955461899899 0.8848719727891373
5028.079956130596 0.9823248044496291
4036.9528823314417 1.015861677909503
5376.193065890112 1.137198913776776
5392.012649501044 1.1090690133138987
4207.476398113046 1.020196488098155
7171.668858205664 0.8198163643949674
6511.487737535057 0.9891414312877187
5107.394545420467 0.9311991969689624
4099.841825286822 1.1449021754283548
3701.1244785942868 0.9978110208800329
3505.508962250143 1.1909868019768124
3826.798195855961 0.9283529463365123
6577.468307308915 0.9462279574837196
8111.326683300113 1.1291625895692063
4563.146116505487 0.8820534350131096
4937.501328223844 1.0353719508460364
5150.958378657928 0.9565716178075312
6739.4333205549365 0.8788738544600856
4407.328894382505 1.0412110502152412
3796.2888357395195 0.8289519794374804
4818.018526480759 1.0691313572897798
5475.245459152329 0.8766391242759138
5167.997169110838 1.1329299040864647
7075.4181233799845 0.9535752255962179
5543.855785996164 0.8070133854987955
5225.071745532675 1.002435891776224
4718.72338270174 0.9393595753247432
6202.933900563819 0.9385368045438425
3866.7702200285266 1.149690101829439
4614.0784060160695 1.138036214955459
4145.116580071299 1.1213857391004187
3943.9360857398906 0.8796719587160158
4710.080972693974 0.9195165757207602
5234.114786396966 1.0148381552165149
5239.745626917359 1.111164467475866
4935.030449229515 0.8797612561005175
5082.59169932801 1.1035441929712364
6900.904455492314 1.0785842212045025
5322.9514397480625 1.0165356086649324
6825.983880039906 0.8950600398885138
6680.55448056075 1.065035666095901
4784.671393011182 0.8903646057269374
6572.576737445134 0.9604371337829407
7814.71453910532 0.9164334934339778
4871.554761726098 1.087612524971488
5035.425549849009 1.1689898512465242
5720.8100650208435 0.8728326491469861
4787.839322101189 0.9087350914826029
6552.138542687351 1.0464769755255856
4072.2515014414466 1.0739298676726765
5727.462310342399 1.1352756225340417
7856.738397948329 0.9161342033801287
8094.992204719659 0.8474820834029688
7345.744071093784 0.9027125225412401
4228.744964943196 1.1257879891390687
5703.706379644153 0.9251957531349289
5763.2518851172 0.8662969947391179
6377.884362153208 1.1262913020099772
4879.736076194651 1.05955456662054
4539.984136538222 1.0656020641712751
5450.946491760773 1.0287567454891267
4594.723998207444 0.9570697183074068
2162.9730917621387 1.1765039024843786
3803.0683120936983 1.0331868099687889
5104.549166062118 1.0175156092178907
7188.243034278839 1.1400855524483298
6578.806388365478 0.9643563543446138
5525.99914829053 1.0977119826219464
5123.687851154376 1.122815367084727
7019.6654956475595 0.8407140600089569
3034.701616150165 1.1677825779602737
7827.167004564645 1.1575412595942383
4963.406066630958 0.8939601445960919
4757.166840209432 1.1108865902033866
5255.235607072052 0.969449807512683
7150.065249015265 0.9639639139476559
4749.327402709412 1.1900373453210773
3432.804584068548 0.9078654412237971
3021.4987932903423 0.9409383870913952
4338.687592241774 0.9534119242117153
6195.54073859144 0.9143697054942189
5598.609638646367 1.086468286086822
6772.479108144719 0.8669515133300518
6584.821987822882 0.9331757049826482
7675.837817304004 0.9523823789533149
