3 100
0.8806111860060976 150.0 656 138 138 103 104 115 135 128 113 112 131 101 134 127 103 112 109 112 134 103 105 127 109 139 119 139 120 132 106 121 106 138 139 130 129 133 139 136 115 116 102 138 110 122 122 120 114 127 103 126 124 108 114 137 107 120 107 103 123 100 128 101 113 112 101 134 108 131 123 122 113 107 120 127 101 139 108 136 119 104 128 118 108 108 134 134 113 130 112 117 123 121 103 123 125 130 113 131 116 125 115
0.8636197845528178 150.0 796 84 87 91 98 92 67 87 72 68 94 69 85 93 99 88 63 78 70 61 92 79 89 67 91 93 98 71 90 73 82 74 89 84 68 72 79 80 61 95 99 87 82 76 74 62 87 83 99 95 65 94 86 71 80 97 84 62 91 83 61 91 97 61 95 92 72 80 72 77 61 89 64 96 67 64 70 71 68 66 97 63 67 81 96 80 63 69 98 63 79 67 93 93 98 78 86 97 95 73 63
0.81549116021562 150.0 974 63 72 89 66 99 87 89 82 82 72 86 71 81 65 81 97 95 68 83 63 76 66 89 79 78 83 63 70 83 91 72 71 62 99 65 93 67 89 65 66 70 86 63 96 95 77 90 77 86 62 67 71 70 84 60 94 61 94 62 91 98 99 89 68 98 66 70 84 76 89 61 96 85 79 61 67 73 64 91 94 72 68 70 89 95 86 61 82 97 90 87 79 93 94 69 67 63 85 60 97
4452.933026641933 0.9544123245930103
8209.616048304777 1.1595169808072672
10196.634071744465 1.0380353919008245
8186.141394651422 0.8656522843347925
1130.4716058818922 0.9252069925000872
5170.984949058439 1.087485977199614
5635.50037491316 1.159657856322873
6021.731167651765 0.8034476936614007
9412.521771317044 0.8975472686318618
4755.8297875003245 0.8858868338685225
5321.258879938005 0.9046466335560591
8969.864969266262 0.8191339056857609
8295.74036174321 1.167063791677847
6297.36635950603 0.8975484053540466
7587.007050794809 0.8020360186391188
7756.439822632313 1.1668796431814727
9515.844291976955 1.0068015819835712
7104.232134457564 0.9257403383047969
5103.519593285239 0.804476979005138
7827.844572839523 0.8966305810126429
5238.873629326207 0.9401519206862834
6041.570313232474 1.071748621269348
2594.0057692997525 1.1086075745068489
6525.925249294198 0.8874531172526053
6613.944594634827 1.1226424655546159
7098.887781923084 0.9347605483944341
6777.6538713304135 0.8392550717847285
4777.2237738965705 0.9240133509190871
7172.191990099014 0.907794116853124
9751.705781571232 0.8156271992081703
9240.315906848144 0.8315500959174287
7884.538868937038 1.1869815421542145
6733.519794769419 0.9442255732161339
9211.783439298102 0.9487347219811473
5244.730972071403 0.9372624825757545
3528.001141513276 1.172196802990402
5741.505372754494 1.1330077751783227
6477.877723134656 0.9870387425481287
5915.942634316957 1.167095352428043
6977.331840616691 1.072938612485963
4162.986796694293 1.1628649826920647
8250.784999991096 0.9745369657741229
5942.461209203886 1.1358050042841707
8549.233581441946 0.9449640970515306
4021.394868583789 1.048572663016067
5867.030183399883 0.9215158554485203
7066.705255931208 1.0214710006281504
9197.867155373184 1.1829502289442724
7643.565748978129 0.8735834481251928
7975.232574835768 0.948593967233087
5400.569132304536 0.9731026194471104
3652.434863964836 0.9552235108437983
7123.716529424034 0.8914471325152898
8333.133539840284 1.0588636715135402
6043.562359856932 0.8398390327490113
7175.726223725337 0.9366324167924732
5119.084790882972 0.8736150091135957
5974.882614133452 0.9325382066654232
6653.512760231637 0.892234225000752
8672.94248200421 1.0283301130583835
5690.177268268269 1.105026155292087
7812.800970639843 1.1163847870874026
6521.5505351905995 1.130607082595323
8386.093661486193 0.8501694773805136
7502.944845813145 0.9569104215149161
7148.7938547967415 1.1149607945471143
7469.311608264834 1.186298514454164
5832.275566111804 0.8153680990139177
5242.11868850719 0.9006515749099206
3084.844595136664 1.0873248041666566
4890.00767955351 0.822362972501119
6044.685841872322 0.8656122114347558
3538.4804638548917 0.8190926984704882
10923.971070073843 1.1957202225743992
4178.894322063765 1.1108364763093352
4784.317020465217 1.168935647966866
7800.469453713684 0.8121000581605459
4612.629896293558 0.9204001366782631
9888.87362302206 0.9892637567663427
5460.48422821367 0.9738911582705669
6543.4129846698725 0.9844339675777246
9865.159118012894 0.8834470484870277
7568.635715262528 1.0146044895341488
4926.302399341814 0.9467073771974346
6791.878881314893 1.0877531319331337
4215.620363769234 0.9024418916853959
6104.24851527374 1.0379773019265435
7074.272411863369 0.9760509778591241
8016.210679523468 1.1506256408219784
4460.319383186729 0.8984177384289294
7239.559620321228 0.8502835055368779
4218.36830169147 1.0230051650029062
5649.798516112587 1.067657280850458
9566.490053696252 0.9610266626656855
9086.060502632281 0.8838057107617717
6946.827165245713 0.8891292933162467
7395.095266633726 0.8087698866174959
7728.157978898224 1.1541139929679969
6285.568500119418 0.9255279094129095
4821.598480907302 1.1150131741149625
