3 100
0.8543291006083343 150.0 594 83 86 89 73 76 82 98 64 82 98 69 90 73 65 88 93 90 62 84 96 65 81 67 83 78 97 64 83 65 65 69 97 71 90 95 64 94 85 88 89 70 89 90 61 61 91 84 92 97 62 87 96 70 86 97 90 65 62 93 79 61 75 94 66 96 98 82 60 87 94 88 70 90 89 69 63 75 98 75 66 70 73 66 88 70 67 93 62 77 98 94 75 70 61 82 67 80 67 71 67
0.8613258188772538 150.0 724 88 76 80 93 92 75 72 94 98 80 66 60 79 75 63 92 65 97 74 64 69 97 95 84 67 69 70 78 70 93 64 64 60 60 77 98 71 69 83 83 93 75 85 61 75 87 81 83 62 91 60 62 72 88 71 86 90 90 74 95 97 94 92 86 71 68 73 98 64 69 75 67 71 94 85 85 62 97 80 90 86 91 71 83 85 83 77 94 87 97 87 87 67 95 74 78 67 91 88 95
0.8874475179961554 150.0 889 121 119 125 136 113 114 115 111 107 113 122 102 126 134 104 134 126 137 119 137 132 108 116 127 115 105 120 106 115 124 100 128 117 124 120 121 131 120 138 122 114 120 131 120 102 136 124 113 135 120 119 106 106 102 120 107 130 125 119 105 118 126 112 101 137 125 123 132 104 110 116 134 135 137 137 100 133 134 139 124 130 116 119 102 101 118 139 102 128 112 114 138 108 133 112 106 128 127 100 132
4783.216527474034 0.9661665249572247
5167.946946335831 1.0769093104496323
6024.3304698631555 1.0200121313119828
6744.537981937776 1.0626577922424707
5754.830159535656 1.0062331703667542
3129.357936256342 0.801821984414478
6869.082720733713 0.9112541867230469
5488.938740680764 1.079018746880478
4843.863352583195 0.948516428774686
5808.172895204233 1.1908406260594864
6928.64412092506 0.966813710125796
3094.380754358793 1.1353201006855282
4551.391380263581 1.169342337083247
5669.02675023321 0.843604628273136
7002.4799820633025 1.0167476860848996
6268.76571567056 0.8926482267204224
2863.5438869519785 1.1377254996114654
7658.436870373564 1.0444885457880466
5170.318765945579 1.0753011496333127
4347.866230806089 1.1388895455721468
5908.131212211764 0.9594754873648141
5712.133746667442 1.126842469516332
4449.964095923696 0.8958867946542023
5213.151403007385 0.9729368284418466
5736.547083194221 1.0520968411734302
6530.895830303569 1.0921508303968772
5402.943756420237 1.0754457870967657
5276.489380691737 0.9201212950054021
4193.404628978126 1.0203051250391832
3993.127707692571 0.8322213957462534
2569.2751382706897 1.1684827880015185
4911.975974262468 0.9201515984250006
7095.95119645832 1.1742218946074106
5836.716601804442 0.9019533341472326
5437.9003120697025 1.1235750610292938
5401.051101772995 1.0695683164223893
4006.964659272995 0.9193226956821402
5134.139842710787 0.9043291982454825
7597.3092020473505 0.8395995885430213
6245.970945213668 1.1894875390933612
6466.658623167796 1.1232701129827536
4951.248970729572 1.1875893227411307
6158.035759209871 0.8279361352446217
4302.133312577603 0.8238324982300068
4750.963351202097 1.182109771210612
6190.585201655451 0.904619935458198
6191.888484048257 0.8366050006460225
6376.675053760394 0.9346959078744052
4613.023614577608 1.1062692755614143
3714.5099564997745 1.1405029826643804
4093.456302031759 0.921839514645805
2934.6276252032253 1.166674879685996
5128.809942784624 0.839726114083468
6062.144964736608 1.1656468956894228
6732.860163837706 0.9656769732080301
4256.540999989389 1.1903998169641665
6273.35490851603 1.0589063031414965
5922.101194247445 1.1143253047344737
5906.965844087058 1.1642874174696718
3399.2782728452894 0.8253016812330058
2367.1220916148154 1.0691833929984365
5951.229675227221 1.1352400241143747
5214.257847292098 0.9861979346452538
7504.323290983098 0.8202740317811228
6558.85384307118 0.9033382258790783
2972.6155732759626 0.832706017480049
5765.165926694351 0.8145899407957413
4651.456188789791 1.063198641915363
4064.219215936253 0.802084915163362
4948.384303802027 1.1168855646027613
6700.147607798846 1.0888545445858715
4271.8375322663815 1.057153798485014
5736.151722950753 1.097531376044067
7030.540538668525 1.0809939388738532
4785.131256089735 1.055413197272808
4938.935927826409 0.9382795158241155
7490.766854601632 0.8665306967726477
5241.764052449338 1.0673217748026502
6833.996088932355 0.8494903514511669
5960.066086783486 1.095195995221662
4470.456164392492 1.172664245685394
5827.788947094833 1.0021526034352013
5850.5114321847805 1.1838179767099655
4826.500696488479 1.1132761370833024
6446.352253176487 1.186094176850991
6473.572178828377 1.1080336629473742
5043.905675468532 0.8241775914861976
4815.901262832294 0.8783649952939843
4476.813223717284 1.1270730785517424
3813.3555377323 1.1230267523968052
4708.9475641696035 0.9544154524827844
3361.6992407444113 1.136187704166773
6009.047783633981 1.092412360463779
4826.123422837391 0.9300867715752104
4272.806507125856 0.8424564354994014
5568.3815771906875 1.0677530475119208
7353.9282317994675 0.9646797750462485
4150.845217106419 1.0665023182824984
5341.114107525855 1.1084147829099127
5182.903803518824 0.9922627205437728
