3 100
0.8958900653029079 150.0 667 115 138 132 125 139 113 131 102 116 106 136 127 129 113 108 112 105 117 121 112 132 133 131 113 136 124 106 127 105 104 117 135 113 131 117 122 114 111 122 103 128 131 110 118 128 117 116 123 113 107 103 126 103 127 101 130 117 125 127 131 129 125 105 139 105 111 139 129 102 107 126 125 139 128 105 100 114 104 137 113 138 139 101 137 108 121 130 124 118 135 108 131 112 119 116 107 104 121 126 137
0.8734134127920323 150.0 674 98 70 97 83 83 74 82 91 80 64 91 92 60 76 87 71 60 88 66 71 85 79 83 67 63 60 88 89 77 72 65 62 97 77 76 85 79 96 99 87 99 97 71 64 84 85 76 88 62 99 84 75 78 68 95 61 83 62 87 98 99 78 66 82 97 64 77 69 62 61 86 94 77 80 62 80 99 93 63 63 96 80 75 72 97 61 84 68 90 71 95 92 96 94 62 82 67 90 77 86
0.8265608076210592 150.0 748 88 87 92 77 90 88 71 81 89 92 64 81 99 64 86 68 63 79 92 84 78 65 99 68 70 61 72 82 68 70 63 99 77 91 81 90 96 98 72 93 83 76 92 78 84 60 76 73 85 85 61 65 82 63 61 75 88 60 86 80 91 90 99 99 67 61 92 65 94 89 86 67 94 96 74 99 65 60 90 73 67 90 71 94 62 85 66 72 92 89 62 68 86 83 85 87 63 94 79 91
8635.096518026216 1.0053850460220002
9539.610571994419 1.015624618636492
10521.751459456635 0.9368783569727984
6035.412969009916 1.1402882486870396
5572.275921810061 1.1432558293997688
6043.8784401504245 1.0740025542013443
4477.266725388106 0.9087510187648213
7447.153654337725 1.0662565776324255
5467.257340654013 1.191098194398126
8667.244864070024 1.198859589898773
8493.39205137156 1.1336134144473329
8090.744992397062 0.9609430141089126
7784.300695347506 0.9426184771589177
5526.540227417295 0.8546422199186481
6338.380420835179 1.0178925372459509
6070.9436611156025 1.0220290690827254
7026.070683641986 0.8681785197818244
4446.319599163609 1.0592100709204608
5193.973915759494 1.1508946885483449
8079.405051300995 1.0516124052080815
5563.521901657013 1.0805173045617127
7649.792148936243 1.04284829765762
6444.749261016389 0.8254721458762412
3346.342764083127 1.0083311166928435
4493.580022574715 1.076382799570467
6419.3554784433145 1.189272793593959
9567.434691266699 0.809042926994539
7684.042589173332 0.8646831433792533
6573.519079150705 0.9349784971184828
6516.703658949665 0.8326607633126761
5541.742062485935 0.8576679263244309
5335.9526101168385 1.1267876212689205
5551.601475929944 1.1110332123320008
4818.19178271962 0.8980764066171613
6240.556582028618 1.0229091616051775
5599.146375740753 1.110059516815932
9344.327715790543 0.8964272930293009
5787.67572210897 0.8421050308228227
7318.835294224906 0.9401677728206446
9592.181150200258 0.9240118495691603
6386.755779067145 0.861827212793947
5968.344188529766 1.107261278588064
5291.581133258823 0.9319995533942056
7876.191835439188 0.9436171173078634
6958.583020117528 0.8857389716273016
5890.734797826134 0.8400397921678676
10412.003412082446 1.1048751839089392
9665.622650955322 0.9168556661443569
4983.632885084081 1.1935419093677426
8482.711104396318 0.9335443463185883
6847.203321555908 1.1733773734754327
5503.94300094931 0.9320912258388115
8509.002564412272 0.9225674426599095
4617.337941683308 1.0146464852455788
9837.102964214362 0.8640313241810915
5587.273403396176 0.9312930971468381
4359.174409730886 0.9134123869099129
3965.6466913126815 1.067257156024036
6211.874858731802 1.0621212607698334
5736.445953429885 1.0152683310221113
6599.224304845243 0.9550237970083028
4029.255535348054 0.9882073660741937
6685.516864404791 1.1289418281840229
6665.152574319965 1.1508097720964703
8576.331999712718 1.0520634283505466
7014.522478538347 0.9696163355647591
8882.458616368887 1.1202909359927602
7476.410114826817 0.8415982124490358
6666.952687144497 1.1534814744408428
5985.681215516458 1.0530914278051986
5549.43909807942 1.0230637278732129
6383.918802812405 0.8445271330225838
7608.819802607933 1.1979481399038894
3528.2185271475823 1.0578632998408266
5374.129514148612 1.005189507494331
6358.153009172748 1.0386248204930122
7708.2065168883255 0.9146762050982326
7995.428075334992 1.0920844082057697
3456.0918714381737 0.9269778747481713
7593.913503872032 0.9318722946235802
7427.249338008262 1.1930576168371863
7955.402277214905 1.1188546710328788
6579.635756267668 1.18117028897072
8139.386413664452 0.9768712833234658
6762.646304466262 1.0007260705206251
9287.061116167704 1.058387008428126
6006.788278363903 1.1314145473837365
7770.516940546251 0.9105114069904473
7952.755095313117 0.8497079124060379
6774.776727304124 1.1329138522853854
7643.941653615462 1.1933333181640968
7753.4083466216425 1.0268974039577223
4707.227711817672 0.8501242614294668
6643.144102422501 1.1366590164324444
6691.075574848368 0.8373574685716605
7253.399374448061 1.1561340793121624
5449.443929825473 1.1171224938475894
5926.843203081038 0.8650342042171588
8848.676643868701 0.9739158778232615
6323.053832044354 0.8173771978223691
