3 100
0.8840472556051677 150.0 501 64 72 97 92 67 69 79 84 99 98 87 80 74 97 89 74 75 81 92 61 69 75 68 86 83 86 82 92 76 89 92 62 88 89 95 78 97 68 75 92 70 78 93 60 99 64 64 60 90 67 73 75 63 64 95 69 88 72 63 87 69 85 72 92 65 81 79 65 94 97 68 89 97 65 77 77 70 68 97 68 63 80 79 79 81 69 68 76 94 89 67 90 63 83 91 66 99 84 80 65
0.8760760729704564 150.0 664 65 71 76 93 83 65 81 98 75 91 77 80 82 66 63 71 82 80 71 90 84 94 67 74 97 96 94 65 85 64 67 72 74 88 73 84 90 91 81 69 75 88 83 78 99 80 84 95 92 87 64 75 68 75 88 88 69 74 83 68 87 81 62 60 68 78 70 87 97 61 86 75 97 91 83 99 60 66 82 81 62 91 98 64 87 65 78 64 91 62 84 72 89 82 61 96 89 76 94 65
0.8428384918938737 150.0 773 120 105 103 134 136 115 101 118 120 130 134 129 109 100 101 113 135 134 115 111 139 120 128 134 101 117 127 128 121 122 107 111 119 112 115 133 120 132 136 131 121 113 131 116 111 133 114 106 130 111 113 121 118 114 138 136 108 124 105 104 129 105 109 126 115 111 122 132 123 120 127 135 119 119 119 137 133 118 104 105 135 139 116 125 109 122 129 120 101 104 134 130 105 113 117 104 110 118 105 125
4282.283527738804 1.0089881446317
6568.833835690175 1.0902044502739396
5642.517513547483 0.904917619143981
7414.15798735104 1.0649548033909677
4161.791499392995 1.0413674806311168
4773.623571533799 1.1423359320683149
4347.996622103477 1.1808992164847467
3982.6050819062903 1.1393742861533878
6459.419341330882 1.0108888886210796
5751.25380708893 1.0584796492162134
4802.831144885368 0.9328611749545825
6290.969948384169 1.0941716251189155
5399.329294705701 0.9507688707798538
4693.867873166835 0.9618974774433788
5015.328515889124 0.9527004823673618
7033.314154707227 0.8210987304060786
5877.166732727899 0.8966649010483846
4892.036313800636 1.0765570373826052
6595.678783696545 1.1649654810451553
4524.625620483396 0.8886270981888337
5131.4330825432135 0.9842742772907161
6200.610370115094 1.0276255607462244
4460.8090802240395 0.878917679796563
6120.121025854307 1.0878077733001694
5869.237787263978 0.8738365398554225
6130.862729605554 0.8476742057992053
7286.296667588548 1.0889427699867147
4476.038977624089 0.8090197671666581
6519.440167194397 0.8353970840895392
6048.313667742064 0.835321740913782
5645.700291796186 0.9021020265533455
5135.762630154799 0.9140752856671933
3580.017442337427 1.1489008593018664
7526.233512090163 1.0595766018983475
6292.19598914354 1.0320868032740593
4666.728178090725 0.9313242664269303
4558.690825022072 0.9370597383334203
7130.922504702232 0.924043940652114
3338.801410029828 1.0992536102766146
7564.317975176267 0.8902452512141789
3316.978866758096 1.0435367219255176
4244.071507808068 0.8248904240924684
4820.452054748296 0.8665155694738956
4244.120551200092 0.8617490814754303
6550.420400671354 1.1901737055842747
5134.353028352939 1.108229818748545
5245.400414931754 1.1700722990699077
4587.616113348054 0.9607929323539113
7381.752206519736 1.145807811191108
5822.997587403209 1.0629020003074907
5469.321967624347 0.8157217542465853
4641.856033533265 0.9837058937634175
6077.010157827354 1.1829794677371819
7004.68670806189 0.9356846051527875
3881.4548449301424 0.9313107969910833
4900.159267917099 1.0047514553613366
5184.727208687358 1.1315834041101573
5167.2634438836785 1.0871506341672459
5041.508561922821 0.9434922821521512
6177.638159178756 0.8982113730530754
5671.056352763875 1.0411553962028866
5983.091612282795 0.9085059252652424
2223.621337671176 1.0145576287272076
2931.2783829727978 0.8996573971583732
7644.8441925840725 1.1904159320551468
6156.009979851951 1.1593259548313186
5119.880915514849 1.057143657742206
5509.728013580959 0.9940982490634128
6516.123051655832 0.9167353003839122
4944.9419227267035 1.063052198726002
3138.02389267664 1.018604881365661
5063.675555291298 1.0000456269726639
6085.609391118776 1.1595010552483629
6846.506335892199 1.1362284594236043
4150.48944169196 0.8958069570730219
5164.741203186004 0.9024622950125675
5683.651112845866 0.9533728112783386
5000.777155483256 0.8497749689474745
3204.4968260341834 1.0858220789492279
3539.2504764412333 1.0943938860686977
4621.219675124584 0.8016428269703351
4156.940060106737 0.9788089854684335
4302.805949580036 0.9667738180515099
5438.411536741425 0.9129954523241303
3438.6460638573635 1.16563122268161
6371.615926187616 0.8093857587775342
5907.531143028137 0.960823693554248
6008.757824861497 0.8407408861826502
6171.435892373043 0.8741628863601161
6849.3400879021465 0.9977992241591462
5686.974280418096 1.0238806301158272
6520.4101404694575 1.0003607235452674
5256.301964579315 1.1183754129746017
6107.471324633254 1.1437051383496029
7001.109581598183 0.9585535821770216
7298.800395923786 0.9429283578824454
4338.261858587488 0.8135243375936976
7299.531528921818 1.1776691674499271
5506.91205938253 1.1945767806919991
4902.921132297147 1.1292441958725474
