3 100
0.8075154994263543 150.0 505 123 138 127 125 124 114 105 101 106 139 139 106 100 116 107 116 126 104 123 100 131 126 128 125 114 139 109 125 101 126 111 117 120 123 101 124 139 123 117 104 102 112 109 110 138 122 137 104 118 119 129 116 102 117 127 100 116 119 106 124 101 131 125 121 115 118 135 109 111 107 115 138 115 110 125 126 138 114 134 129 128 104 114 121 100 123 108 132 124 136 115 116 129 139 118 130 107 127 120 108
0.8959793230614982 150.0 686 97 83 64 74 80 87 90 64 80 91 91 85 64 82 75 67 63 88 87 95 77 67 79 95 65 63 84 77 94 77 97 70 86 93 71 77 73 98 67 96 64 88 84 71 72 89 77 63 88 97 89 63 63 65 80 98 88 97 87 91 94 62 90 61 98 98 74 66 92 63 64 81 85 63 91 97 60 75 91 67 92 78 97 73 92 77 89 82 81 88 71 91 67 68 91 75 82 85 64 68
0.8234645132576667 150.0 891 60 70 68 70 88 81 70 71 71 65 63 69 86 75 63 85 62 90 64 69 69 79 99 85 90 60 76 72 67 75 75 95 89 91 91 75 92 63 68 84 90 75 90 91 66 65 83 91 60 68 62 62 87 81 77 68 80 87 87 93 93 91 80 85 75 66 96 90 88 61 70 80 95 75 64 60 71 86 61 85 99 81 96 78 77 67 95 95 77 69 77 65 74 74 64 94 66 82 75 91
7668.645018869626 1.0181586137212757
6494.349896645496 1.0574273577813265
7068.096733534081 0.8538722900728862
5190.950695585545 1.0204508169828044
9011.759597397104 0.9696147363340576
5372.98503313453 0.8685797525341322
7817.595605348756 1.1829979980977405
6603.672559394656 1.1472380623848075
5177.958133465544 0.9207308673927255
7501.730721230716 0.8125780547633223
6689.2409895221845 0.8801698577967196
4028.049383504529 1.1900779333040408
6867.443681696596 1.011944917213207
7860.708906991191 0.9809622380235801
6186.634692102106 1.0515220136724586
6512.241850159638 1.176510993934524
6526.716367038767 1.0231869018920068
5979.049209926443 1.0207831972929546
6815.939697722896 1.1343464748080665
7218.22634494575 1.0564892253968081
4306.474171110888 1.1841813226884343
7649.413639088433 0.8651709542218782
9466.271190409612 0.8943459432409864
6285.326874364539 0.8731781753536823
8650.234052155065 0.9560151880202519
5391.65927118602 0.8883135554049626
8235.486239346765 0.8766136500322445
6334.253452945871 0.9775633858810214
3975.5299464362306 0.8033283751118738
6177.341182427837 1.0412921217422482
7703.79455638442 1.188573988746716
6921.889024682899 1.1806086772055386
8847.49665106748 0.9747034819780738
7816.574870111667 0.9561402386707988
7652.571430001246 0.8638603852429183
3955.72429244521 0.8043453248777257
7619.59812468159 1.0490478411840267
8942.996720719933 0.8868565390367618
5218.0566457078585 1.020253877033223
7853.227642761376 1.1113117159607941
5143.918786430104 1.145117849338693
2581.1161975198816 0.8754143130838447
7418.446906204796 0.9522787506651523
3994.2582541092784 0.8871660015308952
5836.940244886916 1.115285102781633
9360.450185164244 0.8981815687100456
5960.690405081768 1.1142677603702817
6969.57534772201 1.1326113877899076
6733.70916599123 1.0097523318460893
2834.2808553127725 0.9006518306230543
8812.522474958398 0.823331734213864
9674.86961849179 1.1335297980650076
8634.79696993615 1.021214268159981
4751.788614180918 1.199997550477616
5209.234747157709 1.046530684370191
4507.693790518328 0.9748711654357528
10701.35226273003 1.046756473133505
7721.26027149595 1.1521714744485652
4490.691317970616 0.890841855189289
6877.791565759654 1.1424547378191419
6434.968028640696 1.1448713343978525
6668.928919778971 1.073206628724525
2687.936686002595 1.028701598269052
3504.5306464046516 0.867705191044137
6689.7554619050725 0.8426635521394539
8800.454320565024 1.0712177546641106
5549.691079751909 0.9861853821957708
3473.903137010172 0.9021883352146266
8164.945237533248 1.1424841969695771
4912.011097764844 1.1640075104111134
7641.392387944371 0.9872191061420013
5003.510036289419 0.8511653201696318
6454.980367872992 1.1113756542203745
6945.889420710881 0.9854932403118968
7494.614728704431 1.1275039316936386
9358.652174099607 0.8110963358255656
9619.446167736965 1.1078402476828426
6591.346184249662 1.1631824145800953
8878.641120160326 0.8001487286979622
6062.915584666847 0.8828836368243514
9472.314343403468 1.0135777465400762
4007.0444468821393 1.0159403125167648
5973.555209910027 0.8461095361802773
6347.187992505385 1.0658790803311011
6707.052063355558 1.0563541876197138
6172.416321701188 1.033761036576466
8855.762116357078 0.8493841623997367
5869.049259584068 0.8892843311840519
7913.515057228828 1.0966435699032941
8824.563594972697 1.1833858171721268
4408.350739669265 1.0796270690254817
8904.468209083245 1.0261117829217175
9534.747184705942 1.1899341702782298
9419.867948981788 0.9696811197450699
7522.933042226361 0.9515954850591203
6122.661361331167 1.0786391048618615
9078.658245225979 0.9225959778639639
6571.954655026512 0.8657410562161405
5593.827743999632 0.9197753142808045
4185.618082928183 1.1883227267534517
