3 100
0.8389970866046992 150.0 628 94 71 95 76 82 83 75 69 84 75 72 75 74 89 75 60 94 75 61 92 65 74 72 68 99 61 84 98 74 61 75 89 88 88 80 70 66 95 61 90 75 60 96 92 74 66 95 78 76 73 73 76 78 86 69 85 91 68 91 85 96 83 95 96 76 64 79 90 66 68 71 61 61 84 91 77 90 65 88 85 70 80 99 73 98 88 88 95 99 75 70 82 99 79 89 75 74 86 77 98
0.8180721634271892 150.0 844 69 85 70 61 92 96 69 94 68 93 81 90 86 63 81 87 90 72 87 67 76 88 60 82 67 99 87 98 95 80 83 73 88 96 82 90 87 97 64 82 92 61 81 71 72 83 98 94 99 78 93 74 74 94 79 61 73 88 83 77 76 75 88 88 62 85 78 77 76 70 65 86 89 83 96 75 95 89 92 80 87 66 94 93 60 62 92 99 90 60 97 60 85 89 73 87 64 78 72 82
0.841913832087103 150.0 980 125 102 130 106 112 128 119 131 123 124 135 135 122 125 136 115 119 109 134 117 137 139 112 136 115 117 106 107 112 128 131 128 133 119 129 120 125 135 103 109 120 104 129 101 132 129 103 109 133 102 111 121 132 113 102 107 135 101 114 110 137 100 123 135 136 124 136 116 102 103 132 121 111 126 117 111 139 125 101 127 126 115 137 138 119 107 130 107 129 127 130 133 135 101 132 118 102 124 102 125
5763.543811166241 1.0527122183556255
5516.544067554855 0.8195064716938677
6931.230294948718 1.0640721609459212
4804.35138743398 1.1775434545197196
5434.881086466193 1.0012556405608721
5034.364914816746 1.11556536840884
6956.873789526739 0.8487733122106582
3134.4280037667218 0.9776360994377342
4988.932262424395 1.0609744638917538
6451.1943435939575 0.9797115776869431
4431.5585211724965 0.9059167152262296
5832.338103323856 1.0014241607933325
3774.603045185188 0.8759481487374735
5892.0405803813965 0.8242273963704284
4907.886751096698 1.0283482429480373
5185.222843243542 0.8537429414852292
5487.570483707254 1.0160893438579288
7834.2276545738405 0.8631872618232174
5633.865704409978 1.1335330848139982
6248.674337113356 1.0361028405732784
6457.130206328111 0.9046590289763038
7145.612381226517 1.1454019371063082
4782.502580683782 1.1997928494817796
5235.360580708097 0.9486066800266981
6230.625703594068 0.9225592561565428
5158.750964959839 1.1762453450791068
4690.545857913062 1.0202039630548654
5809.454317933195 0.8170321479413137
4493.4456666706665 1.0406111990090936
6676.1752124328505 1.1736028299124996
6001.670734746959 1.0907245233494247
6869.5045184295905 1.0697486311831035
7147.250020482874 0.8968239258692006
5059.405231169665 0.9590526426352004
4983.245194827092 0.9410856555491639
5650.762222378438 0.8207873473844167
7624.442424864836 0.9145955768675869
4941.369063951985 0.8436596637129443
4418.163712954562 1.1823698872953003
5741.605629186454 0.8061816893434163
6292.820011270439 1.0835820319824907
5801.431893478743 1.0781086569884175
5530.951869576242 0.9177421294081661
6117.302894442421 1.119588908667459
6469.892782350429 0.8514399549421706
8427.990384751225 0.9551557003795679
4346.773775957243 0.8518054413777366
4443.455788433536 1.1632894602303894
5274.11498984367 0.9380591302256022
6179.511628284154 0.8788883402610782
5150.838841993315 0.8634916859878009
5129.015806080253 1.1624008649080722
5708.12822591351 1.1379305880858752
5949.437478114629 1.00830942846286
6318.521241439733 0.9279938317382104
4089.5034271949453 0.9170828742039544
4760.38811935026 1.1735458603656643
4418.617556187763 0.970353380439489
5776.253110190842 1.014823134988449
4414.988285674896 1.1676869341625116
7231.821764934648 0.8442913556222567
4699.256033815597 1.1822840166102662
5937.663004039419 0.8241037819639482
5818.382826738795 0.8844135199005724
5232.063641697541 1.042762241961252
6678.4042251068895 1.0403584993961794
7645.807856142391 0.820326154917228
5442.094529452255 0.9088635776094952
5895.601019698279 0.914760651488881
5733.15881734365 1.1317514697664757
8706.155029847558 1.181145137923731
5782.340299193585 1.096741544333127
7234.170005231754 0.9953768299329967
2639.813900400124 0.8826980688053633
1680.6259682010063 0.9682668109165562
6720.963899858624 0.9802161497598023
3312.770824139745 0.9926683260953137
6330.596186784275 1.1684816100981796
5687.659502569795 0.8189867369583413
3562.0415982318505 0.996273483943219
4972.748939613827 1.1573221465122985
6348.1787033975825 0.9212892450432594
4536.100377026931 1.1163284120809607
5609.764971211908 0.8202309809501782
4602.436805212622 0.8877283356785081
2222.9607075166673 1.0939585692990033
6246.859162029079 0.8337134824946146
6420.621858696683 1.025108934866121
4054.5220892822263 1.104626628394816
5726.621079730678 0.9570847426371073
5871.944949581364 0.9886697469368231
5610.079077824164 0.8258906636682802
3898.934379745487 0.844816801829349
5877.342616179829 1.0855442655356744
3745.831496905972 1.077993876736996
5962.7132936157905 1.107209857908643
8195.738510851617 0.8754956373617124
2125.453265837907 1.0648391901706553
7777.416679423743 0.8960931129060788
7092.007533610347 1.1334787141726947
