6 50
0.8557670224974874 134.32213509891898 568 76 89 61 70 83 88 98 95 94 83 71 68 81 89 78 84 98 89 68 86 63 74 77 94 62 91 87 86 72 99 72 68 92 63 80 65 64 93 71 90 95 84 90 67 85 62 92 92 79 63
0.8151012056223764 151.76323906642133 769 113 108 129 130 111 133 105 133 139 132 109 139 130 128 103 115 107 116 126 121 125 111 124 114 108 118 108 104 117 133 123 105 136 120 102 124 110 108 117 120 128 135 133 125 131 122 134 103 113 139
0.8522618928167289 166.92498328618169 879 104 103 122 138 112 131 137 131 109 106 138 113 124 101 122 123 110 119 116 124 106 132 138 102 109 104 106 115 102 122 120 138 120 138 131 123 117 131 129 131 124 124 134 107 135 131 129 126 103 106
0.8034409237647173 124.62330957087552 929 66 88 68 63 61 82 85 88 89 94 67 79 66 86 87 61 74 73 67 87 76 89 78 93 86 85 80 90 69 71 74 72 64 63 68 68 74 92 87 97 91 95 82 68 67 62 60 97 88 91
0.8803272295202591 173.95878283991408 977 101 119 126 115 109 136 118 105 112 101 109 101 112 106 106 124 126 129 123 128 107 129 106 126 107 132 115 135 115 107 123 120 134 130 119 104 113 120 112 130 115 119 108 108 109 131 127 108 122 117
0.8755999592252734 140.05052238898855 989 65 88 86 79 93 63 96 98 65 75 75 92 89 68 98 76 93 93 85 98 79 68 66 68 89 81 78 87 85 87 76 67 68 84 87 63 61 80 70 80 94 63 91 79 64 76 93 94 73 63
2300.719595297213 1.1921240708944905
3481.5368875472686 0.6473933390514812
4196.975078250141 0.9687780427102155
5100.256630054222 1.3151457578007513
2788.281916852162 0.945279274526545
3586.932095172154 1.151650725955502
4161.082059056342 0.6385515241990106
3914.371438796818 0.6455562266342502
3388.246959417821 0.7890947001647755
2885.139992035676 0.7266050917999859
3378.7624300924995 0.6103402786320936
3119.2562040614007 1.2057554710118206
1977.2195154924002 0.9233560858102963
3768.741714684084 1.1669877112125036
3066.688936472643 1.3681300002709447
5619.0071874602845 1.2655934158040798
5646.734831542695 0.828927434823791
2716.1460968745005 0.786618069613789
1867.2219692301699 1.1485657985103224
2604.18582033872 1.016030311206921
3467.751244153073 0.6134077068398823
2086.014217959244 1.2033381073618918
1663.066476472089 1.0440816794962653
3872.731283454365 1.364548215546349
4016.8977692155813 1.3021885213215376
4444.055667219496 0.6248138662472781
3478.9312056050235 1.0277186530629985
2499.4085215510563 1.326113378538721
1753.8070063497985 1.2370998410447454
4980.784138207676 0.6461686925654154
3575.607190872397 1.0570389696378948
4809.1621996418835 1.348695223839329
4815.473180388029 1.0970325775408445
5090.334004830099 1.3712996852825967
2272.381177069017 1.055744723380993
4436.904719152215 0.923048414837937
3177.871180141477 1.0777127624887461
4168.979640973633 1.039249627252262
4307.208564092415 0.6097211508999878
4330.4383636500215 1.116695259658424
3268.403984828665 1.3597255497051173
3117.0068938366435 0.6473106874009593
4422.021614301275 1.166382730135683
5472.463676901922 0.7863672400628485
3232.844056108519 1.1266836365030577
3973.6758542272114 1.0167468778148359
4552.246661270472 1.1659169862282932
3383.542444309546 1.296280171227264
3784.867840073006 0.9234975925324431
1838.918703185658 0.6790520021308128
