6 50
0.8175155436500237 127.59305291356289 510 126 115 135 127 120 116 117 116 105 124 131 134 110 108 112 119 100 122 121 122 115 117 108 101 112 122 135 111 123 117 123 120 110 120 108 134 102 111 108 128 111 135 101 113 113 104 137 125 124 102
0.8751767469504577 165.9152079954274 615 104 120 111 101 136 117 128 118 102 123 131 112 132 107 130 134 118 132 104 133 126 121 121 131 113 122 139 116 118 126 102 105 103 129 112 107 109 103 110 128 134 125 129 129 102 129 133 102 109 115
0.872123069281254 173.5753783898278 661 98 60 73 98 76 85 86 77 98 69 70 86 89 62 83 91 79 80 72 63 77 62 77 94 91 94 63 61 87 77 72 93 84 81 80 95 93 82 94 76 90 66 80 92 75 94 84 99 80 86
0.8185132669109094 175.85172389259677 681 108 100 116 112 139 104 134 109 110 117 129 102 109 122 136 126 121 138 112 103 115 106 109 120 138 109 100 101 108 131 116 120 133 101 112 133 105 119 138 109 103 113 105 119 101 113 130 105 100 115
0.8962750762882195 131.37331044374656 888 86 71 73 63 65 80 96 72 79 70 84 70 75 69 78 71 73 87 88 99 82 98 85 69 83 68 82 65 86 72 67 77 79 84 80 83 65 76 63 65 92 75 97 60 75 92 71 63 87 67
0.881901664051881 126.53767811540973 972 61 69 90 66 92 71 78 96 62 90 94 74 71 76 73 69 72 96 96 86 97 65 72 64 76 87 93 84 96 95 81 93 95 84 70 99 95 99 63 90 61 64 72 73 95 90 71 60 99 67
5021.198799337273 1.302284527897673
2356.605177405674 0.6405374369779386
5140.945237902821 0.9390300206743774
4034.520655630871 1.041500160135403
2834.8869297961637 1.1735003966301227
3605.85695394639 1.0843938421604036
4846.643221129061 0.7295535272344287
5491.348827561594 0.8215679281534054
2957.2597553480173 1.1519125087374489
5129.69218192773 0.7030730574278942
6724.298755375795 0.8061983719803152
3218.9123717824323 0.6060973176066584
3467.6583373325143 0.8366711298599581
3932.494075670467 0.8096614142577304
3990.854351275194 0.6434592893841609
2356.7451024632287 0.840853212026003
5287.67005455647 1.141355637459935
4070.748497105329 0.83201303240963
3410.5418109597144 1.009324952103976
3796.7698551624903 1.3312541314056945
4044.9215406731437 0.6257896238933288
3016.7570613975613 1.0184337573394817
3680.336163617222 1.0146942937346617
3713.3632912822363 1.128136921184499
4544.140208037695 1.2391943906515217
3946.7428233744045 0.6027743560569748
3537.5068259991926 0.7833657177519933
4390.959417659416 0.8793091928565553
4259.808808638848 0.6122263029676184
4465.43114428017 0.7970779008154874
2770.5273091819636 1.2718610977529576
4381.460865416078 0.9895191744093942
3404.9911274840733 0.7179466321866355
6227.308136061306 0.6121589954167476
2547.491223786693 1.0957238518764585
5158.95268073173 1.1079407790646443
3992.313884285311 1.1623844216406494
3351.2604330653826 0.7324015857686351
2314.1711192138946 1.3276705229215553
4557.945114068176 1.3429629148450561
5690.7035002514585 0.8072931654455034
4577.296313694715 0.7353419356535595
4294.863233530101 0.8806980183095889
3378.73800601097 1.2496486623095397
6009.227972179227 1.2321742945845129
2707.4718064475396 0.9425289170717603
4143.9300161914025 0.6584696065276658
5418.344451829328 0.8157970401707874
4705.665491316269 1.1221811918975748
3935.4059627406955 1.3541110146462667
