6 50
0.8292220739578217 143.00342590498596 622 119 118 120 137 132 124 105 133 122 134 134 122 120 114 109 123 134 110 136 122 101 130 123 138 101 134 116 138 136 139 110 121 108 134 108 118 130 103 136 127 101 101 104 126 131 105 128 111 121 114
0.8695347807776733 179.04180839274343 692 64 69 88 93 86 92 93 79 85 93 69 84 79 80 95 60 79 68 78 74 65 90 99 79 66 95 62 60 76 64 70 65 62 88 94 84 94 87 78 75 66 84 74 73 88 74 61 60 82 83
0.8694748524038957 135.92057953600204 711 70 81 82 76 85 68 95 77 98 95 61 77 68 98 84 60 80 98 90 61 70 60 89 97 61 94 81 99 66 75 74 74 80 78 60 95 78 70 82 71 76 71 77 98 85 93 86 63 96 84
0.8971946313894723 147.11987833130695 785 115 119 112 133 114 105 139 111 113 100 131 121 109 128 110 122 116 123 135 134 137 119 100 104 137 102 122 123 138 127 106 137 138 134 129 134 110 133 134 105 111 124 101 133 118 106 107 124 104 124
0.8640903016521052 175.10757712967884 881 73 95 76 61 77 90 67 63 62 96 83 94 91 95 60 72 70 67 78 63 61 72 79 78 63 60 66 61 87 94 80 78 95 90 83 60 61 93 84 82 85 96 85 68 62 94 65 97 83 84
0.8376336032627683 165.58526206778356 909 125 109 108 134 106 113 124 121 122 102 102 135 102 115 119 111 111 118 110 101 106 101 127 133 130 134 115 126 102 139 101 111 128 138 127 134 117 105 113 118 116 128 134 109 122 108 136 107 126 124
4333.353676261919 0.9269189723974587
5013.5515514415965 1.1727163023699765
3312.4217707971065 0.9051558660122958
3362.5328486428757 0.7719848296025167
2937.9215097843153 0.8576152611538608
4525.261678725106 0.7414410365726612
5250.327469136052 1.1657403295670146
3267.9848298154648 0.797830196629385
4739.054008740194 1.0869615079147992
4368.343799363958 1.2496894920246915
4276.013626358061 0.7263357004764893
3929.824043842836 1.2751734805600228
3560.011735067324 1.2124058772577868
3334.301218488114 1.3145466258474727
5690.509304406854 1.0248062812996404
6107.319624596068 0.6015655268538824
3833.0988386492627 0.8524785619896309
2747.2702611309733 1.2999444499393615
3690.6626125565217 0.8509360429306206
3991.5033917359324 0.7581108761498919
4528.9685720449 0.9146264294406814
992.7492151254137 1.377619335780929
3610.672072804491 0.6947857519644752
4143.739156325071 0.758474626661371
4356.6007999921085 0.7043509019770005
4341.034453085313 0.7650773360351188
4482.708282663956 0.9182042266020967
3742.308271859156 0.6258010996176977
3481.893626441096 0.9280698345487537
4762.699503959606 0.9118719973405197
5071.150668285278 1.1523402207509643
4824.199647573339 0.9470258634718154
5154.376438113501 0.7380716743365628
4076.68462841341 0.7462952400738515
4180.706054030521 1.359866082819583
4952.016535185051 1.1844510256769523
4570.101398739518 1.152523613687973
4136.894195451774 1.109314369253739
3971.0460471480974 1.164875311148926
2623.2294302374094 1.3345763343398203
2952.858234350547 1.1173690860961902
5153.374060170319 0.631302043125126
3456.396411124852 0.9215063158376164
5122.118592382032 1.3666032852559422
4443.3458338320215 0.7689553062856439
2957.8042261185515 0.91800841584452
3726.6830359017663 1.0541818325374006
4057.698468667754 1.2747597288224106
4233.978767551804 1.1624287510250917
3379.5799940131787 0.8632158706519051
