6 50
0.8422042842717747 120.69273562956874 702 109 115 134 119 120 123 113 107 133 120 129 104 130 131 108 127 132 135 105 132 115 131 111 114 109 127 118 115 109 102 108 131 112 124 127 114 116 125 128 123 123 139 113 116 127 119 114 114 125 122
0.8342134274488472 157.82380576302427 710 62 95 67 88 99 73 92 69 69 85 81 85 72 93 89 86 66 92 62 65 82 75 90 77 65 66 97 65 92 71 65 97 69 67 81 85 96 69 96 77 79 90 71 89 72 61 96 91 98 68
0.8887288667572856 151.85562185569393 756 68 89 94 80 81 69 75 90 73 66 88 80 82 79 64 76 86 96 89 74 82 85 73 75 80 72 79 75 62 68 91 75 70 96 67 84 79 79 87 71 66 93 66 97 95 91 91 77 69 66
0.870650474302594 121.15944730917259 891 133 115 136 120 120 109 126 133 106 115 109 123 127 137 127 117 110 136 139 130 123 103 110 106 104 138 139 122 104 102 106 113 122 111 116 128 135 117 104 138 103 100 118 134 121 103 138 107 132 119
0.8791590401862234 175.08458882066142 933 113 137 109 125 124 115 117 110 136 101 115 137 128 104 133 129 116 122 130 115 107 124 116 114 101 138 112 116 118 105 128 108 122 117 116 131 134 102 118 110 119 112 135 100 117 128 136 101 108 134
0.8858835255329 174.61273031205388 954 81 85 93 87 86 89 84 98 72 67 83 78 76 70 74 89 92 70 89 87 71 97 65 80 63 81 80 69 94 93 94 68 90 63 85 81 68 76 99 73 71 76 91 77 82 90 62 92 85 73
5524.323238589584 1.212030846558265
4663.104072430833 0.8323279883257376
4345.459320810127 0.6773784420758427
4456.291268619024 1.2248755765610022
5284.316793418975 1.2201065730600729
2427.7917985622767 1.3636313504059572
2403.234487488103 0.6824866877731898
4208.592261187812 0.6934478131599585
2981.380508988308 0.9459291974373438
4792.8365637763645 1.3000841103216987
4666.717473811768 0.8329567438974119
3787.468113015465 1.3732379516833448
3476.783322992103 1.0418733849242008
3854.4303796639642 0.9749829700658897
4213.80529875106 0.6816066397401477
3772.796914303372 1.3438531467651151
1877.7946715646617 1.10141700964757
3665.7291872899737 0.8690634173633076
3829.8457540320896 0.8976735071755828
4154.282784267888 1.1045815924265814
5667.1871017558915 1.1572310591706472
3652.642122865903 1.1873662293408649
4755.165434241133 1.2557304444838202
3198.557129671237 1.0679613234909286
3012.8505551106564 0.6617650285302519
3557.6432231222752 0.6293499466580337
3246.9240232997645 1.1074638595178476
3463.4143362762707 0.7392060864153427
3922.7111680031717 0.8678039656725902
5018.2524427465505 1.0886747436147648
2825.7302609429203 0.9610926616662832
3984.1353828860433 0.9684083599449302
3828.14539256103 1.0053836757309564
5273.886359688131 0.9861218809780647
4285.998955581187 0.975291545399934
4349.488907556036 1.0580693224773086
3288.926580710401 1.262303752240931
1947.2748883551294 1.3707392535345275
3682.9926292773453 0.9428624509188424
4259.01656110092 0.610431559446379
3285.952918696864 1.3299520134588394
4968.135608750861 0.9709940415567073
5080.492263626038 1.3927171903882738
4881.239597659603 0.8501562945445639
3424.920954742466 1.1117759366064814
3870.731642033023 1.392562404953312
4049.180889206209 1.0859551278318302
4539.939071038558 1.2769957350732717
3122.5004456889537 1.0838144042941997
3538.3572842843296 0.6957440138018006
