6 50
0.8698373081418863 146.6008829938163 638 78 80 75 98 73 96 98 79 71 63 83 74 84 85 62 75 70 67 86 77 68 80 81 74 90 93 66 97 96 85 87 90 87 73 85 71 73 61 66 85 70 82 72 76 75 92 65 81 78 82
0.8979981100891617 143.60528572788087 744 64 94 74 91 60 69 60 65 71 77 69 97 89 81 95 79 85 83 62 64 87 60 66 98 82 91 91 90 61 65 75 72 94 94 74 95 90 87 91 88 89 90 81 86 83 90 84 97 73 81
0.8286758671736908 148.5899535610957 783 132 101 122 125 113 120 122 115 134 125 108 130 138 119 103 129 126 119 100 128 107 124 111 121 109 104 109 125 120 131 100 103 106 131 101 127 103 126 130 100 106 137 109 125 120 102 138 133 118 117
0.8008490338452027 132.4856387726956 814 130 116 102 119 110 132 109 131 128 130 119 125 103 134 125 127 112 139 115 137 133 104 124 137 111 131 134 119 103 128 115 137 120 131 116 115 111 123 132 113 119 129 120 123 108 139 133 108 137 121
0.8512943602573568 152.1759717048368 821 86 65 94 67 63 74 77 94 76 92 97 78 94 61 64 73 72 72 97 65 91 68 67 81 71 60 67 79 73 75 91 95 72 76 91 69 94 73 88 74 84 72 62 92 81 79 66 84 95 95
0.8595060035979859 151.64095902950277 938 128 112 126 111 102 111 101 113 128 105 109 102 135 110 123 134 105 125 115 116 111 111 124 127 127 113 139 102 133 112 116 120 100 131 115 134 132 135 135 118 109 110 122 136 101 100 123 132 134 123
3243.170590281333 0.6113524568706732
3349.1171853407864 1.255532687598971
5191.240262873791 1.2406558910287568
3672.0185507533793 1.0088555977425144
3297.7263367163305 0.8257245017140851
4180.182852930859 0.9188048635556043
2711.179738979374 0.6310766780698136
4905.501232869118 0.6482745326118055
4960.929529539408 0.9991772333805569
5084.588542887871 0.8007240383999807
5108.580026140069 0.7985575128038414
3878.6682455780283 1.0916512188206755
2901.5473181406396 0.9409738573971391
3206.55618039806 1.191890145958546
2771.0186896451323 1.2363707507716728
4362.377571887625 0.712538998584788
3625.6602613355417 0.7372979866578316
5491.874555861463 1.0599942539960567
3080.4122268128485 1.1955846179175151
3538.848053201268 0.755835010235318
2770.196106314953 1.0000078359194748
4415.193104158641 1.262625906826519
3977.1347626209845 0.8520178709030556
4746.919568232214 1.0719782056225278
3903.832775431264 1.2573436074152244
3857.398331367487 0.8846367911802748
5308.875802809477 0.8647635388911024
4249.54098915305 0.8785519068853239
3995.465139507665 1.264179858031928
3915.9553897452156 1.340608872201663
4147.325692398579 0.9977258887768896
3160.1767074141044 0.7035774623251332
4047.8205540505037 1.0153388421608598
3899.8482132432096 1.1331232619235667
4433.153160851094 0.6152443253201977
5038.830561406446 0.9153209780742136
1792.4716498372854 0.9261513454464114
3703.6960246607 1.252933622060106
3367.162827661714 1.072013071236871
4446.897264183399 0.8768206158085338
4372.940439972865 0.7140367257127523
3702.580526959291 1.2165681040221532
3968.6981552471334 1.2814386173315397
3017.5353229321204 0.7025303894430294
2787.371100929463 1.173917440697203
2675.0240676032563 1.2795487925559477
3731.809323885308 1.2657963604533606
4108.026558228776 0.704097978220076
3555.8609991772573 1.365788850027347
3231.230876711361 1.3171349637378662
