6 50
0.8951930503607856 162.454979728095 535 113 101 111 125 111 123 116 110 137 112 120 132 104 123 125 123 132 107 132 105 130 105 108 126 136 113 106 139 134 126 100 101 107 112 137 122 110 127 116 112 129 134 110 125 114 104 124 121 118 126
0.8410423792058469 149.86173920218084 667 60 72 80 71 83 87 94 62 66 73 66 75 82 83 83 69 62 61 66 69 80 65 75 65 83 63 73 75 60 74 79 78 83 78 89 93 75 70 80 81 89 98 69 95 71 84 69 72 60 89
0.8249814246136681 179.0331932624939 699 64 75 72 65 76 76 80 83 89 70 93 63 63 70 82 81 88 60 96 82 71 98 68 90 75 68 91 87 91 72 81 92 88 91 99 76 79 74 68 86 88 98 85 62 60 73 76 70 85 74
0.8737063926032181 143.24767397655526 707 103 138 115 117 110 105 135 115 102 124 117 130 103 121 100 103 132 131 131 133 107 102 128 120 100 115 113 117 127 122 139 114 111 103 135 136 123 111 100 103 113 130 126 115 116 101 135 111 106 118
0.8427973051964378 179.56450820699322 935 105 103 112 117 104 121 123 132 130 108 121 139 122 130 128 122 111 100 101 138 123 130 127 120 132 108 113 126 120 102 112 120 126 117 106 115 107 132 128 118 111 116 106 115 132 135 121 117 105 130
0.8627993432398773 173.35781530741428 979 94 86 79 78 82 82 60 86 68 85 98 91 80 89 94 85 75 76 75 63 84 94 70 96 93 69 63 86 70 86 82 72 91 88 74 93 79 77 66 66 99 63 63 88 70 90 62 87 68 60
3320.0466132707334 0.6412175672024232
2854.5685433683993 0.9622536215430944
3138.775002333596 1.0017156522590698
4826.671597411778 0.8616095898792225
5955.312209311405 1.0023181115903939
2765.65661848512 1.2493110311314843
3782.673127910754 1.3718891476788293
3991.431132769473 1.1871270358198096
2274.7743848394775 1.3562556902355851
3989.1109813539406 0.9829489401820416
1816.2288271932478 1.2149360127772324
3913.079359756343 0.7046279629117658
2696.2180690797313 0.7042454467762201
3158.9911384474244 1.172766973895418
4692.4608710408575 1.0469371638798193
2359.3045166554457 0.8976522444009911
4410.8842916145495 0.7822444402998135
3833.971337859056 1.368863861059177
3085.063457138701 0.7193727370446834
2683.7416481716054 0.9795845543384619
3149.385762876305 0.6030525423304086
3207.7528113600442 1.131090692092826
2835.819188657059 0.6407628298779445
2339.226069529579 0.9241413316871883
5077.617402186218 1.1187585820680117
2693.14674025264 0.9103248721965831
3410.9753517735758 1.2682241388533617
4597.178906457802 1.0133558392203645
3741.1004857548965 1.0368479993974875
5138.1534886481695 1.356106642052632
5076.063662060969 0.8168751160426625
3980.8171530901586 0.7255257933718942
2476.7281582043724 1.3561459596280188
4191.436790107787 0.6683407033993514
3479.0446342508035 0.6935464796462374
2020.1016781106603 1.0788855786419038
2913.6698816333155 0.7187451861263665
2727.6586583754815 1.2135865643428527
3671.9491704190564 1.1705347571814695
4026.1832214282126 0.8687945905126622
4261.943639072502 1.2826865611628857
4488.387774957442 0.7700494098344564
3471.368578134539 1.395915880455751
4321.382677189252 1.3254516021109943
3795.624812560486 1.0423455459440893
5106.794092387584 0.9345315352729315
4053.952916380288 0.7617648449052271
2065.889469312884 0.8603663448699616
4461.865738334958 1.3448143550665637
4129.5898428348055 1.1994465491576736
