6 50
0.8711178742542385 139.1602790373796 566 108 104 124 139 112 101 101 132 118 110 120 106 105 116 122 101 132 136 134 127 106 114 105 103 133 106 125 130 120 105 114 133 106 120 128 111 116 106 105 111 131 100 115 101 120 123 123 118 137 130
0.8793593125680683 125.5407864806763 575 66 88 69 64 81 96 97 81 93 85 70 60 70 95 63 76 74 92 79 70 93 88 61 96 61 75 85 61 84 73 75 98 60 89 65 62 85 76 64 85 81 98 86 99 70 85 92 80 82 61
0.806270099006071 128.43275648303756 711 119 116 105 131 117 130 102 112 109 126 134 105 114 110 125 104 122 114 123 122 133 128 132 128 127 137 114 131 111 115 128 132 106 130 109 128 114 110 101 129 129 113 100 109 137 107 138 126 120 114
0.8052497150042939 178.40025106033815 712 110 127 123 134 109 105 105 110 111 137 106 101 129 113 119 109 118 104 115 135 101 123 124 128 106 124 121 135 103 101 113 105 101 118 126 116 128 101 135 122 139 115 104 116 129 129 134 110 117 134
0.8410539753361003 124.97835950357205 750 61 95 87 82 91 68 72 84 78 74 87 67 63 72 82 98 90 64 80 80 71 65 73 79 72 70 77 89 73 98 91 72 73 96 66 66 88 70 80 93 97 76 66 78 77 85 91 70 99 84
0.8771213478769992 132.79639513273298 843 87 75 77 94 61 72 77 62 91 89 71 96 99 80 71 83 72 74 93 78 94 86 80 64 67 61 62 79 86 63 90 78 88 77 62 67 84 91 81 68 73 83 97 69 64 77 65 92 79 77
4943.552194304438 0.6366733776433154
4707.4231072866905 1.065788219371788
4653.341555989998 0.6614264835068969
4389.289428123902 0.9004764904595163
4053.8366286181276 0.6816682328017504
3026.5693687363164 0.761435747900019
2761.656967727956 1.0006551733017752
4719.394444701567 0.8517985799596649
3742.640233110131 0.8069043120138925
5506.891181936026 1.2469557234917124
4035.8853936530236 1.2225605626634444
5488.650959487638 1.088207760766991
3031.544441594711 0.7890922857756479
6118.090421806315 1.1695560217322991
3533.1464842319956 0.9068332655421852
3994.765733463105 1.0774346260667107
2398.123883768535 0.7892901218984568
3917.167457185786 1.0048453392777794
2940.8393513883366 1.1364329728574356
2786.2745663685328 1.0405139262171657
3243.1714959778983 0.9007163697846396
3797.092545195892 1.0968914667455607
5457.007406266119 0.6954598274007504
3343.8137344617935 1.0546491522107322
5224.160455121984 1.3657437111979394
5283.411527615566 1.339771579315738
3601.780643369069 1.3434113382815733
4692.730987614886 1.254957016599963
3442.5780362519013 1.2744666967905673
5495.076635851199 1.1089364924100398
3526.635480524933 0.6777323349554238
4226.712276578965 1.2012802237078344
4556.757770769289 1.0507965545657616
2226.4854526939384 1.2645781928154514
3016.8300367980873 1.188493664487089
4945.534823582763 1.0968374296511427
3252.757501923501 1.0697438801959156
4707.388635484245 1.348018698665017
3435.7805864875018 1.0437753582142573
1751.7757201183663 1.2646931603802998
2682.354312309578 0.851213059941557
3272.692502865233 0.9010178110955451
3420.834352158565 0.9822129775908863
5141.246212703781 0.9582948077764257
4767.276634735001 1.341679954563393
3597.98212071823 0.6306520403416905
4685.916695992253 0.9309917215593954
3688.829958663333 0.9030141187684853
4576.811257325864 0.8491063453510578
4657.172096628533 1.1902248036680214
