6 50
0.8159627017245104 151.16131167835476 559 128 127 128 122 135 119 137 111 102 104 129 117 121 104 120 123 101 109 100 112 113 113 103 119 102 129 105 138 138 101 104 119 109 126 119 106 107 136 119 110 137 122 125 132 120 136 117 120 119 100
0.8333945185622281 125.69227831202456 710 125 104 117 123 121 139 109 118 116 135 132 134 129 115 116 108 105 114 113 109 107 132 131 120 121 107 112 113 112 131 115 107 102 111 123 138 123 110 121 117 118 138 131 120 111 107 109 135 112 106
0.893781086914041 133.74412451899173 711 70 79 72 92 77 90 88 68 90 82 81 72 69 73 74 73 86 84 94 99 60 98 98 97 84 74 89 85 72 62 96 60 81 64 67 80 92 79 67 67 81 99 80 66 66 69 92 83 73 70
0.8491576924015917 161.73187712798642 787 113 119 139 116 103 122 133 129 103 131 122 105 135 134 117 130 115 135 111 103 130 122 122 120 109 118 121 120 119 124 100 115 120 138 130 120 138 120 123 106 130 106 101 110 119 132 129 124 110 116
0.8613207093817116 134.43333076049225 845 88 79 75 98 87 71 76 77 81 73 89 89 84 88 67 65 69 82 62 82 98 80 83 72 69 85 95 61 72 88 66 87 70 72 69 78 84 89 71 81 67 99 67 74 61 77 81 63 61 94
0.8108139944254618 122.94825620438087 888 81 74 66 80 79 99 76 86 61 62 66 69 75 75 74 97 92 82 84 97 97 62 97 88 94 82 92 65 69 86 73 98 60 88 77 98 99 91 66 60 94 74 93 80 83 77 60 78 93 83
3056.103070343391 0.83024749104893
1409.6927123018204 0.6217574054921725
2191.8008392936754 0.7743307272451474
6045.5860176448905 1.1555809544439255
3449.9854390747632 0.826488906662625
3089.0205237795444 1.3317323446759861
3016.7152648706956 1.1504446812753746
3388.3982896112334 1.3980979511903915
4839.212902507575 0.7013395379838611
3104.075756514041 0.6533479400124976
3403.1654432937216 1.3405029798053696
2467.7507187524743 1.0614919792796453
4974.328308360736 0.9430458362143257
4184.303209164444 0.9985062985758326
3720.3973722872906 1.2493316858740577
5798.076352407919 0.9623636741587763
3179.6628649221575 0.6036452050324997
5103.202832527084 0.6118224009778281
3329.506008101117 0.7522318140802273
4440.014220894126 0.628666464518542
5155.374885348917 1.1070620721646194
3153.3729808627 0.9091665625091903
4271.87620552552 1.2890909687204046
4050.436271442746 1.0297271489958186
5691.67948097889 1.3271567092989702
3725.248106677942 0.8243547853769784
4122.542915680413 0.7382338124624286
2142.363773340435 0.9620146421156162
2733.8275128173673 1.168533407432649
3340.645439649926 0.7662029375431334
3420.620683670786 0.9763580445042314
5434.658319931617 1.016107075871607
4971.044702145711 1.1084291765666814
5696.598188499621 0.6109976645645588
2590.838839225109 0.8261910478690684
6951.623638941577 0.9733382390348397
4330.527300330359 0.6764215382763384
4894.231561723194 1.2302305527348263
4381.531992835221 1.0733945931310545
5181.409004992767 0.8418034309451797
4285.14834164654 0.7972634127736771
2780.460526895781 0.7711160479442098
4082.154715147673 0.7688394925968897
3194.4881731397954 1.0551679275878245
3061.757916820662 0.6150838009256276
4339.784193691002 1.241391252435144
3340.535423890961 1.1731152013159245
4891.831065726027 0.6814389775672643
3968.6546940748667 1.0714722247675987
2304.892913417499 0.9470631797789033
