6 50
0.8679890389622755 120.57878546624022 611 64 67 77 94 93 66 71 89 72 92 96 92 90 72 99 75 74 98 76 94 87 77 89 69 91 78 81 74 75 90 94 60 71 92 83 96 63 74 92 60 77 87 84 71 74 86 84 61 81 73
0.8549114303427618 169.00963164900483 797 91 77 78 69 74 79 78 74 70 99 69 95 74 82 85 62 76 82 73 89 96 72 62 63 66 62 78 81 61 76 63 78 94 84 75 81 73 85 87 60 65 67 84 71 95 96 93 64 72 76
0.836365927336553 149.68906590142493 816 114 102 107 101 135 130 101 114 109 113 121 130 127 109 102 123 128 115 138 109 138 109 108 112 119 131 114 120 139 127 120 127 134 137 115 101 133 111 130 113 104 122 131 123 110 126 107 130 118 116
0.8953115472882428 172.35888769763815 882 136 100 109 101 119 137 115 117 133 108 124 119 122 101 114 131 130 105 108 120 130 109 118 123 100 114 126 128 114 115 119 105 101 123 101 113 138 127 122 115 114 127 113 135 130 101 115 125 120 133
0.844574024290585 173.25380775120342 926 68 77 84 62 80 66 86 95 78 64 81 75 67 76 88 75 75 85 71 76 91 60 69 81 62 62 65 72 66 66 63 72 98 73 62 92 70 86 99 89 86 99 97 99 87 67 76 73 83 74
0.83153249463242 150.60144668021948 979 125 137 121 130 139 130 128 136 139 137 121 120 130 136 102 106 105 136 125 110 105 133 108 106 124 114 103 118 108 121 107 139 121 121 100 106 128 108 103 113 110 116 131 135 122 131 131 136 105 135
5306.110445800793 0.9959796967736391
5126.330691343143 1.1529423375885433
3784.3432132493112 1.1655981546189182
2539.562475964829 0.8252954656646152
5010.592821292226 0.9552127426139353
4142.131900451657 0.6086360712275299
2766.985529958959 0.9170692829636813
2565.9296990243797 1.3297780548237685
3764.1030115635735 0.6463057420471795
3696.0077529433006 0.9808107581895253
3381.965009139908 0.9943395465501067
3053.646248095013 1.2290681823421976
3978.4699228453974 0.7292860067800295
2564.8409421272854 1.002650962183431
5931.511870862376 1.0430139518000128
2211.331830642511 1.3030395702787068
4073.5711882847945 0.8101988610165402
4356.047166238226 1.0562864843453976
6167.14219850345 0.7366628621878876
1952.6852719503358 0.7221760209132441
1930.5063488633277 0.8393115763468806
4088.6678958704233 0.7292063627385004
2792.85879666116 1.3056373695452355
4037.902809474328 1.2432211186573507
2990.416614288713 0.6986595722050415
3736.854484016987 1.032909178397172
3507.322021341477 1.1286930760494411
3269.127162409272 1.2902055739129237
5532.66833926325 1.3428202175728885
4346.117076572399 1.118849309051106
4624.926875901597 0.8255110918915993
4680.816675907432 1.1586075356127181
4901.73718973722 1.0854497628447473
3318.5394261177767 0.6583029057910262
4716.532084398096 0.6357227131023037
3730.1743769783943 0.9146421427547549
3651.362756456676 0.7104554730080725
3480.9132665144652 0.7938696213383677
4190.527081637242 0.8671831501344242
2918.062753007706 0.9872034976037583
4238.063947962191 1.3530139118727975
3300.10963155198 1.148265344729777
1746.716900917497 0.6066430031674749
2362.0548003721224 0.8178274827627097
4379.927420156351 0.8015771560596393
3333.862500015772 1.055555237910654
3923.3527989465906 0.961997809633967
2545.0548310234167 1.100627522065147
4462.825800908879 1.3133438680023781
2298.9583261097914 0.7240125824791334
