6 50
0.8996795528907218 160.6873290296391 500 131 135 119 132 130 125 119 135 130 115 128 100 107 103 130 129 121 133 100 116 117 126 131 121 103 118 113 128 118 111 103 126 119 124 138 129 138 136 106 138 123 128 133 104 129 110 139 107 139 106
0.8476041359455823 122.26746822193255 513 138 130 110 109 132 115 104 118 138 108 121 110 105 100 116 110 105 118 106 138 120 104 133 114 103 114 105 124 113 137 124 118 108 120 132 110 121 116 103 124 104 118 127 120 117 106 126 133 133 105
0.8597425047586126 166.2313391554254 625 118 133 115 105 135 134 128 110 107 112 121 108 114 138 125 101 113 118 121 107 128 115 129 108 136 136 102 125 119 129 122 103 132 119 110 117 103 136 111 100 118 126 126 107 116 129 107 123 132 136
0.8508370423291494 134.8824097286411 862 90 73 61 82 65 92 94 75 95 78 72 88 74 97 65 61 71 78 64 83 75 92 89 94 79 83 75 90 72 97 80 66 98 64 82 83 91 97 64 70 81 72 81 82 66 68 95 72 90 77
0.8450047495611275 139.77039608362068 947 73 60 84 80 98 86 67 61 81 77 72 77 90 72 89 61 90 69 76 72 86 81 80 88 92 74 60 67 68 86 68 71 98 67 64 98 74 77 93 90 85 94 96 67 82 78 95 96 87 85
0.8221680906832837 170.1833625778257 984 67 65 60 95 91 65 96 87 73 93 97 76 83 82 95 89 95 68 84 84 94 64 74 87 73 65 84 75 78 83 85 82 63 88 69 69 97 81 83 87 81 80 82 97 60 82 89 82 92 71
2114.0490258212794 0.940459741841409
4299.319964925992 0.8101518532028891
5340.919075988037 0.6361208414072674
2980.1230690470898 1.3585935220477445
3455.940283886681 0.8978018121405779
3210.896464827022 0.8350178543227216
4374.219111133323 1.2873016937203283
3299.845397317376 1.2552398058368466
3997.571714338642 0.9215654418904208
3969.368082808511 0.7082730284669818
4447.544985291715 1.3211811156739381
3421.2581264145897 0.6758097449601463
5326.872842184088 0.7655005992719602
3962.29621055141 1.2990329196462844
4917.993743801467 1.0659677001712322
5474.791185974471 1.0282291412076927
3050.936258932736 0.6605615529701284
3579.137175757959 0.9221844672784625
2760.083361941861 0.9087944254706525
3878.003729273698 0.8803601418976821
4440.47135686857 1.182017979066309
4148.335531090321 0.8396268707257776
3553.569124932589 1.2575557827568717
3565.908087267879 1.3559360819981043
3525.264358754362 1.2973874587017984
3659.676875435066 0.7959508214064162
3459.6035710089714 1.3915498795174008
5287.150649197917 0.6371035653560653
5110.724101610458 1.104000566105847
2273.2207750001353 0.6378948428171425
2765.998168295053 1.1731545517664927
5712.528944717645 1.2006906325407412
3253.926923847313 1.3702530111951559
3283.957934499085 1.0502382553211178
1567.5706939819515 1.3098966191376662
2307.9940482813417 0.9632406432734064
4200.1805704269555 0.8659144938418777
4671.787927610954 1.1793710454698987
5298.6134048105105 0.9759902792180679
5133.758348422731 0.7876024301889304
2883.2218624883426 1.2828364572176674
4588.761639485086 1.272300437206372
4834.345622120715 1.0975910964691347
4601.359559783495 0.887277024197346
4962.847391176756 1.1703916583992149
5218.910370450204 0.7032767798188013
3218.9241828099657 1.0208979443809396
4579.309089051535 0.9615297532431077
3558.227045284635 0.9683524421368348
2606.0219330775226 0.843778569488598
