6 50
0.829156568231852 168.06452735190277 596 75 96 99 64 85 98 92 89 61 88 99 68 68 81 84 64 74 89 85 89 91 90 91 72 71 70 98 69 94 76 85 73 68 97 64 82 66 65 62 88 80 71 65 67 98 91 77 70 66 73
0.899256185108581 150.241120948437 760 80 85 89 79 91 64 93 83 61 70 64 72 96 70 94 81 64 75 83 79 89 81 62 82 83 88 94 77 84 89 71 90 91 99 91 91 60 73 82 64 62 62 70 93 67 88 95 85 77 75
0.8793838942029055 136.0305394228739 844 127 119 132 136 106 102 137 102 110 118 136 103 130 122 131 105 129 108 120 116 103 108 103 118 107 112 117 134 126 135 108 102 122 119 125 106 105 112 110 130 123 124 125 125 136 130 124 103 114 124
0.8026923568271785 169.18023764770277 860 110 110 126 131 133 127 116 121 126 139 110 116 104 138 124 129 138 107 120 119 124 139 102 118 109 127 106 135 127 102 124 131 113 133 119 138 104 130 112 104 135 123 137 112 103 122 122 133 118 126
0.8364381565435677 131.80587010549928 874 68 73 89 66 96 96 96 95 97 72 94 84 84 69 77 76 78 69 92 95 72 60 95 77 94 81 68 92 70 81 79 71 66 91 98 92 95 85 89 67 91 73 65 70 82 98 64 72 62 63
0.8758764450043449 171.8539084910813 982 115 104 136 130 113 130 106 110 104 133 133 112 100 128 131 121 119 111 104 125 108 126 126 138 134 116 139 101 136 112 119 133 131 128 110 109 126 122 105 133 132 131 103 112 122 139 135 117 120 100
2450.026314372776 1.3224834923893156
4257.068516165472 1.1969455644312093
3815.0608325831563 0.6307385659143631
1355.9547128738482 1.3118892854260502
3587.7303153970865 1.1168283896291076
3730.2466250813595 1.294782605962264
2890.381541036004 1.057495024785286
3744.942721468452 0.7396423388333736
3641.6907542550243 0.7725232517887484
3983.6752849551976 1.26381818782016
4026.0364404295024 1.310952309078985
3442.330245589704 0.801666808505842
3671.330742699041 1.2428750801108759
2828.270364138346 1.299661795956697
3843.4344042133566 1.383851486894587
2629.4095312842037 1.0086973494564369
2180.9093793185248 0.7681160917274039
3657.5331228650316 1.2728687505758407
1841.5730968670512 1.1289629336392182
3798.44022218738 1.071499152430556
2913.2906590751622 0.7727883974300183
2996.5472638188858 1.041071556654328
2437.519481362656 1.3204121898264332
4666.433354817106 1.1479845153670265
4342.72238703655 1.3464177171826068
5051.633155118835 0.6841715234457616
4166.373508183081 0.6306877547315308
5083.823275209984 0.7298635111078675
4733.506166060633 0.6999020649568011
4393.656374567491 0.6846708748331052
2368.1663238239626 0.8878799495291072
3791.382880047037 0.9428162965173026
3791.1966005838935 1.1178961249889003
3466.410188816727 1.1356642416891884
3307.2913147073555 0.8955384481562416
4393.973471639868 0.9090784682784703
5011.522293101637 1.032371852730154
4486.061195532149 1.0436819975354583
3074.7620878295706 1.191297090661116
2431.959056945426 1.373324120345278
3891.502574656183 1.1456977767380974
3169.03500360569 1.1872363670141441
4739.385821218476 0.6032545885756725
3037.443833027811 0.952658399207915
2762.6765003413643 0.9755236281462072
5053.198683963402 1.0330714160099514
3371.5260953691527 0.9634307525426407
3638.097919300084 1.2456987121652339
4882.46856927888 1.0365791786345435
3601.632968220356 1.256354881490532
