6 50
0.8262876082937313 157.24030078480254 559 123 127 128 115 134 123 131 111 101 130 122 100 118 128 130 129 127 137 105 111 133 112 121 121 112 137 114 100 115 103 113 123 110 117 102 122 122 137 123 122 118 104 104 137 114 100 110 110 102 130
0.8420446567876525 147.26531930579497 659 65 93 79 60 70 99 77 80 90 78 78 81 67 96 87 83 84 72 97 86 67 96 81 63 95 94 73 68 69 73 88 82 77 99 86 89 68 60 88 78 60 90 60 60 69 82 96 78 73 72
0.8388708432776383 145.77121146210067 768 121 105 133 135 136 138 106 121 114 133 101 134 114 101 137 121 125 104 114 124 100 124 106 137 117 107 128 137 106 108 137 123 114 111 136 123 110 122 104 102 111 124 119 117 130 126 135 105 123 110
0.8033585153615583 162.81854028669008 901 73 85 71 87 74 68 67 79 97 98 63 95 84 91 79 88 73 76 84 68 65 72 71 90 88 61 92 78 83 70 79 83 79 81 75 76 97 79 67 92 82 71 73 94 97 89 94 89 96 99
0.8326321793905374 157.98067143596586 926 65 81 61 78 96 78 60 67 87 88 86 95 79 66 78 61 90 97 64 83 72 60 68 78 74 62 78 84 81 98 91 88 77 72 75 69 77 82 97 89 98 89 68 80 75 73 93 63 63 66
0.8520155326204443 165.80029322821747 934 102 101 109 124 133 101 137 132 116 108 138 138 113 117 108 110 131 102 113 136 116 112 103 138 121 103 101 101 120 119 139 118 104 102 137 139 139 106 128 109 107 126 105 138 138 102 112 125 108 101
2913.376219619989 1.1400006854884839
3226.1297705873326 1.0300885816803131
4121.046663928957 0.864262859796334
2592.713180731168 1.3637587087056051
3195.226146069631 1.15980255472298
2380.197099162836 1.226152654829174
4710.3342435073555 1.1169585506206685
3649.776494392576 1.2452714651608416
3480.002718871598 0.7457313816115629
4795.354869706871 0.9122432015936176
4738.881832994035 0.7613724403546773
3260.448158861816 1.3002376453759978
6193.694943231923 0.6596625195639609
1945.2372373848336 0.9265224349507284
1792.089945941886 0.7396503926869985
3014.3857487958535 0.8310240534151394
6480.578894817176 0.871963280904445
4420.933838268029 0.622643770888033
5161.78613594747 1.2112371414433492
3247.056399030597 0.9709414694956349
4750.755747456446 1.0910374793476583
3788.58353550812 1.3992228652599943
2803.7646751969323 1.1166484542971178
3332.3238752766824 0.92147062068484
2353.356017033988 1.308981782890445
3168.519677937456 1.3928548579802575
1802.225080217097 0.6662894319719649
4020.812099446837 0.6218680787038969
4453.2285825728395 0.9298006933640738
2102.7608625534804 0.9592710030146967
3518.420206273299 0.6738116114802657
4336.771026125374 0.7276240116363714
3247.169373230425 1.1671170526258865
3611.7772502238076 0.9989430281796523
2732.2349840207007 0.8897674969833705
3915.9592695398555 0.9960149620501197
4265.5522376761 1.3694516644162065
4416.056096825114 0.6917549955198443
2405.6470534165146 1.3720857130945001
2350.1398323762082 0.7789029572427884
4424.303259369641 0.7835894600813896
3366.715396452167 1.122164306092459
5796.177314087521 0.9207323925226651
4315.676175749083 0.6045902094491433
4724.1348445464155 1.2343652898359747
1635.9415777733147 1.0419252308259752
5141.814226498783 1.2749825813680982
4116.963688555262 0.6634649496221616
3842.422994605226 0.7285999326380042
4293.996887177288 0.7916441485409716
