6 50
0.8639358315064132 141.95048256160288 622 66 83 93 84 64 90 82 66 88 85 95 77 83 81 65 69 92 85 62 64 66 95 66 97 67 78 81 92 63 71 61 61 75 77 66 88 94 83 82 73 69 83 79 85 90 78 83 76 66 76
0.87490398579326 177.9537364862805 665 68 91 61 65 64 70 73 85 77 89 84 83 93 97 75 74 61 76 82 70 95 73 81 82 87 90 68 91 88 73 71 80 64 99 95 69 80 83 63 60 92 84 99 96 60 65 70 82 86 84
0.8518669641040033 150.18061800302408 708 62 85 71 65 70 89 88 78 94 78 96 87 90 90 77 64 95 71 70 97 67 96 95 96 62 86 93 75 68 93 98 70 98 83 71 63 93 67 68 91 74 79 72 68 90 95 73 97 71 88
0.8296634681305596 125.45379567231362 908 135 105 105 122 136 136 124 136 131 131 106 115 122 136 101 120 139 118 101 130 134 134 102 127 137 130 129 134 127 114 110 118 100 125 117 107 125 127 119 126 109 113 120 101 101 128 105 112 122 113
0.8023171734651418 123.72823020733354 924 118 126 101 130 120 127 115 135 122 130 108 104 115 119 121 100 116 109 116 130 110 117 132 102 129 106 109 123 104 101 128 127 134 135 112 114 103 104 138 129 100 124 122 100 112 109 107 102 138 108
0.846914824900366 122.80940833975764 998 125 107 120 131 134 107 139 117 124 106 133 126 112 125 123 131 100 106 128 112 100 107 124 111 124 125 114 127 123 131 101 111 113 135 127 101 123 139 120 109 111 115 108 121 125 108 127 139 127 113
2278.758080396632 1.175412997359166
3157.256144961734 1.119325645458241
3155.1037755696057 0.8795780893021958
3529.7350657059437 1.3846997310218785
2306.841786926404 1.3966559697129897
3301.8472370317068 1.2814692315847243
3199.7766450853874 0.8674191541667966
3843.488763645671 1.192469901357136
3271.688102374933 0.9156753114217548
3277.119748881365 0.6145672484985071
4052.1569629088444 0.7871501386664926
2302.674742262348 1.1887806781059025
3955.6596261823647 1.3833752047483496
2230.0050779412704 1.2917688728659253
3767.7741740612073 0.7866887551429107
2383.2272399890453 0.9263535457529213
3082.8781479789186 0.9835689307939364
3191.6202962334355 1.3154747683035746
3042.261655429629 1.3873283157815406
4293.188980454967 0.7036612527992949
3624.6698640356194 0.7677978812034039
3004.85499003846 0.8634719760940007
3226.9846378399816 0.6394880843783489
3073.2599593239206 1.2788059967702259
4074.3581397025673 0.7640140259121244
2259.094713774237 0.9023468941006402
3857.164799360293 1.2882854329366054
2970.8945708973883 1.3378372568783041
3386.5463835209566 1.146925235559146
1865.8330696510595 1.018289508480306
3816.3489047571907 1.239127215938138
3550.1743162077623 1.108687308075622
3162.9694692831754 0.7048402018536958
4157.170164938703 0.9597101804563781
3261.4872905554544 1.0234143969732437
4937.0952612264655 0.9141008649773238
4001.1101045783807 1.1484471788546617
2962.2066101632067 1.0827343754354624
3675.9209985827915 1.3197946302600119
2265.1777898172695 1.1104571456804857
2136.828443089288 0.6803342995047562
3978.251752827584 0.9867597145062308
3159.106203443626 1.229151661243451
4345.596692633625 1.358029062108751
2156.554634711122 0.7881563498976352
4394.19686026787 0.879853383305302
2763.6210492823893 1.2516942698364364
3058.13821617111 1.3795338797267107
2934.9239894545303 1.006309364913727
5391.981645291236 0.7039902940708253
