6 50
0.8011217170077437 139.1992493628596 526 116 106 114 134 138 104 115 133 106 133 138 117 126 130 137 125 135 102 112 104 137 101 134 130 113 131 110 114 105 121 121 117 112 131 132 124 103 126 122 126 116 122 132 133 104 139 138 111 119 117
0.8849333610018277 136.74765804740554 650 81 85 69 78 91 85 63 85 94 86 90 79 67 64 89 72 63 93 76 77 72 99 62 71 72 72 65 91 91 62 95 75 70 98 65 82 75 61 75 63 82 89 95 93 69 72 64 90 99 79
0.8200623205489475 126.33915225627429 854 131 114 129 137 124 134 104 112 132 121 129 126 135 103 131 110 137 135 119 124 127 109 129 120 105 123 133 100 101 133 116 105 100 102 135 118 129 101 139 134 129 136 132 122 133 136 115 136 118 124
0.8697390370101235 145.05139816589323 886 65 60 86 76 76 79 76 68 86 78 79 97 79 96 76 98 67 89 91 70 75 65 95 89 65 88 64 60 64 80 70 91 97 66 77 65 98 64 81 85 66 88 82 94 92 74 93 63 60 84
0.8105655856267201 161.79459479558503 974 76 96 66 71 66 67 64 62 98 68 74 75 83 85 82 79 70 61 91 88 60 85 87 98 99 65 96 74 79 68 91 73 83 67 84 92 90 70 90 94 94 96 88 85 82 86 75 84 70 99
0.8307305793697994 179.0941351629862 980 104 117 128 134 110 104 127 132 113 135 102 100 128 130 117 114 104 118 131 116 102 117 110 129 115 103 100 117 128 115 112 133 126 139 117 120 132 134 113 115 104 136 125 128 129 127 112 129 131 123
3279.439056132732 1.376653191705511
3175.1776793591644 1.2090527290406143
5762.45606360141 1.3769074784068493
4042.613999049948 1.0392335119406195
3277.3635216588414 1.078653486818628
4582.906977373707 1.1142684640661433
2728.796323060641 1.006929186774796
4419.849562399496 1.1680836260175944
4077.7781141352098 0.9589442236792218
3488.4035442809377 1.3041471187862737
2535.8256363513433 0.8576575951241145
3395.7584700746984 0.9448713275847802
2695.961942702301 1.1028769823547444
5036.51692841407 0.6430174196809056
4182.020473519063 1.385283109365917
4979.782819090678 0.9975401093650222
4368.430248715172 0.9125829432428382
3355.112185807135 1.0571050975201437
2934.0548002388414 0.6134142283479325
1595.082956977555 0.7150840322379312
2557.537135141495 0.687993465760133
2969.947535795822 0.6964002710822864
6310.224894159166 1.2181911830876153
2797.415007961281 0.9575325951955236
2629.1903444592926 0.7432401013873191
4937.844540494137 0.6304708720948755
4381.18011793474 0.6179254601072348
3927.4340448262014 1.0024342994151314
4704.191473537099 1.149983194849629
2861.6716103555145 1.069586601340212
3728.8571978205637 1.3085918400958017
3264.047840732674 0.7732552833484074
6874.813605584732 1.1521597475574703
4336.848394556593 0.8047373292312044
6490.50373694376 1.3426589800361788
2926.9156232409714 0.6224323523027843
5973.144454415621 0.7822806086030473
3397.697613224949 0.8040617201512031
4623.920957583545 0.9911686834188962
6261.911383697429 0.7394697652128471
4501.008918450629 0.7175465232505425
3610.626765550461 0.6651511531879586
3592.2659929135734 1.0910988556476346
4419.099092964934 0.6494575330014467
4437.090004406562 1.0167297380171445
4042.396411616863 1.1341786580672142
5154.372849101773 0.8067801570705102
2270.9548047817207 0.9333416531297094
5861.259985063502 1.150525746075874
5018.952282331381 1.1646463878983893
