6 100
0.863556694390455 121.0849716059677 602 66 68 74 78 75 92 76 62 85 72 80 75 92 82 78 61 90 82 69 83 94 80 86 74 83 86 71 90 75 85 72 93 82 88 60 61 87 80 95 93 87 93 97 71 78 60 97 76 90 77 74 80 90 82 61 65 85 96 84 63 89 92 88 80 77 63 72 71 76 65 78 73 85 70 88 70 88 91 94 78 89 63 80 69 91 63 85 96 70 62 72 61 80 89 86 89 98 77 96 89
0.8079777775294162 139.13530466402156 638 110 105 121 129 111 138 129 112 111 110 112 112 121 103 124 105 121 129 132 101 134 131 111 128 102 125 121 109 107 112 102 125 114 126 129 119 125 125 102 119 109 136 108 121 123 133 110 104 110 105 105 127 105 110 128 102 132 103 103 117 107 113 124 107 100 107 124 135 131 130 113 122 100 108 114 115 101 121 135 108 110 131 104 109 138 124 130 128 134 126 102 107 108 109 117 120 136 117 137 128
0.8751916469962094 156.76453313755135 650 132 114 117 109 131 113 136 134 115 128 133 132 108 137 134 114 125 113 110 101 113 136 129 119 123 112 128 127 115 116 133 113 139 138 126 110 104 101 106 108 133 125 139 120 109 107 134 124 115 122 122 112 101 104 138 125 107 127 109 130 118 137 109 139 100 102 125 139 101 133 109 101 108 133 111 119 121 128 125 128 120 120 137 109 118 130 128 130 138 119 135 127 114 120 106 110 101 134 123 100
0.8274124409097098 156.2370084287186 684 138 130 107 123 137 105 127 137 115 118 113 102 112 133 129 117 119 104 123 121 129 137 106 137 121 135 113 105 138 121 124 103 101 131 121 110 124 139 108 131 117 118 134 120 112 132 111 136 111 101 120 120 114 116 136 134 132 121 126 132 125 129 114 118 128 138 112 116 127 106 112 137 136 117 114 118 104 125 123 109 115 117 114 114 124 126 131 124 101 133 126 109 100 114 129 111 132 105 136 105
0.8058186781419281 174.66723148954117 961 68 79 75 77 74 66 86 95 98 66 70 74 70 73 65 82 83 77 80 93 90 75 71 84 64 69 78 68 84 77 65 97 80 64 87 89 77 98 63 72 94 64 71 68 98 74 63 69 77 67 89 94 69 69 71 65 92 69 63 90 91 68 82 73 84 73 93 65 81 62 62 80 62 75 88 81 84 67 67 84 75 70 76 98 88 97 89 70 93 67 84 65 87 99 63 80 61 70 92 99
0.8869200027765853 173.60624226063942 994 67 79 65 91 76 97 79 80 63 84 97 63 68 63 92 84 94 88 96 88 83 75 71 69 78 83 66 97 73 71 96 85 73 76 69 93 63 80 95 88 62 83 61 95 91 74 77 75 85 84 83 91 86 69 80 79 71 61 82 93 64 78 94 69 94 68 66 86 61 61 97 93 89 96 66 91 83 67 77 76 83 79 60 94 81 76 87 90 94 85 66 94 66 82 68 98 62 70 86 60
7117.150354645009 1.139028682378941
5184.47671974902 0.7890635741161522
8027.27113794106 0.8760892217040605
7410.024435266165 0.9874886204890938
5653.323284356971 0.9024285184317314
7493.158574229139 1.1716964377707404
7088.215600181658 1.3613117056483424
2855.57570078659 0.9228932236530816
6197.843719361663 0.9140532576568223
5778.935448549094 0.7549016117803058
6434.535717976213 0.9151347600808913
6576.354826392977 0.6042332542375077
8271.774609080567 0.8679774657758244
4061.713947096697 0.7693760821660645
6207.503143861392 0.8079968414926292
4498.301023109019 0.6381267782376654
6522.587726401784 1.3926721262049608
9801.492939013016 0.9837682890512205
7920.091671784687 1.0310848437180422
8658.84440302376 0.9827190936912631
3556.002953409018 1.0928181730937432
3260.948956189286 0.8458562154692886
7725.822651331935 0.8137491526269021
3750.1755640392053 0.9219105699741676
5475.746530854586 0.8942769250310016
4446.831716091252 0.6556945526063594
4994.69967395334 1.356962438167707
8711.559368647615 1.000404849105553
6428.075282001147 0.6134415402342668
6245.270035834845 0.6732703879770261
8099.6710654900335 0.6932103751028049
5707.07305702446 1.3759866257030797
9759.407211289357 0.8004557444491971
5510.128951615736 0.9353854539580213
4508.383156941677 1.0981135066579342
4673.845518015064 1.0341949873985063
5981.827030782159 0.8836073085775576
7325.1462989946895 0.9050285794631934
5534.429300644186 1.1556715399477087
5352.544218476696 1.3163750479017806
5422.279788882231 0.8709729045344052
4605.509320996061 1.0321697175954427
6450.183384083478 1.2519307816620804
6286.015676313749 1.2546663274319745
3292.5406021037775 0.6485357263283681
6302.084844297605 0.884412812991672
4326.037677518221 1.3504714514722052
5597.083394469265 0.8453648238813888
5586.089044868474 0.7629317080339555
6725.324939376131 1.057821543759487
4117.154600775355 1.0466430068302817
5090.5979987586215 1.1484678208485142
7706.236800999949 0.6896141221934474
6959.085919091577 0.6229806871299326
11225.209410677138 1.2641778731142561
7273.547292648118 0.82359090154507
5445.566791775731 1.3741395659749784
6054.90329728597 0.9168872183456672
5869.710367269774 1.291420723100753
6944.198526772803 1.2659572575748195
6517.333956807357 0.865111727122444
8741.95059421116 1.276744466397227
7131.953713706674 0.6748554549380723
6679.400499964867 0.7857435789197299
8018.65984667699 1.121420070290641
7235.863710615292 1.1463757408227735
5087.577105251759 1.119423418976106
9827.485881060244 0.6511950283281921
6520.684368274775 0.9363377209486481
3672.4438960086895 1.3807969485946892
6764.1140606211775 1.3906466981013477
4297.978716810964 1.2216131713157543
9464.237572684353 0.9463294146113916
6314.411153791686 0.6156433026396753
7299.969194890785 0.8205973579274076
4137.170462931934 0.8216130440218669
7096.820859995137 1.2830902639883297
7403.387136928083 0.7647567565075009
9853.376444352944 1.3799525376822914
8558.14009887108 1.1704127591545646
8997.107830147404 1.0306650278374705
5800.242707205744 0.7603745711239336
8660.352792098132 0.6490241303190104
7716.433607064529 0.7506821065198164
6500.162221851917 1.3244286809582309
6137.447138316493 1.0692241959023505
8338.961703796913 0.9177208568985922
7874.14498307382 1.2891934471849877
6456.677588803072 1.037871867186169
7562.184976240352 0.8343433660722944
7455.80513318008 1.3282284378168945
8490.371738684242 0.9361044376286598
6432.309157300248 1.2402976464481097
3065.867220152932 1.2143109112969717
6401.49843070747 0.9046708824281037
6835.930800815462 1.0965159253401906
9840.435888979335 0.9892945956733155
5954.263487350404 1.0705327338517014
9772.482571960634 1.0457045079508855
4148.432369489484 0.7134748703572399
