6 100
0.8428862674666336 158.03826403004456 522 105 112 135 128 126 111 109 129 131 104 120 105 129 119 129 120 122 105 120 109 100 109 121 137 123 108 119 111 134 135 109 137 132 117 118 101 125 112 134 106 112 132 115 124 131 117 136 100 107 103 118 135 102 122 139 117 138 109 112 123 116 138 125 138 129 115 114 128 134 119 113 125 102 122 107 126 119 117 102 124 130 110 112 128 127 113 103 135 131 118 128 120 110 131 104 114 112 132 132 139
0.8160564195969852 132.37997641900597 641 99 83 88 75 60 75 97 77 92 64 86 81 99 69 68 83 93 85 65 92 69 77 76 60 60 96 85 66 60 75 72 75 77 72 91 98 82 77 92 63 63 81 77 84 68 68 64 85 77 66 63 62 96 77 78 77 97 75 94 92 90 65 93 72 68 95 95 70 82 60 90 74 77 99 77 78 96 67 89 67 75 91 94 71 77 99 61 93 64 67 92 68 74 99 74 72 88 61 90 94
0.8720887229750406 142.41097260218885 689 120 115 125 100 111 100 105 119 124 125 109 123 104 111 126 109 129 112 133 132 117 126 131 139 126 112 119 122 119 102 123 101 130 115 109 118 111 126 111 105 126 109 125 119 138 137 108 121 100 101 105 128 126 103 128 107 115 127 123 106 118 134 118 122 108 106 113 127 129 124 133 117 139 115 131 128 123 138 133 109 129 130 107 132 133 104 132 125 130 129 125 130 121 120 139 113 112 122 115 112
0.8776201374471684 124.75497421306416 786 78 93 75 89 67 84 78 87 92 78 64 99 92 89 64 96 84 66 66 82 73 74 65 89 65 74 98 98 96 80 99 93 70 78 64 87 80 77 63 79 99 63 74 78 77 77 93 99 98 85 64 85 96 61 75 78 61 93 77 86 95 82 63 96 98 84 91 75 86 81 91 64 94 76 92 91 63 87 77 68 88 88 89 86 81 90 88 91 69 81 96 81 72 92 74 67 62 99 64 76
0.8732927282152001 128.0465600657619 978 100 131 103 114 111 136 114 132 101 109 139 101 106 114 101 120 117 132 114 115 107 128 139 137 135 106 107 138 101 105 109 124 112 134 127 112 122 120 128 134 128 106 136 119 131 125 114 101 131 117 103 109 104 131 130 114 121 138 139 101 132 119 105 137 102 120 137 112 124 114 130 107 117 100 128 119 114 135 128 103 135 106 120 125 137 125 119 106 119 134 113 100 121 132 131 106 102 100 113 110
0.8677430228120844 158.25366753389432 985 67 86 94 95 64 70 73 73 64 79 74 82 67 63 98 98 65 81 91 62 97 63 80 79 65 90 62 65 90 83 69 84 80 62 71 96 73 69 97 66 74 73 72 68 74 89 76 96 88 76 63 81 61 66 72 94 82 96 84 76 81 95 68 74 79 70 88 95 71 74 79 72 73 84 61 91 96 84 82 84 93 71 60 67 77 89 79 64 91 98 61 67 62 93 60 96 70 72 68 64
4668.267158376474 1.1555505992044794
9170.205968004511 1.3586315258628623
7536.784172606875 0.7725443368068565
6292.996853709149 0.6029568023851918
9398.176852261084 0.6475123287687864
5660.17291111005 1.2346263045530965
7792.144489801383 1.240057873711449
4655.435193933831 1.2217110012086692
9164.124677339949 1.1152336062202517
6233.671227941393 1.2704035494405588
6531.859268645529 1.1169891454430618
7238.041529655818 0.9558120620960597
9950.928319677698 0.7648941453053837
10100.42144764358 0.8379486835620866
6389.581481533946 0.8901264617913123
8493.125485959827 1.092928825475528
6117.462279760446 1.2246439209580156
5934.9604495486055 1.2940254291374282
7830.878017512355 1.3728158655006029
5390.325942550609 1.2866703929730041
5889.70866168209 1.3685852659588948
7484.373770603534 0.6646345316974553
7170.283569517506 0.8550875215363917
7623.633458931946 1.2822369455885627
8599.098627398473 0.7794928314809675
8247.254022196323 0.922003429011642
5912.143549718081 1.1159505749277145
5312.403136371807 0.8241392267928185
4043.0390487464465 1.0583158807597177
7654.257180898536 0.6742944880209762
5877.994229667947 0.7055252231333693
6114.7890599105485 0.9440189196811342
8040.3894348402055 1.2165766587775622
6724.797989752055 1.031070723639252
6785.6094791383775 0.7201624094848064
7795.6541743877715 1.1189208244899407
6524.238142422359 0.7294173301207422
9219.498396106195 0.8088789864811863
6634.655747290154 0.6938767358382834
6974.730758964355 1.347041432397248
7231.171317479493 0.97224910751021
6079.56091383741 1.1973867998697494
7909.994562693648 0.6830420672064854
7429.363012618821 0.7487472209534007
6384.996587941006 1.3792260683115236
6524.712915463809 1.3109124456231969
6290.164159245075 1.3984632867733318
4235.83640171425 1.003964729379316
4539.31736179888 0.8895146614183382
5953.931791670182 1.3960922240689733
9106.192899536558 1.294377875352058
4385.246139537292 1.1588502851546785
5972.519728603388 0.6172227570684584
4912.891026161475 1.1620766663636473
8024.966638736643 0.6059972000894778
4772.071432788569 1.3694984562354808
6205.422236994747 0.8916119233275558
7712.987471979238 0.9460024403059155
6866.333367225005 0.9850184186732502
7844.894191241255 1.145735118569812
5047.82081458742 0.994596852994422
3519.057641729376 1.0701948963968366
6347.357388041035 0.7078003157183148
7536.951743877358 1.0116278447759077
6985.283915258118 1.2764698608826066
9933.70594104162 0.9793717634963071
7093.9655672010385 1.1203853609635885
7028.346143924269 0.6311475420188907
8903.076074614113 1.081258171555925
10305.219372373534 0.9298127167744491
7778.958399318781 0.8002973696939106
7113.533347972135 1.126678278795676
7894.286654744388 1.2345709865730132
6292.940911804255 0.9441581356892725
10525.706299555728 0.7651022052141461
6858.320424203645 0.9975261671070521
5729.437608886647 0.705036497499492
5615.035038250525 1.105255232197071
6896.852052018967 1.2529908363188018
5423.182951811365 1.068467545372609
8546.428065739945 0.79766761051403
5766.823208608251 1.3800797869725663
5110.152646144132 1.1335520140347293
7460.322119814099 0.7925233096437446
10755.088978497688 1.2059057920769982
9327.379238494826 0.9471680791576356
5143.8936950862335 0.9224130134399814
10517.453056056507 0.7271846131098908
8439.939048900298 1.1954873534702986
6319.667744446584 1.3467219552223206
7979.701823893775 0.84880686747516
6294.497272735791 1.0525116540355623
7036.869504329578 1.145770200134643
9160.967073804584 1.1353805491557607
4508.1626658314635 0.9053809710679259
7260.276140461473 0.8742557033841832
8425.58636204909 0.9799771788939049
7268.998813685018 1.0586022357665181
11942.459768433955 0.7686171775649793
6597.587504434 1.0523860828116267
