6 100
0.8848983777836615 163.51314395888102 557 78 86 91 99 72 98 91 85 69 82 69 77 61 64 97 72 78 74 69 81 64 96 75 65 90 69 75 90 87 92 64 67 80 96 83 71 80 83 68 92 98 89 99 93 65 90 82 99 67 73 88 77 81 64 71 87 91 73 85 61 91 84 96 76 96 95 65 61 62 64 60 73 89 61 64 70 71 60 88 80 84 98 94 71 63 60 71 71 63 67 91 88 73 94 84 90 80 94 85 91
0.8292755688207253 153.26945200138223 595 99 65 95 70 94 77 76 77 96 90 87 92 88 61 94 70 92 72 98 65 99 84 93 76 63 86 83 62 79 79 66 77 63 97 80 96 87 76 90 77 84 91 72 79 68 75 96 85 75 90 78 87 79 67 65 98 71 75 68 95 79 78 71 65 71 79 72 83 97 86 89 78 76 66 85 64 76 91 80 97 85 70 88 94 77 67 98 77 96 81 63 89 88 83 87 99 60 95 70 89
0.8698723173548948 165.44425113434943 669 114 101 118 100 106 137 108 108 136 112 138 135 137 102 120 101 139 128 127 127 131 119 122 133 127 136 131 105 110 128 120 139 117 124 127 138 138 107 117 119 100 109 119 129 118 113 128 116 132 137 123 114 127 118 132 117 116 105 107 118 137 119 109 124 116 116 110 123 120 121 111 130 121 122 108 131 106 124 123 133 136 107 102 139 138 126 126 116 126 130 106 107 117 108 126 106 131 136 109 122
0.8869388839733245 128.98085666202357 722 138 123 101 105 137 106 122 126 115 134 102 137 100 118 115 123 133 128 113 121 105 106 130 132 101 109 110 115 124 124 108 126 136 122 107 107 113 133 118 123 111 117 136 125 137 117 107 135 131 129 118 137 137 135 139 134 107 112 109 106 129 118 136 111 128 139 112 139 107 135 138 118 125 102 138 133 130 105 138 104 113 106 118 130 130 108 136 136 108 130 111 135 108 100 128 112 105 120 121 138
0.8349901380883066 162.08564549883855 752 69 69 88 85 86 95 94 86 62 65 93 92 97 82 73 77 65 99 89 83 84 94 68 81 88 94 75 80 77 62 72 97 86 84 92 65 71 78 69 73 60 79 68 84 98 67 61 81 94 70 83 83 88 79 73 81 65 67 67 83 69 97 77 94 63 95 87 68 91 88 86 72 82 94 92 69 70 80 70 72 72 77 97 93 78 69 86 92 85 85 86 68 85 71 86 72 83 63 87 66
0.8712612737067428 132.51451770048314 758 101 105 116 101 123 105 119 137 111 120 111 103 113 110 109 103 132 120 120 111 109 120 112 122 121 116 105 100 111 127 101 102 108 130 113 122 113 110 109 114 113 127 119 101 104 117 115 102 103 104 104 135 136 105 137 110 112 116 115 139 118 121 135 117 111 108 109 103 107 131 135 134 118 100 127 102 132 103 138 117 132 134 135 111 101 105 116 131 100 139 101 126 115 132 112 135 123 105 127 119
6901.7166690772865 0.9415566508636212
5560.757727358923 0.720370035720322
6070.833820139683 0.9312795347064489
6743.041522726695 1.1080293083807977
6789.790660503417 1.221962574861252
5410.247123458606 1.359647059182055
4460.266437148135 1.2751526062359009
5096.450840148098 0.9569680972156189
8303.313071921511 1.1345503052559622
5710.037885589713 0.8148243675994168
7124.883387086832 0.8605518401544577
4702.5938180352805 0.9261072544337421
4633.168843561569 1.0864869409499
6548.8612424191115 0.7566622634483904
5879.129527832861 0.8749712882281233
5560.876421324637 1.2695783634372162
5594.58385758492 0.7745992225081374
6011.999752406643 0.9140306003006928
5813.916114807722 1.167061396516321
6874.274808909294 1.1715879819678303
7650.629262570107 1.082145838258453
6718.507142962868 1.021701018865645
9991.136436135752 1.1120673121514097
2841.1115213366393 1.3121971266214063
7513.664967257982 1.3028251819434546
5555.785756928795 0.9797645321246368
8762.073299828833 0.8735797124847073
7718.797087522869 0.9383923183363169
7490.771374942622 1.1382377068120788
7899.48963687294 0.9103124288378868
4220.769592211207 1.3163476823943518
5894.529180885938 0.936357574599977
5084.720972027613 1.1173623363358536
4307.8057109288 0.6415784963338304
6466.202294755638 1.2874223633766015
5134.035809332183 1.1369112450073948
6231.242310683955 0.8061579807416219
6107.283127503007 0.8033278470367962
5044.1771712508125 0.6772298917194299
7163.49521114194 1.3019458493341904
5940.203720875223 1.1485139524685808
7032.844625211865 1.3663601908303458
6763.67713088278 1.0509971681758936
4002.85106888951 1.179646431042968
7280.043172709592 0.9875225701011361
6689.356636441809 1.0400386052529442
5366.852283208576 0.8919767753834836
7068.828537009154 1.0874300535049999
7327.257044474252 0.7820725065717888
7769.961347173584 1.271138753550073
4188.209828948662 0.7656646632712962
6864.208349716115 1.390179775109256
5846.244712764705 0.8754940863610242
5688.574173091828 0.8202923014721583
6151.132754477078 0.8413393196944079
7259.6737062726115 0.8304365356186503
8730.580912780839 0.8311981723704512
5324.224111643909 0.8672071059198614
5101.595261824629 0.9649530972879266
5625.747170940168 0.6103614497781599
10049.516039917013 1.0428540640608608
8348.480579102215 0.6351632012344922
7260.334681507184 1.087266587298913
4754.4831482275 1.1202605957943381
6858.011452906516 0.6803223237660023
7122.730303373237 0.782832792429228
9219.599984465762 0.7428383845823638
8043.88619812873 1.1866117983350186
3407.230446371885 0.6000023396530781
6813.097626182215 1.3709914755906287
5445.779800566979 0.7026310781688522
7521.685497275043 0.6009826395273988
6369.479055699475 0.6893891939156279
5747.972275583348 0.6662318400553695
7080.903186058491 1.0743818355203139
4024.3443577242056 0.8000342582190583
8392.894697655855 0.7587238111316457
7187.140291392546 1.3768337635840324
6767.875896522795 1.0127050226610177
3899.1151121687303 0.7145274188303079
6109.227575162796 1.202748137521092
4384.792553094005 0.6165599936813644
5762.203883280025 1.1227126228634465
10062.270066932218 0.9355367178427754
6644.25508495991 0.7875120592632214
7876.118814290972 1.0525537405622916
5648.551322715423 0.8233897868071014
6876.13169196921 1.3936805199521707
4152.132163446092 1.0984399694265878
5266.7609898654655 0.6180797884949737
5177.846470614818 0.7544755083496849
3050.3105291878037 0.9826131922014301
4273.334556117016 1.0739244320701737
6664.6470717394095 1.1580145499955723
5828.6835944184795 0.6828226255296874
6675.864040712097 1.1024468955380966
6805.504673042111 0.874484140915236
6084.149729131579 1.054052634052125
5719.647496296012 0.7657026748285611
4954.156119195609 1.3620797433473812
