6 100
0.8629127715225102 151.10352116514113 692 61 93 85 94 71 73 69 98 82 94 66 75 91 71 99 68 89 91 61 61 70 78 77 65 71 66 63 92 91 95 81 93 97 75 75 87 82 67 62 81 69 86 92 66 79 65 66 76 84 81 94 74 75 62 80 99 71 92 68 90 93 92 82 98 80 79 81 96 84 92 77 80 62 97 96 78 84 73 75 81 62 98 82 98 79 76 89 69 64 67 84 71 70 85 83 74 63 91 80 92
0.8313283691859912 176.24941749452603 825 91 84 83 73 94 97 79 67 78 96 75 87 91 85 82 84 82 61 85 62 73 85 91 99 98 94 60 69 63 76 73 62 71 88 68 78 78 71 93 82 82 61 86 62 76 67 90 78 86 80 93 69 61 70 74 66 99 77 74 95 79 86 73 83 75 98 61 77 80 86 83 95 68 83 83 70 99 94 61 70 68 91 91 86 86 92 89 60 96 62 99 94 67 93 90 77 65 91 83 81
0.8951943921403791 147.17426416686158 854 74 68 62 61 93 74 63 80 71 65 89 68 79 90 87 65 63 93 70 87 79 66 92 70 88 97 81 94 94 91 68 76 69 67 94 91 81 81 76 99 61 98 62 88 81 82 78 63 89 87 91 95 91 88 92 74 91 71 83 63 96 72 68 99 79 86 74 78 70 81 87 85 78 84 70 65 84 97 92 92 91 83 91 65 76 88 63 92 64 65 97 78 63 74 87 94 70 90 75 90
0.8887523691410216 146.82590667220586 957 106 124 116 108 133 126 109 108 121 115 133 102 108 116 108 111 129 106 100 108 134 130 119 109 105 111 123 124 137 104 103 129 104 132 124 127 101 126 110 119 125 137 135 113 119 129 136 116 119 100 104 116 131 117 130 123 127 127 135 105 121 107 135 100 105 134 114 138 138 125 121 104 103 130 104 139 130 106 109 102 127 126 109 109 124 124 109 135 138 126 107 122 120 123 126 124 124 132 119 135
0.89603820214362 162.07579681006274 993 116 114 119 128 113 123 119 102 117 137 117 122 114 121 125 104 110 100 127 106 116 102 129 134 139 120 123 131 137 119 129 102 133 137 105 108 115 113 106 124 130 131 129 132 116 121 134 113 125 112 100 130 119 110 138 115 124 108 102 122 110 120 110 106 100 114 128 127 135 120 133 105 103 124 135 126 108 122 100 116 129 104 131 124 123 118 120 139 107 114 126 138 128 116 124 110 106 108 105 103
0.8703785330223485 122.83061246004853 998 136 137 100 116 105 101 113 124 115 104 117 108 134 128 106 104 100 103 119 107 131 130 133 139 137 112 104 102 111 131 108 137 139 138 104 137 115 106 117 128 116 106 114 106 137 105 116 117 120 132 120 105 100 129 134 136 135 101 123 130 108 133 111 119 100 110 112 137 100 106 131 132 123 117 125 127 116 125 130 112 117 122 111 135 122 119 110 105 130 124 115 112 105 112 129 135 125 133 129 126
6576.576275409226 1.3228409513928183
5848.592749655436 0.6768729232017183
7522.482154902947 0.6811443522566731
4725.225831562 0.9488482242102944
7432.303570108173 1.1454246959972139
4344.195823908124 1.0388896350102181
5895.283789837923 0.9403014255055573
8539.565376360904 0.9054761930433813
6698.917265520085 0.9039650534811062
6368.649176024308 1.2579383713922168
7899.372010796823 1.260116666987363
4259.864827459636 1.385229535962944
6647.408062524864 1.0204479641881716
6916.484761877615 0.6526480975291296
7262.6606486963765 1.2390461235193633
3647.4088484496265 1.2836809363713702
2380.355938921376 1.3772150517227737
6166.749346570377 1.3834579386154222
6910.833090515783 1.0237500749935875
6924.3340048448135 1.386516867826505
8760.76174169007 0.7306662912764814
4678.428781936344 0.9056171469985644
6306.755659749097 1.0179656731944218
5997.219168099809 0.6312512607569712
7084.9201697038325 0.975745431027261
6931.728381978386 1.1255574040564993
4877.6963141425285 0.858985708208645
7371.952292547049 1.2677022935494384
6261.862850772697 1.3546773681797009
4618.294396618142 0.7156073067400963
6883.203705035968 0.9125254533976461
5862.490253952796 1.103709397064212
10118.698890232637 0.7294816887364337
4335.480199923133 1.142525608056994
4481.00497364484 1.3875952384602812
8259.36817375938 0.8271757381009182
5653.35793457315 1.0706183913722152
5991.002678771312 0.7817525822733219
5959.251692685891 0.9598272047516536
5342.51043027069 1.3527867256306245
6783.508303121959 0.959014308738315
7247.25698434276 1.37882537447887
6107.761236307834 0.970413899457282
5792.151465653617 0.7392777409665275
7970.836225220751 0.8648569862466984
6745.579659828685 0.6611286750572002
5820.983138668658 0.636294311254513
8798.14471326618 1.1451029198676101
6416.782310985615 1.2453661545318933
7034.80160947223 0.8313732272326004
6596.715823098682 0.7383871712783973
5572.050475551068 0.7828972269878339
6644.1294720624965 0.716111675952012
5609.501229331201 0.663603493121026
7309.989032335445 1.0061843898116156
5808.835099036124 1.1477946265416934
5545.985928088188 0.6697971346214933
9048.109660944821 1.2303849663982334
6043.217163432158 0.6801232057074682
7669.746642796798 1.0126113032494097
7555.203162553206 1.2328782466178017
7265.935271057155 1.1330115118541952
5575.1404716698635 1.043810461884418
4946.777827396172 0.9294383219261952
8190.014044909714 0.9074423781434325
5904.257973438 0.6150592282743544
5829.725800141064 1.064527402825881
5573.069698783872 1.2849352541214458
6697.702066840707 1.2047813354747494
7965.563769821325 1.353301059304833
5880.300301337664 0.7582264145319222
4947.412921815453 1.1667996981670754
7061.040641245803 1.3706250528122683
8239.383775130133 1.138336265307683
5581.476143927988 0.6511828821909468
6628.345491537307 0.613062391973737
6010.013824696797 0.6814809873269887
6564.343745136347 0.6505698254692289
6972.198146019701 1.313563865644967
4438.490526213467 0.7007760888930958
5688.601033813932 0.6519416037628737
5937.968612271987 0.9792056744057971
3885.279355233933 0.6942581160201019
5195.628519643488 1.295030915855082
5928.410645349486 1.3519912608118596
7143.122290036484 1.0192821047052567
5949.698084471996 1.3618849595314875
5162.516029482734 1.3067708879717268
6250.4389929156605 0.6181623243226969
5656.700905986898 0.9255908701747466
6752.136381281303 1.247472175661512
5678.3255342068705 0.9156412704296182
6200.405609414251 1.071358490998321
6687.380057853137 1.3675088496047578
5669.775146726143 0.9198646740087211
8076.946701607122 1.2447016262757096
4144.185265477244 1.2589882979896707
6149.057905931748 0.6515141932323797
5968.769231033393 0.7258939026027663
6907.656951633108 1.089311809031056
