6 100
0.8948852921656418 169.30948798166938 503 130 139 116 109 105 135 114 134 112 138 100 102 131 129 128 114 129 102 120 122 112 100 108 126 131 132 139 107 101 123 118 127 105 138 126 109 110 109 108 117 122 121 124 100 130 128 107 113 102 106 108 106 110 121 116 136 100 137 115 114 119 100 123 138 106 131 135 135 120 112 116 127 111 128 131 129 136 127 125 104 112 111 123 129 120 120 129 117 138 108 121 101 130 133 111 127 134 134 112 105
0.8839038948273408 123.50791130966047 712 102 108 131 129 114 101 126 133 127 126 137 122 110 115 132 100 135 117 130 135 118 125 119 130 122 126 105 127 116 135 127 135 120 133 113 139 112 113 134 103 110 135 132 110 123 104 125 128 136 125 115 119 109 107 134 120 117 122 138 137 108 139 135 134 132 134 122 136 115 102 105 133 101 116 128 138 111 121 135 119 105 107 133 125 134 113 104 139 102 108 128 130 116 135 115 119 121 111 130 132
0.85049368802401 132.04466726054665 886 74 98 88 75 69 90 93 80 75 92 94 99 84 76 99 65 78 80 98 99 69 82 86 91 76 78 97 96 85 94 90 69 70 85 97 71 98 63 82 86 92 69 77 82 86 92 62 83 68 80 95 99 63 93 85 81 68 90 99 92 99 69 72 90 83 63 81 86 87 80 62 95 62 98 72 98 78 90 95 95 61 93 76 67 95 73 91 60 94 65 77 64 61 83 87 84 94 79 96 89
0.8876815003811145 142.26220355437837 963 93 67 82 86 89 63 62 62 75 64 68 72 96 77 74 98 64 99 63 92 69 86 76 96 73 90 75 61 78 60 92 65 90 94 97 64 90 72 87 90 62 87 91 61 70 70 83 99 77 95 93 74 99 65 75 79 71 99 94 75 85 65 61 68 82 85 99 90 91 61 91 92 70 91 92 99 64 65 63 68 63 83 70 67 92 81 80 99 83 72 99 60 75 80 83 77 66 89 63 67
0.8083045036591541 122.68150149288236 979 103 118 114 107 117 108 137 115 133 138 129 121 116 110 122 103 129 101 113 115 121 103 129 108 124 105 133 122 122 117 129 138 138 102 123 128 113 133 129 121 113 136 101 103 112 110 117 133 108 112 136 119 130 111 119 106 130 110 136 110 124 125 139 137 103 137 138 113 136 125 117 106 107 131 104 124 115 106 108 134 104 134 101 109 139 130 100 121 120 102 130 128 128 116 103 107 138 124 132 109
0.8707369415987375 164.22457529486266 999 86 60 94 99 93 84 98 71 97 73 69 83 82 99 63 91 74 68 62 63 69 81 72 66 81 92 66 71 80 69 97 88 75 67 84 89 78 63 90 96 86 72 82 97 91 97 94 73 79 92 73 80 68 74 92 87 98 75 90 81 66 81 86 73 79 79 99 98 93 86 67 83 92 70 78 70 86 91 85 94 89 70 66 98 82 91 73 70 81 75 70 81 61 96 79 68 89 87 84 73
6908.534269751321 0.8398602973314766
6105.982145087754 1.1390436653802896
7260.04168902241 1.1892289400375455
6789.029743099343 1.182903350911232
6154.921880537821 0.6081468200199721
7790.804707540918 0.9161097768790136
5970.828578900437 1.341772445591841
10425.590120072888 1.0099808754311117
7094.29166561379 0.8656609088507485
8451.661780361237 0.808652402487415
5384.959916494708 0.7385419534682817
6893.645189176314 1.2165111218324096
4407.448606791308 1.3620708365311982
6407.723429368877 1.063234653526906
5740.473887016442 0.6988725168932346
7123.363563387893 0.8003412811613142
8410.437546667146 0.7757187691732226
6577.374397349582 1.1660328216151625
7399.65213187078 0.6700637765127804
7746.766916071636 1.25345146927423
8039.597479830874 1.174791547220344
9775.308587237367 1.040533699398592
7787.407742705191 1.3802700461293642
8802.296153563304 1.0083661020448242
5982.106988942129 1.339202358516484
6568.137233738996 1.0675363354897849
7914.839522345613 0.7181107280449853
8736.337635559768 1.1536746567569183
9237.812663689367 0.8643305538586289
6895.298040865619 0.6720149410679613
5223.840872166264 0.8299875863488553
4444.1042672148 1.074964225211802
10408.677630733819 0.6759749630486089
8582.238933366836 0.8324830183534835
8681.955387685834 0.798905120357777
8282.720360822917 1.2550517740231713
8604.488869552646 1.0814412784371685
8261.334814588045 0.7501081761669658
6022.204224255984 1.387489014761372
8577.92001413153 0.870034364376721
9395.033287643126 0.846975263409528
7747.200717555493 0.6637626867143398
5941.769405524283 0.841480289189904
7188.964648874427 0.9917220275204914
7319.745880055144 0.9926576925157953
5711.188867364236 0.8501597396841517
5836.220266701321 1.3276727186582022
4805.196734919867 0.8262602176239159
4847.089090286176 0.805617598658391
8194.570469682176 0.6443234075518607
7881.840797859928 0.908346295642182
8050.678153219326 1.201040232898066
4657.561837159992 0.6126767879780216
7786.794657473376 0.8447029373314351
10735.531387105359 1.0341172183128757
5593.630201536852 1.277255640904716
7243.056738021236 1.1571890090110646
7030.474108898425 0.8032210520511512
8397.222298415836 0.6378314263743782
7764.7299585316805 1.3296254946354207
6913.836002488178 1.2100844482299564
9214.584531314144 1.2340348877527754
6552.477340431842 1.0866218799481937
6341.731745207837 0.8436631941121718
5591.667757582504 1.291717937523064
5822.357182935184 0.9120416923745606
9109.238704895897 0.705241163067818
6012.896878121568 0.6218320760290473
7873.292241542603 1.3945281090743398
7658.793572964659 1.0381026774712676
6582.2109618614295 0.6397571494193336
8615.466574172613 0.6810076147475926
8146.058125204698 1.2009917731471598
8341.524946704412 1.0129782781228864
5769.93429139606 0.9086132928705304
5916.124964459588 0.7882542466056487
11444.64294401604 0.8726284843000846
9471.01225028345 0.8119320815566364
6598.096913767408 1.1066324726607308
11324.605527524116 0.8872601351436797
6918.70558732791 1.3618979659878254
6336.961398607495 0.9708299689015105
7034.562358138859 1.1240799193252133
5916.8384495020755 1.3989378122308078
8669.961061967957 1.2020836035535178
6703.865254046374 1.3366929046720346
5849.040578129855 1.155581405720749
7454.445307754859 0.8867276665611286
8029.382314330992 0.7102165916869324
8358.067168491492 1.1694907526818041
8062.859321866459 1.273946132932212
6648.719095068286 0.7497949210992632
8185.053444461331 1.3829255433083854
5745.156838958728 0.680531732467593
7122.603878053886 1.1125528744373043
9751.50937102675 1.2316740048144799
7903.271048485641 0.6550708603611969
6628.278668305666 1.1103446696831476
6113.067925568772 1.133224885194522
6209.888085269139 0.7738712212507941
