6 100
0.8587108989661256 179.56110029125452 565 129 131 124 110 117 101 100 130 134 121 139 138 131 138 129 139 120 122 136 125 128 102 108 127 139 115 121 128 121 135 115 136 123 139 112 120 101 127 127 100 130 103 110 126 122 120 126 131 103 127 103 102 110 134 118 120 130 125 104 115 130 121 136 116 109 122 122 132 133 115 100 119 133 115 136 138 117 133 110 123 109 135 134 113 127 137 129 120 125 106 133 108 132 104 134 139 121 118 112 127
0.8353271306587183 172.0354206705 584 65 83 91 63 88 83 81 75 66 69 61 99 60 89 95 84 64 81 72 63 62 77 90 61 99 66 96 65 76 90 97 89 74 70 90 77 80 88 89 72 60 84 83 89 87 88 91 97 76 88 72 60 65 70 60 77 84 90 70 76 79 77 63 91 62 93 69 95 95 72 61 62 71 95 75 94 98 91 68 96 79 69 70 76 83 60 76 84 62 78 62 64 66 78 62 61 99 81 68 93
0.8825389494416944 177.07825041148791 652 129 121 134 106 112 115 137 130 117 104 133 138 119 103 118 126 136 127 106 137 113 123 108 109 104 137 101 130 133 122 109 113 105 103 125 105 129 121 107 129 109 103 102 102 116 133 122 137 139 117 107 134 105 116 126 128 136 128 116 123 105 111 136 134 117 134 135 122 111 126 109 112 111 123 109 110 114 119 124 110 105 128 125 125 113 100 130 110 128 118 127 100 116 136 135 137 127 108 109 106
0.8150247256631343 157.42081445006522 665 70 77 81 65 76 71 89 92 62 60 94 90 70 76 75 87 75 74 84 91 73 71 68 63 83 74 87 73 72 74 74 82 85 94 88 67 86 75 98 92 79 89 63 60 77 60 78 97 64 79 83 76 60 91 71 80 94 62 90 63 87 65 76 79 74 92 99 73 67 92 77 60 89 88 67 96 73 90 83 82 68 90 93 91 85 64 97 86 86 81 95 63 88 95 72 99 99 75 95 72
0.8368057576070139 174.44549920999654 821 128 102 124 115 107 114 107 119 117 102 127 115 137 110 134 132 129 111 138 127 123 136 132 123 101 134 106 119 104 136 121 117 114 135 113 103 124 110 107 128 113 104 108 123 118 112 105 123 126 130 131 100 119 111 112 138 138 109 133 105 115 125 104 123 129 138 134 122 116 124 130 128 118 132 109 107 101 111 121 132 117 109 112 123 110 100 132 112 109 106 126 137 128 120 109 135 130 138 133 139
0.8468330613970867 135.77826170012563 906 94 88 82 99 81 83 76 62 96 97 81 91 79 96 91 94 84 63 95 89 76 94 73 97 75 60 91 68 74 88 71 91 76 85 65 83 73 99 70 84 85 81 64 76 99 81 67 60 90 68 99 98 84 70 73 83 66 60 94 91 94 69 62 63 79 90 94 75 89 93 96 81 95 78 63 84 87 60 81 68 60 67 93 99 87 74 76 80 79 62 75 88 74 69 67 66 93 69 61 65
5484.168608490207 0.8099102188915377
10027.3314677054 1.3233185324408245
9677.219073735927 1.312691920052142
6174.583279168942 1.0400169544673932
8015.773058445318 0.6241995452761493
9714.49860878677 1.1815735543142654
4607.104455840191 1.2778614875314789
8803.198916479047 0.8656011747680394
6631.593576962507 1.2550384200546136
7829.565859759763 0.8181225783649413
5773.372480036821 0.8593494608468476
5349.351329085214 0.8899154816458381
4857.1356857750125 0.6782124804613018
7794.307959912201 1.3858146638744726
4314.252366948775 1.1240414811467523
7946.483205562931 0.8722563077407139
8315.432629764051 0.9290914357632594
5473.353173840891 1.2211527039201036
6455.997871150787 0.7369544738061017
4287.124327567291 1.0993318392607132
6731.165042138274 0.7465813721558433
6673.2202341529655 0.9778379352552389
10519.775306319565 1.243787655948394
7444.622914106393 0.7072663082931846
3712.799020580195 0.820018995057136
4701.460347723441 0.9704933977099222
6687.725375028189 1.1970443857567428
7392.464713835489 1.320560229241708
4483.102693119961 1.061864589833525
10358.264899258907 1.3178772168105062
5690.156584443087 0.7768445880834863
11841.860871539695 1.3937474263230207
8954.365626813611 1.0200615740770331
5732.21665096875 0.9039337969808597
9354.424156326575 0.6658577569569367
4589.537758505162 1.2271349486404282
6796.868698593407 0.7886700987552342
6843.053313930405 0.9889403795788516
8095.5399870434085 0.8348190411621035
6440.525140287709 1.377244796176817
7750.6932086628385 0.6293401750184416
7071.610432895943 0.9782997875691843
5470.959401260818 1.3914661391275311
7781.424859149846 1.3186746903387179
6490.337245228731 1.047179088445205
7242.017205050668 1.1420915442874837
6832.739543690819 1.0685811910132417
7891.543397691195 1.333109060766802
9196.240015798547 0.6193185787736631
8073.382182126246 1.1493656391766787
5777.167736938897 0.9845043268885822
2976.5977636184502 1.1109394475436973
7677.874824678286 0.9370141652410726
6402.416555988282 0.9454799411507753
6331.842040301046 1.0694874907581111
9001.041419467596 0.7245475094115527
9624.852475277989 0.6290616777935203
5989.588300888502 0.768545330142409
6390.549147083329 1.2080580744731313
6395.118357662404 1.07042744041311
8474.504062903632 1.2282230727693046
6045.177069143299 1.20914743591837
8668.73198549298 1.3415658549771514
7779.1093793478 1.2002422585989323
5025.227335822502 1.011721570085649
7033.124226802477 1.38391378886947
7487.884050029359 0.9638021008285786
6415.243570481601 1.2432916777797147
8362.178323975866 0.8640348588316212
8644.007638173041 1.1024891804015513
8826.839324908588 0.6049246722406402
9895.067177660389 1.2098462804058452
4882.862364573644 1.3792645800471388
6017.56800261397 0.8085549691487804
8221.6322255312 1.2255632656570168
6574.701250320176 0.8375189217156724
7857.888997748254 1.122484668968681
6305.923996769942 0.9932912040809714
8582.418313284 0.9200157430318509
7123.573808853945 0.9511995000898297
2951.319448986027 1.1400662038029874
8557.411516694428 1.3186809497012775
4447.605874998928 1.1914426756966454
7520.317832111439 1.1832043854556091
4429.1058991294385 0.8562508665030424
7279.438318527223 0.7130757193295723
7919.826102560863 1.3921735793302554
6707.743151345071 1.1156902437807583
6697.655525989291 0.9369248113373199
6751.310519096072 1.2643896528020782
7793.116315413968 0.7728534049737599
8698.693028098998 0.9994075449648603
7698.754823543066 0.8006628219244941
2996.187159023232 1.2526710040738798
9593.036021918257 1.0776606124269632
7366.885057135296 0.8785060011916435
9910.981820858531 0.7124912275070573
6789.188961415697 0.8127427984551443
9098.94119042979 0.8669579666674915
4262.020713200822 0.6704726065761535
