6 100
0.8360367018001413 152.01837524338205 590 85 63 94 85 77 99 90 97 74 63 88 60 98 88 69 61 88 61 77 99 76 64 73 78 90 72 99 98 96 94 92 61 62 82 73 69 66 80 86 82 66 91 98 62 70 79 91 73 62 89 75 89 87 68 99 78 87 91 69 60 86 82 81 69 98 88 71 79 70 91 64 61 66 86 85 93 79 71 70 65 92 71 87 98 95 95 86 93 95 86 69 82 96 96 96 73 96 73 79 62
0.8395827463967778 120.19621810249554 626 68 81 60 94 82 64 88 68 91 83 66 96 72 72 83 93 75 74 81 88 69 78 61 80 74 69 93 78 79 69 87 64 73 81 72 81 66 60 91 99 70 76 84 83 71 94 73 84 71 62 74 83 89 76 83 84 92 69 77 82 80 69 63 97 72 93 78 81 90 81 66 95 91 63 78 90 67 62 78 81 62 66 65 68 67 71 77 81 92 61 97 60 74 67 94 83 81 83 81 83
0.8190933526725614 125.58620108963513 661 103 130 108 131 139 135 106 129 108 119 110 121 106 117 124 115 127 110 128 111 128 130 116 139 100 131 108 114 133 112 132 137 110 104 107 137 117 138 101 129 133 100 128 137 112 110 103 114 131 114 132 131 138 112 109 110 102 106 109 124 113 139 129 126 102 118 109 123 105 118 137 101 109 129 110 108 136 139 106 120 125 139 101 138 129 134 119 121 123 121 133 138 107 127 104 127 136 100 118 121
0.8471022363457366 153.8551305653313 736 72 76 77 72 80 99 60 95 87 84 87 75 97 91 99 80 89 67 72 65 72 68 75 80 93 80 87 73 95 88 79 67 94 86 67 62 79 94 90 63 70 80 67 88 68 69 89 76 95 71 81 75 86 81 78 64 62 85 63 80 86 77 73 77 87 93 69 60 95 89 72 78 84 97 81 89 90 65 68 61 81 72 89 71 70 78 72 97 86 99 63 86 82 93 77 88 88 74 78 92
0.8817040641936248 165.25421889770442 927 120 108 114 103 127 106 130 126 124 100 134 106 114 135 117 137 138 132 133 100 132 104 126 136 104 121 119 139 123 104 121 117 117 130 100 122 131 108 105 101 117 125 115 125 126 118 109 133 129 113 100 109 129 114 124 135 135 121 138 106 119 131 134 130 111 110 136 125 100 125 121 120 128 118 100 127 103 129 101 131 130 117 121 103 100 113 111 109 107 127 126 120 113 131 136 109 124 106 112 123
0.8275805811881751 132.95381588185967 982 132 115 113 128 102 105 124 105 137 109 121 132 111 135 108 128 133 103 108 116 107 134 134 137 126 103 131 128 115 113 126 138 103 108 116 125 107 119 111 102 124 122 121 129 132 127 130 114 114 101 108 126 111 119 106 105 101 131 120 133 107 119 138 125 112 134 119 107 126 107 136 132 134 138 104 121 121 118 101 126 108 101 107 105 108 123 109 107 139 138 128 119 114 139 111 137 131 106 124 129
4747.557075180193 0.869190652970787
2777.8042270521246 0.6273723485014512
4101.473654179299 0.9052494780503868
3709.267707751527 0.8539906234068563
5959.003123126439 0.9815664206817112
4147.020888214751 1.1694034800945619
4507.39424728954 1.1912759349613422
5982.437066027568 1.0974165137340726
8111.2355056741135 0.9116732587418839
5258.4388054953015 0.9666583988766204
6703.953471620389 0.9423015075802326
3883.2812950565326 1.0863631355702095
4478.736098012478 1.0533537669075543
5985.637074476416 1.387733383619163
6047.967831763091 1.1340336072085546
5208.802125103201 0.6609683258614508
6864.782102384121 0.7928158408841885
4675.038055493974 0.6591708350893973
3792.41687635504 1.281540095498118
5277.76293106249 1.362868613954215
3909.640597370905 1.211066787847952
7400.100809746183 0.8671367709568566
5051.346731165275 0.9429041067642463
9158.078350473706 0.7642876092157871
4861.2017903298365 0.884710828573001
5316.048458383149 0.6104752946848295
9321.72429974654 1.0613840402449477
6362.796398346352 0.9283813951488036
6532.84849120002 0.8516670471883844
8440.631731093941 0.8473137027498046
9385.703180841274 1.2302937228483661
6878.454780887305 0.7697425887635195
4810.414018392936 0.8597263455985799
6479.861277501908 1.2183083512784423
6724.680158764181 1.329679787948154
8024.5883645752265 1.233112795047111
7446.3649882924465 0.8548764704223952
6017.137648951979 1.24243285990413
6283.734452255829 1.029493508763042
6321.016496675938 0.8681696671138076
7118.334772983196 1.1636312641616917
2636.7025958874488 0.7913259890542762
7520.353580731162 1.134692456484948
8798.125889652896 0.9355616856860693
4046.5253660268063 0.6400303707981474
4422.101131695895 1.0403078341245653
8966.820709819698 1.1975454246682316
6036.504139327593 1.0342983634375125
5815.914645416544 1.2621470670794137
6383.847632597483 1.2178513817800385
7468.436493649712 0.6243831929260066
5516.364202733022 0.9007587864638247
9433.716705445075 1.1364867747682772
8748.310501817326 0.6496382294540894
4630.479585400161 0.9409072639497496
4379.6695842459485 0.8733791604171762
7477.9384066913935 0.8329354475355397
7778.742472803389 1.0614132124304472
4011.781274566161 1.1424308362308118
6519.104164581748 0.6613078008260621
7897.048803746199 1.3239331956875495
5279.621315749843 0.8990811144099567
5175.595307147718 1.1946406522903215
6501.128770383105 0.9415993627255412
7026.1140877181415 0.6891445136900076
5481.957147906625 1.020854091482652
8082.378946759067 0.6466525022398373
2298.714024922669 1.3491759802565202
6351.897231366842 1.1622696629158615
8597.528551986697 1.2662201786164173
7261.1203780854585 1.3431933045220423
5887.244860208077 1.140983625661208
5460.321818932741 1.2878155160109612
5128.868838572326 0.7591843806224817
3665.0257328592825 0.9148699207660524
5404.190085696401 1.3966367463765759
5271.806966476932 0.6896040581589659
5699.065937708619 1.3962549327490839
5408.07671198365 1.0641689577248474
6544.801247419798 1.0031081595648057
7622.683560599788 1.2289084666074857
4027.4989582239587 0.991178112361238
1925.9654642557161 0.9474820505736044
5504.868764246851 0.896422806240867
8342.80938114467 1.3897310482132998
8229.574164812664 0.9016451408825682
5663.057651923441 1.1822410744145362
1510.267052020813 1.185353602323321
6063.760656969113 1.1654345090243123
7994.968180351425 1.3500971889998572
4909.089305018066 1.029037177727885
6548.860155082016 1.2486999688803004
6651.465803225153 0.7002960778943015
4322.8574834145375 1.3146008423627906
7613.614155398277 0.6470599710511598
7792.763739050469 1.2115873476814145
5637.598386134799 0.6122584492363322
5053.040250737661 1.3307098779501518
2297.49362327841 1.1165665259126483
10244.31201265013 0.6756407568770024
