6 100
0.8350150241982827 123.48220088190358 526 94 78 84 92 78 68 90 60 68 97 94 67 66 69 65 71 90 91 98 85 88 75 95 63 88 81 78 69 85 85 63 81 87 92 74 93 94 64 68 93 95 78 74 68 92 97 85 94 63 77 62 98 60 76 81 97 93 76 83 92 69 81 80 79 69 78 65 92 79 72 74 98 84 61 81 60 63 86 69 84 86 85 86 77 89 96 72 78 71 86 91 93 90 76 93 79 92 86 94 84
0.8522346385126869 125.17743947234796 532 72 71 85 77 94 99 68 93 73 85 99 92 68 66 72 71 75 64 61 80 60 93 92 66 89 65 90 83 82 63 77 99 65 61 78 91 69 87 84 70 97 81 61 99 92 96 70 88 60 63 75 99 74 93 95 73 69 66 76 89 66 92 67 62 89 60 82 75 86 68 88 90 64 99 80 97 77 64 64 60 89 63 96 66 83 71 97 60 74 61 90 95 77 82 98 75 75 69 61 60
0.846180992343741 131.77240181092452 705 130 131 108 113 107 120 118 125 124 112 133 104 133 123 137 102 120 133 116 139 110 134 103 136 102 112 127 114 114 106 134 127 108 138 123 136 132 106 102 123 129 131 132 104 112 108 138 112 105 137 111 106 137 123 116 129 117 108 111 135 105 126 118 122 113 100 102 112 130 138 105 138 115 122 103 127 137 133 113 111 132 131 108 127 126 135 111 118 133 100 100 115 112 128 108 137 130 139 134 136
0.8091774257404827 132.69776258783264 829 135 103 124 120 132 134 134 121 130 106 118 110 134 124 129 127 134 120 102 123 132 136 113 122 135 119 132 130 128 138 108 127 105 136 110 126 109 101 132 131 123 134 111 121 135 132 113 113 122 126 113 126 139 113 126 134 109 101 139 109 127 128 115 121 114 129 104 120 129 101 128 126 135 110 113 123 128 114 110 126 108 135 110 117 115 134 137 110 103 108 122 113 128 134 104 118 102 133 106 120
0.821200074825966 151.11749933665482 987 139 126 119 102 126 124 137 120 136 114 127 132 109 115 121 116 119 108 102 127 114 101 102 123 139 102 110 109 118 127 120 101 105 111 101 124 113 138 120 124 102 130 134 109 120 121 111 102 117 111 115 100 125 115 127 116 126 107 109 127 118 102 129 113 122 123 125 114 138 115 105 106 112 102 117 126 126 114 103 100 132 136 132 133 114 114 128 118 133 101 120 134 102 114 114 120 124 114 114 125
0.8690804422664664 168.0202262403568 992 73 90 77 60 79 65 60 96 82 92 71 70 80 70 63 98 96 77 61 60 86 78 97 95 72 69 92 62 82 72 69 65 67 96 70 77 68 97 65 73 77 94 67 83 89 86 82 75 86 73 98 95 92 60 94 87 85 70 71 67 94 87 76 77 72 80 65 91 75 74 81 82 96 69 77 65 76 74 90 71 73 71 79 67 76 72 63 96 81 81 90 81 90 73 80 68 66 60 69 97
5891.171402552234 0.862835105629304
7187.58769635717 0.6135738838854284
7486.359697036598 1.0246136547961897
5656.329937459495 0.938192770416183
7189.324083886674 1.3892776391311534
7336.838704733853 0.7825342784385001
3827.2482539206653 0.9069903888234674
5947.357060435281 0.9418486100225711
6983.67725600469 1.3096420467400152
5790.187121758215 0.9092918508364369
6446.929963858382 0.9588631868523063
10493.265744281161 1.295656778033806
4314.1514267646035 0.7299784953928807
7184.924614493382 0.6268307521166994
6905.598661406796 1.1613028673100534
4943.431819931538 1.0531432734946686
10788.440764447583 1.3700615506574678
3427.1035857815273 1.1963520921522348
5031.446797374054 0.6419870132539399
6628.940198974008 1.101351213124759
6182.732180879047 0.9905893153235583
8248.846860652058 0.9068438928167315
8485.573717656815 0.7546706004380384
8189.102781500917 0.7295787369191664
7394.787131948574 0.6455467539704335
5835.1171592092005 1.1678531296120616
6836.459960945889 0.6970361063534841
3821.441018078451 0.8639887512273159
7706.69913305846 0.8930850526196559
9483.471199424837 1.0756578964454957
6256.070282975689 1.252937805916106
7136.726029740957 1.2318236767953201
8167.413586996402 0.8158837711452716
4076.2371470578687 1.3949555627947454
5965.983522175889 0.945249584920463
4946.644785616289 0.8702571641930286
7484.528294073941 1.264452457496275
3178.5365652861956 1.2561418122703467
5696.39624121885 0.711110545238756
5451.666200410717 0.7512400425379915
8129.144801180547 1.2223044456726058
6524.8110676205615 1.3963954298750183
5472.776316708873 1.0970985813548804
2953.892072169513 0.9680757332603989
6082.253297058617 0.7951735387796491
5570.0799079505205 1.059296538182259
6877.93733188109 1.3133072808730157
6317.442254339562 1.3064702322846502
6799.731528312778 0.6248014791843085
4596.4557484336765 0.9763721952771787
4502.022387393543 1.235785325572624
2634.455339244157 1.0040900457518476
6643.859853472258 0.940903036116616
6822.293067936729 1.233125940357266
8021.491650788824 0.7892279337505403
5454.968803897453 0.6912809457527102
6018.009152670162 0.6699833168023955
7297.007720008544 0.8477418500800115
9431.066682550376 0.7631412113122025
7077.137065117434 1.3520071509074203
6828.445441219614 0.7228411366653816
6031.548006137711 1.0215663342871188
7382.235498214568 1.023558034414004
8160.392318302003 0.7030159867643466
5866.187026717096 0.643559723050338
7354.527646786089 1.0620021936222788
5928.533953864264 0.766329953843651
3302.1982574802973 1.1427757412976702
7834.6155017733145 1.2225085947889904
5320.913015821479 1.1296135146025486
4183.434430654936 0.7956572404922819
6830.608723264771 1.0265538253533875
6746.379633042651 1.3395127357782852
7845.0945590320025 1.2437524524867487
7570.275341348483 0.9160379332401392
7379.804047674039 1.3092420511959557
5825.4977291104515 0.9990761489354127
5387.828039709563 1.3527598489714396
5775.646869231407 0.8742445599970182
5213.523287473907 1.3188538624839041
6550.27366809146 1.143218996132831
6167.7010524829175 1.2847066430613627
6921.503347011927 1.3417671720597177
3385.515298166001 1.0301239132268305
7853.533716495451 1.2688345789613178
8908.311652094802 1.084349008925643
8067.082222972981 0.8990990014062048
5484.365770761156 0.9526468375749262
4592.109111576759 0.9364124822079273
5560.208170719794 1.3659939057729593
9254.195344274263 0.9858849047209107
4455.535592596357 0.7929761273096796
5131.604429165756 0.9559119545554919
8238.938158048933 1.0657972076859972
3597.993751694431 1.3435632826829607
5303.019308177584 1.0766741322335673
5184.484080642417 0.8208569668852541
4688.839427741266 0.9429223814273804
4067.0431413917117 1.219882873126818
8104.551514550643 1.3821380002307335
