6 100
0.8626827846398648 124.71450620261113 502 115 127 138 127 118 109 118 133 138 138 129 120 111 117 119 121 124 106 137 130 120 123 109 139 120 138 127 101 102 122 100 128 108 130 116 102 137 133 134 104 107 103 105 134 138 135 122 108 123 116 107 124 131 128 116 135 135 127 115 121 110 104 125 124 128 111 136 109 121 133 128 124 117 127 119 133 105 100 127 107 103 137 103 117 123 110 139 110 131 131 120 118 108 100 107 130 101 105 134 116
0.8265575356227595 147.8837890709373 547 139 102 100 102 114 110 103 109 129 126 122 115 115 133 137 122 126 136 110 103 117 134 116 117 104 126 111 107 100 110 137 122 129 126 113 124 108 107 127 101 118 117 117 121 106 121 124 131 118 124 118 119 113 114 138 138 127 124 103 136 136 135 103 121 125 105 109 109 111 129 127 111 121 121 119 104 106 121 103 122 116 108 121 133 134 115 128 132 131 131 130 134 132 104 105 139 131 121 112 118
0.807987433309293 166.31495924788862 619 65 93 66 99 70 92 68 67 73 68 83 97 60 78 92 99 89 73 86 85 92 67 69 82 94 61 93 73 60 62 67 62 66 87 87 77 99 98 76 66 80 62 77 99 60 64 63 84 68 99 99 97 64 80 64 89 89 86 85 96 81 90 69 65 97 87 67 90 81 63 65 76 67 76 96 68 61 74 88 66 70 65 98 94 92 75 73 61 91 91 71 80 70 62 95 82 67 68 83 70
0.8275989263044982 150.50564334128126 889 93 62 79 67 67 69 97 77 93 64 67 84 84 60 74 63 96 97 81 77 94 78 95 67 94 87 98 80 95 99 86 84 61 81 73 90 73 92 74 99 77 69 67 64 95 82 79 65 74 96 86 90 68 99 86 97 76 99 74 66 61 86 71 86 86 88 89 82 92 67 70 99 91 80 97 71 60 66 81 85 84 65 75 92 89 77 69 95 60 94 86 70 74 99 81 75 83 77 69 79
0.8852097160919267 171.3214032659549 928 86 80 98 85 60 77 99 67 75 60 80 62 60 77 93 98 63 80 68 83 76 88 93 73 74 94 99 80 90 87 65 99 86 87 78 86 66 96 79 99 78 95 67 60 95 65 72 99 68 62 93 77 66 86 77 94 64 93 70 96 75 91 88 83 97 63 96 78 70 71 73 68 67 99 65 92 84 80 96 91 88 61 63 93 62 82 89 70 79 92 67 88 92 63 94 67 96 79 84 91
0.8818927697197776 174.37588111538597 990 118 120 116 110 104 118 137 113 127 106 100 136 121 112 125 132 128 111 106 111 112 132 133 134 112 134 103 123 100 139 106 101 116 137 112 103 132 107 127 117 124 117 104 131 127 110 138 109 106 120 135 124 121 126 127 103 117 135 112 109 116 130 127 136 118 134 133 114 116 104 101 120 133 118 127 134 127 117 134 132 110 118 124 114 133 133 114 106 111 122 104 121 121 100 120 139 112 130 107 128
6437.099729702254 1.1614365785946674
5612.535332984458 0.9277486816070608
8600.64113320063 0.8806724007509605
4768.7605013307 1.2987161210384224
8209.074502546715 0.833936450397973
7152.088305661006 0.8770647328489214
5292.005776998874 0.8780897230914223
10304.550076299172 0.9204006493699776
2498.403947483781 0.6450013823079822
5889.527880566272 0.9456096511729428
7574.790911444849 0.9209397210677179
5841.107085807538 0.9734865167314644
11145.976232228457 1.2422108892715045
7993.634291436149 0.8752749546990201
6019.532569053346 0.9110223211320951
8271.94344265985 0.7556785327087305
4816.628484223882 1.3261239609604176
7927.807500710873 0.8181748185666122
6044.370578699096 1.2864546052788781
6997.547982695048 0.8807344677008798
3312.1402686293136 1.2902690208112073
7121.526938060055 1.0756743970304956
6822.156098872352 1.3558313552305599
7304.795048307656 0.9623205999304214
9316.761737997014 1.2558232411375254
9202.767221488199 1.1404310350340916
8906.378616281836 1.2572691158384224
7289.11829129619 0.6984602416607298
9722.40095779255 1.0894824314967526
4957.236369438535 1.2735629704335198
10740.925074308654 0.6154058328855788
3845.4061441609438 0.8929384405438635
5369.563032236985 1.226406058419361
4572.342711514588 1.1406421620861225
6348.237771622367 1.3750105124625969
6386.7725398636585 0.9002284605307023
3498.6038693804417 0.7269308948657888
3947.3770232661245 0.811397286389919
8197.104611444134 0.8532594814345098
6401.255737055753 0.6032215739826455
5722.516769896127 0.7572216489022803
6454.363452553778 1.1659610612859475
10201.419986428587 0.8665295470612495
4617.65233969606 1.0689332013156732
5116.36154261039 1.2403896194326078
7119.214480341161 0.7537323480273931
5839.999344746091 1.208179640631498
8364.06833152832 1.3672141256885633
6355.083383995349 1.2781295841431481
5076.071488257567 0.6954509299069085
7897.175002680171 0.9071774288914344
8525.571487038098 0.7964253515475385
8237.563619524128 1.3760738851353154
5989.544835496928 1.334987705664757
5588.541626029367 0.8295322943928182
10223.002724225566 1.144898473489706
8133.38062836738 0.690480678841633
6463.1420062117095 1.2886672514284232
4320.928619531025 1.2150223520004966
7842.849060920505 0.9385107910531836
8695.154441900651 0.8204919320206695
6525.734894030127 1.195742157174093
5553.9123949914365 0.6790969415462917
6473.714591430311 0.9008598084770544
9407.46704752234 0.6072760358792278
5036.40205273054 1.0335296507855403
7101.111308453385 0.931932399654383
7824.318230099739 0.9069194947344427
7869.920000962157 0.8527835538114851
8429.969716287596 0.8500793636408702
4649.294816579401 1.1484260201803709
7593.9881023164935 0.6397227163098282
6480.6887831621425 1.3630531466051616
6552.351470969261 0.945500350389004
7565.601854953228 1.336224479679427
2847.205222312694 0.9651470375847473
9260.50176811864 0.7417038050564024
8842.528620995561 0.8664952486960565
5034.661093671253 0.9380169740979305
8778.10485488457 0.8198682469472445
7586.224547884864 1.2488267899723713
6566.4472846352255 1.2401255637487218
4957.130473036138 1.275971025927992
8140.243738706179 0.9510627392594839
7312.933553920025 0.9882586801983624
7019.252996435223 1.273334710722609
5773.9476956733415 1.2914290578868397
7536.261522278274 1.187214485773798
6627.761228305259 0.8420646938051878
4428.891473332504 0.8796569519971029
6798.33544341683 1.3138653749248794
6314.138184216659 0.948323637941006
4858.456744243831 1.3337572964107942
6906.907010798542 0.7109819239026149
6807.791140407473 0.9555001884519756
5896.7039733069105 1.136287921562871
6490.857240388233 0.9526298953020322
6214.558951270109 0.6880996712581434
5615.692233125221 1.1468161936155927
4388.103406197304 1.313056665156985
