6 100
0.8799740853455745 140.98718157135264 586 111 122 100 129 123 111 125 134 129 120 134 117 132 108 133 105 118 133 123 131 119 138 124 111 105 117 137 106 115 106 137 104 117 108 121 106 100 133 135 103 127 122 121 118 106 138 124 131 138 134 109 124 128 101 112 113 113 123 108 135 119 101 124 132 103 118 116 103 131 109 115 109 103 125 124 105 124 128 116 103 135 138 123 108 124 124 139 128 124 112 117 136 104 109 115 112 111 108 131 120
0.8955925206807609 123.53319095250073 672 82 74 81 81 76 91 86 71 96 91 98 97 87 96 80 65 89 93 70 85 75 96 89 71 82 97 75 97 85 69 97 89 63 81 88 75 82 95 90 64 77 98 76 66 87 69 74 80 89 81 67 81 65 96 70 63 83 66 79 70 78 97 83 61 89 71 93 62 93 84 88 90 86 63 80 60 87 77 89 73 60 81 87 79 86 63 90 95 64 64 72 87 71 70 78 91 77 80 84 79
0.8385942515981828 165.9781435534592 718 63 99 76 70 82 80 76 94 72 85 95 73 71 79 64 99 83 64 88 63 81 91 91 70 81 99 94 63 83 66 69 65 61 87 96 93 74 65 77 84 71 76 67 87 90 97 63 85 96 77 90 65 96 79 73 79 89 63 68 81 68 81 69 75 71 84 74 88 96 98 79 82 63 81 63 89 75 61 83 95 76 86 76 89 63 82 79 60 86 77 80 63 94 94 63 74 83 99 88 78
0.8676881879770859 133.18385627600748 723 102 109 102 130 126 107 125 131 119 120 127 112 112 112 125 123 112 105 107 134 138 113 126 118 103 114 124 103 101 107 117 113 113 112 104 100 129 123 101 132 114 119 109 130 120 108 102 133 120 110 134 112 102 116 116 133 129 121 124 122 119 106 130 100 106 108 134 128 100 136 113 130 130 120 125 137 127 129 100 122 116 115 123 101 135 110 104 111 123 123 136 126 131 107 134 133 119 120 133 111
0.8317684982168004 179.42417462112002 759 89 78 96 96 98 85 68 86 97 60 70 65 88 78 74 91 66 99 60 64 91 74 66 68 77 68 91 61 93 66 67 60 61 99 65 62 98 62 75 74 60 98 93 82 75 60 83 86 99 85 72 76 92 81 80 90 72 78 84 67 70 87 92 60 95 69 62 60 61 85 63 79 72 77 80 63 90 76 80 72 73 60 64 65 68 68 93 89 99 68 81 74 61 66 81 64 71 73 88 61
0.8155515288618781 139.42300742807834 896 137 124 137 131 131 129 130 131 100 133 134 108 128 129 131 132 103 102 128 130 109 107 138 125 101 113 105 106 136 104 135 124 110 115 117 135 108 119 101 116 121 129 124 111 131 124 132 105 107 139 105 134 130 132 131 128 112 122 126 133 118 121 117 133 111 114 118 129 119 129 116 139 120 123 111 130 101 116 114 125 123 124 122 132 112 121 138 136 106 128 103 131 114 115 130 103 130 108 128 118
4536.171396482194 0.6371794984111558
8994.496721328298 0.617953635249359
9575.787674582745 0.6079670320515072
4287.670720308952 1.2785791295039577
4361.398734541351 0.8472867314010899
8564.383563473348 0.7889596488685471
5443.023698030596 0.9365989245333283
7103.662219239388 0.6304134498054724
11765.054451863514 0.7503478433047432
4516.30804076128 1.239458177376966
7152.723031374704 1.3655541087145282
4633.374699108284 1.1667498555344862
7703.424679282688 1.2742527927282798
10350.703792213815 0.7006629376679672
5927.2989964177805 0.8421343866302873
9724.46780098752 1.2340926024729257
7020.829988376314 0.7488664762205137
7745.424778417991 1.3144937903341092
5986.858044091534 1.1932126791196045
8992.313541569052 1.221586461884392
7754.274901559013 0.7263103707531109
8297.735141109551 0.8638593889520083
4041.281448911903 0.737386357073848
4841.020363477057 0.7506584490573108
5778.968639814156 1.2634523171087149
5644.365524469917 0.9831579986080734
2801.323986296987 0.7044277961487441
7091.916587060101 0.930325843192166
6882.241803262825 1.2748698399705423
4442.154086309643 1.2251241853563397
4008.3509303859773 1.0405835573837878
4954.186025873492 1.3509919275055229
5162.206705335015 0.7407823160992377
7455.391611826032 1.2456702825862631
5306.860584347871 0.8775407466814751
7646.509274463015 1.3825372027496048
6254.658019072294 0.8281351139211713
6296.781396557774 1.1549232381807544
6878.000055411524 0.8007666398175035
3862.106568922902 0.8334084303063748
5801.145948161226 1.1463814976668465
7705.159152870741 0.8022630143740956
3389.347481170365 1.3906612651920167
7559.382465123317 0.6426514638303479
7205.456508324204 0.6312991174760773
4391.745728025431 1.2191932876476255
8068.144630567782 1.2263843798105003
7162.348794298611 0.7914949246768246
7180.645653118782 1.036655673278864
6467.269852474724 1.1537103338631791
8806.295164524185 0.6605520203044316
3742.8281524680424 1.1685758746643091
7375.72223068888 0.825385912956602
6257.3633990907865 0.6440671109371617
8703.264171641686 0.6663043138040451
6098.633711429702 1.1937940596674836
5486.603383074491 0.9120155792430357
5709.55964196047 0.9067798677321207
5705.066010725933 0.8765103245637279
8127.786594375747 1.1295691818155316
8532.344530400633 1.1689813940744531
6589.713620472191 1.319741929116972
9638.85697806116 1.2700740913707431
5728.914975363537 1.194487035700598
1884.5029499597022 1.1760938575238444
6521.2108733049445 0.9573471386692487
4757.3744673196325 1.3912251376256348
8569.415573555798 1.1305092319732841
6490.665342669534 1.210063196647307
5140.810837061492 0.682817954841498
4996.466513207609 1.0220162815519553
6043.202865365275 0.9827194422348959
5682.131384331933 0.9265593974801015
6278.658197881288 0.8583396371464649
8414.09047916936 0.8073365647516894
4681.342524681972 0.9915473505503403
6560.096437706389 0.6969202375733662
3639.39410140208 0.8625401136538438
7903.533956480045 0.9554656090922846
9823.666910600936 0.8010598699940203
7677.128840882557 1.0268334640170398
6418.697845500085 1.2181357627259302
10266.105707589948 0.6517955156626298
8030.0946152499855 1.3443652834023978
6787.120163483172 1.180841658716103
8924.079269041493 1.0088053385634814
7577.343528853077 0.8157553492470214
9170.930424722143 1.380012625352492
3972.1230448507113 0.7238740192160474
5229.384755296049 0.6741019360791105
6697.011060707776 0.8074278359302149
9269.855033172711 1.1326841467233606
6047.2254552464565 0.8265249281538363
5372.486771211718 0.9049291283785248
7989.927202489928 1.0668086233569194
3356.470951775476 0.9322042452949768
6079.393311902206 1.2676903002721587
12065.318306206404 1.2679058820139257
4892.260213009642 1.3541039591569985
8183.781193053577 1.3358776507350607
