6 100
0.8619540535191841 170.8093014206975 546 118 114 123 131 103 109 132 130 112 133 134 124 118 115 116 133 108 133 128 110 102 110 107 135 121 112 108 106 116 121 110 103 134 125 108 135 123 122 114 128 101 123 127 107 103 117 102 138 100 115 132 128 116 108 132 100 132 131 124 100 114 117 100 109 110 121 124 105 134 138 103 103 114 101 107 101 105 112 130 131 108 101 139 108 102 110 137 124 115 111 118 100 128 138 106 110 111 115 104 119
0.8742358035492218 171.99024583479567 737 83 78 64 63 82 82 69 81 72 89 75 96 84 99 81 61 64 67 81 90 60 97 63 64 67 69 90 89 60 79 95 65 80 70 87 80 69 64 92 92 95 64 63 94 86 86 99 84 61 96 60 93 75 79 94 86 92 92 85 69 83 63 82 85 76 77 85 87 68 94 80 95 94 90 89 81 61 75 98 96 78 60 66 74 98 89 98 96 93 96 64 95 69 64 62 66 65 78 82 69
0.8062379312838973 170.23524062639277 780 123 122 127 129 111 100 108 103 117 101 124 104 124 120 133 112 122 124 133 106 130 105 109 101 139 127 129 109 127 133 105 101 129 135 113 115 113 124 109 136 122 109 121 139 125 138 122 105 127 120 115 125 108 102 111 102 107 131 105 122 114 118 111 116 130 135 136 118 114 129 129 134 126 126 112 139 127 100 125 103 124 124 139 111 131 131 137 115 118 122 108 100 120 112 119 102 104 127 138 105
0.8755068428893257 157.0334166033738 857 62 94 61 82 80 86 87 69 78 92 67 69 92 76 61 76 92 70 60 69 78 95 96 86 74 67 65 97 88 97 61 69 94 77 88 76 91 64 75 80 62 90 74 91 70 74 77 61 79 95 94 82 65 76 74 83 77 75 82 86 69 99 98 94 66 66 79 67 64 97 77 69 91 64 83 72 68 67 96 82 68 76 61 89 82 63 84 60 76 60 91 83 70 98 94 73 76 93 68 97
0.8016232257542845 126.34302436578179 858 72 63 89 91 69 64 60 99 65 63 91 78 84 85 89 69 60 99 81 69 64 79 90 99 77 84 67 68 95 87 65 61 98 77 70 71 77 88 91 67 95 86 79 61 90 77 93 67 71 87 94 71 95 95 90 95 85 89 98 75 86 99 97 78 65 81 77 97 62 96 89 67 83 83 61 66 66 82 90 83 66 93 65 66 77 88 83 99 87 65 97 69 71 97 63 95 94 76 71 65
0.8732207365221979 176.0250001071172 925 139 113 102 118 116 128 103 122 135 130 113 113 125 133 102 103 124 118 122 107 136 124 113 138 127 108 115 100 131 136 100 114 139 118 115 114 120 124 112 112 121 134 123 102 117 135 103 121 102 105 138 112 122 103 134 109 101 133 111 104 114 120 111 136 134 121 137 119 129 124 104 120 112 104 117 101 126 107 136 110 111 122 109 127 102 100 137 126 114 130 137 120 134 102 137 119 135 130 105 113
7835.425515140619 0.9560136877276262
5424.9926002945695 0.6615953732623319
7022.685808213576 0.6650720017649328
6185.374459274155 1.126800189469201
4189.790699561678 1.2842109804971595
8787.639442820731 0.7302860726550345
7071.357545597541 0.9555101571605888
8341.067217062768 1.0265955154066884
5369.7609876203505 0.8828284998380934
6898.421765237994 1.2196387870622027
7300.087481864897 1.2675289540176187
7683.10082761613 1.3005606539083259
7426.357712734978 0.9332768918258059
4604.910690960238 1.3179374459571984
8586.704919814565 1.2042771849813678
5790.9961007419315 1.3583241495824612
7946.1439940974 1.3822784235357992
8842.679093028813 0.7597929108756062
6678.374007725906 0.7472511370922419
6050.288345404668 1.1862712417550174
6856.796542162532 0.6693339811736125
8212.705021581034 1.0207824926524287
5159.593853157323 1.0275048693553293
4829.8627477452765 0.9906151461313671
9264.799925368221 1.0395464745085103
6698.561105914242 1.2868085721073457
8131.079005044682 0.6102089492192088
4930.69272701468 1.3892299121311782
8352.025448649205 1.189461482884365
8499.806395729607 1.0200028159486967
5125.6809021414165 0.6714929318435542
6025.87838014788 1.0504742867069583
7131.894749605012 1.1627543632942232
4632.3862882577305 1.060602329836185
4931.275866427126 1.2195284556686465
7869.659761046733 0.8708992528991722
4782.224855253484 0.7630803614680841
9054.78718150947 0.991641963677196
6298.483007940263 1.23590816102576
10559.403960854788 1.2059177652489774
8955.756425820015 0.7651085327327711
6419.757870152201 0.8320527002995353
7726.716212701404 0.7492391895241619
5610.290005342431 0.917370741234111
5475.367982238986 1.1066530930900225
6218.075730015333 0.8296100919596299
5252.33658530731 1.3395788192180444
6107.168950556377 1.3517824855570628
4358.321383790944 1.1227518115228823
5524.14493763537 0.9441568571102801
8574.507450401972 0.8804803182499794
8701.638763256993 1.391925078061243
6336.256155559741 0.7279785786645697
4976.874784703751 0.8211174514299144
5725.03058094747 1.3116039102161963
7053.9189423251 0.8922810608746053
6939.556375731921 1.189121554881893
8846.165409165402 1.3588787007618668
5914.398726527255 0.9126714154680642
5458.410664813002 0.7579767340520012
5448.405639971714 1.2351015339087124
7974.453715914509 1.2610765171938443
8115.610647345042 0.9962195613858438
7452.697089570733 0.9190573865264153
8933.178278356812 1.2176998202086078
7796.308493404275 1.280825410203809
2451.512740825573 0.861584432641956
7100.876378040975 0.9683530659452004
10107.586149639292 1.2256416532429997
6863.914131840662 1.3419633371489075
5479.1663688092995 0.846484547130943
8097.988629943597 0.821109031742122
7398.89334153831 1.1004130775993282
7001.400250347366 1.052285235701073
5198.260482021746 0.6190067744214335
7799.015036733504 1.0099033315017485
8556.155863403645 0.8096917253036922
11217.463156846668 1.3689293890328993
8207.33708934851 1.2608432327084227
5231.6284537486035 0.927530383573504
3037.8910929962713 1.3898611777505065
4886.511441617659 1.0356320175535898
5954.607083675697 0.8998928451954546
5704.54975619697 0.6741706228238669
6634.762191479717 0.8544770769501139
7618.887049384321 1.1823419401505957
6682.072399254263 1.1289237963673686
8882.471228044815 1.2523184827374136
8092.684748849302 1.3116828204455895
9293.655896643362 0.7290363036114166
6673.546940444385 1.0623425095888013
6517.882702366045 1.392001096420774
8046.371422521457 0.8085325649639687
4093.395050723563 0.6103183990642687
9029.896326619128 0.7883320964185571
5684.016517244511 0.8218056861749172
6243.409635527395 1.1864095380457047
5716.373435363539 0.8922509912374962
8249.267455835661 0.9484876958854143
6629.945217921388 0.880334586558599
