3 100
0.8213789913978667 123.97231448330663 549 92 89 67 92 74 72 86 90 92 79 91 93 69 87 61 64 91 93 64 90 79 98 67 97 70 67 91 90 92 78 91 65 68 74 93 78 76 69 74 91 83 64 92 90 72 62 98 90 81 88 89 80 75 76 83 90 69 94 90 71 84 81 83 77 96 93 60 68 76 63 83 64 92 89 80 75 69 65 83 64 64 89 65 71 68 67 86 88 69 92 93 91 61 70 92 66 91 68 61 61
0.8997332808800528 124.98975469735117 668 67 72 65 98 65 67 74 69 67 95 86 64 91 70 80 62 78 95 91 75 84 79 82 80 76 82 90 78 91 99 67 81 68 68 65 67 83 96 96 87 75 78 78 96 72 93 97 96 69 88 83 91 74 78 74 85 88 74 87 78 97 77 77 69 64 61 60 61 75 93 96 71 74 67 64 95 65 88 76 71 80 80 77 85 90 89 92 65 92 85 61 71 70 66 93 77 65 60 99 79
0.8916176485152948 136.6704596304977 942 123 130 106 115 112 107 119 114 127 137 122 138 131 107 128 134 102 118 116 118 129 120 135 139 131 127 107 122 102 136 111 104 116 119 107 114 104 102 126 106 139 129 122 100 123 119 109 127 114 105 139 138 115 105 106 103 104 111 115 119 108 128 121 112 116 105 122 129 139 107 123 118 121 139 125 110 105 126 125 112 139 106 107 105 116 129 113 131 137 104 110 109 136 121 125 138 120 116 100 138
7228.620952011839 0.872672079476836
4610.717262421238 0.913273690805355
5941.851743080928 0.88409108256382
6986.129398786578 1.049921312735208
4250.659329216985 1.1024406895623808
5669.75220377814 1.0302642163504345
7051.743636622615 1.0301869599238995
7499.249042666347 1.110901109394566
7362.9615685373565 0.9856272235883811
5759.162927956522 1.166152821840837
7244.426872970433 1.0537304782057284
4981.5476535559965 0.881872837430841
7396.9299663098145 0.9488912571352339
3728.988537299556 1.1458506808152746
6231.988193830612 1.166174679461319
4331.228110979466 0.8659744972650927
5849.625062795592 0.9962173688885134
3206.3524222315637 1.0447234907282048
6155.091596032441 1.0240056580294017
4569.154689144117 0.8176967627898107
6825.451528869887 1.0986404022577272
5380.65854078447 0.9860445261857615
6907.597325107268 1.0034512711246801
2042.3796218083453 0.925139455076523
8366.9880516497 1.1938496011063493
4187.434867558083 1.1497607637171385
8394.562590816888 0.998699669842762
4518.540627896225 0.8583870274211659
6423.513033049112 0.8759405614780023
6290.132059338632 1.1583236082697155
5085.84920576057 1.142475296940748
6631.507048900141 1.09211457274665
6284.570743388706 0.8320324434098787
6469.086366538082 0.9021732953077333
4252.506068850739 1.0406898687082062
6327.958583019421 1.1131366769766318
6362.5863385719185 0.8274457719824014
5218.428803019398 1.194478137325294
4588.279980371068 1.193235083945618
5228.858010387341 0.9167643819206662
7063.009446322452 0.8282206761266738
6450.931111747962 0.9401274366165946
8463.906461559465 0.9639634885473565
5823.821528883338 1.039295591560314
5805.244138169053 0.9096887040455329
5719.437652566518 1.0524654119988501
5942.815630835035 1.1093884612074378
2931.336198114705 1.0533950069327365
5913.666923935091 0.8328266566705432
5977.188767966834 1.1581511985082442
6468.471460406859 1.076793405456778
4942.644796718897 0.830252692494529
7386.59296666342 1.1906088175470955
7220.887794467026 0.8797294238878444
9022.724396206606 0.8182977872452275
5665.634215512081 0.9564394957916673
5744.1586331288245 0.8820196130406346
272.765280175302 0.8635717624347485
7139.443343863336 0.9683504946292414
4382.124412868783 0.903200339916733
6647.813544061416 0.8545757196768733
5879.555698495147 1.1888723104587129
6544.069590180277 1.0365351116285584
6847.31914795782 1.141743475356828
4159.508169667766 0.8699488564378105
5391.989411453156 1.133108039984291
4047.3678639734594 1.0361478980424268
5223.31458454801 0.8968722380342024
751.6102404369212 0.921298791139437
5683.868421221067 0.916810508722465
6068.816228243547 1.0362083693015123
8130.535647690783 0.9229444260965838
6205.313500480964 1.1569526598801994
8226.406473914569 0.9681250639832096
5462.209991596723 0.9279239786890259
7499.745005898845 1.1177915666028204
6147.001580333784 1.00446937405878
5981.908048288121 1.088770179935772
5509.61903580765 0.8673893434045281
5935.070420366147 1.0159073920971418
6336.000522168024 0.8500868842283719
7763.667605458009 0.8466123466092277
6405.77050916935 1.0681674175317473
6226.535087037393 0.932752509079779
5692.6503668288515 0.8100861805609806
8247.465436614802 0.8870413751118229
6380.1797943754 1.0986069681104258
8561.842476043657 1.170148381284907
4159.073217650896 0.8649041997930184
8325.446657347153 1.0824500529911925
4297.967922553947 1.0117527522678051
6766.320228071877 0.8809873346385851
7672.925147398477 1.071959230387106
8388.756384017703 0.8002763201613636
8268.204716661387 1.0128451972525399
5837.155102420244 0.8844115565206788
6318.214602638118 0.8374684685694971
3497.1876846417736 0.9324794596139087
6345.62453897594 1.0478949653035825
5175.019965580943 0.953583153459717
