3 100
0.8504011075317401 158.51191872301484 750 61 66 74 97 61 83 94 90 67 96 99 82 74 68 84 86 80 72 81 85 64 86 72 93 68 99 76 62 68 97 97 81 94 65 66 71 92 79 73 71 79 80 76 89 71 60 64 87 86 65 69 90 75 64 81 84 68 64 70 72 98 64 83 73 94 60 64 67 69 76 92 78 65 75 98 83 92 72 78 79 82 65 67 77 64 63 65 98 62 78 77 67 70 80 85 99 81 94 88 64
0.8070275787533683 148.87525390284299 762 108 123 124 129 111 118 126 127 122 104 118 123 125 129 132 132 108 129 124 132 132 134 135 114 107 111 119 118 117 113 125 131 101 115 124 110 110 121 118 127 104 107 106 118 125 119 122 105 122 108 107 133 101 127 132 134 137 131 111 129 110 107 124 113 116 119 102 136 101 114 108 110 128 117 135 134 112 103 123 108 116 134 138 116 127 103 131 129 130 132 108 118 106 109 137 121 105 109 139 107
0.8080300276937515 178.6277557591861 797 65 90 81 89 72 69 62 80 88 74 65 67 94 63 77 66 80 73 79 76 84 90 82 72 89 82 96 73 71 89 70 70 72 71 66 61 87 63 91 91 88 78 65 87 76 83 98 65 98 98 99 64 85 92 61 75 62 81 88 98 75 92 81 75 72 97 97 92 91 66 76 96 72 60 87 77 87 75 95 66 96 60 60 64 89 64 75 76 83 80 87 80 78 68 83 62 62 62 61 76
9073.262448638116 0.9919678682119898
11466.856391074878 1.1781579121829053
8292.706892945755 0.9155443137227087
4751.31707541979 0.8955646183729621
3970.6677875632204 1.1554068534674535
9305.229254318288 1.0130193691997524
8596.038556078438 1.1472501763841452
5248.016685754413 0.9181702455954913
7168.699196307585 1.1763383310420483
7090.542070901347 0.9271430525373929
6855.002619538726 0.9386452385641898
6944.508042133215 0.9049331258564876
7281.442365086361 0.8822956542499588
7895.649593450873 0.8481181891119083
5294.916182559586 1.032751107840884
4881.309124719588 1.1886163518704314
10284.497101574343 0.9914950031379509
7327.735705843918 0.992717111544445
7377.548934415584 0.936905281508084
6588.24460344516 1.1782969852459808
7962.5981271757355 1.002324633650391
9028.617579672456 0.9968885559723344
4498.161422996616 1.0033153318746861
9572.131819062486 1.0127693836302158
7055.120855161363 1.1096371412289314
10102.87562502801 0.8956005405600443
9537.426450181596 0.9543030719771638
8106.808478642355 1.0067919672197732
5668.714590735641 1.1102966874140043
8964.637667515257 1.1894041115437446
6026.678507951818 1.197714438775444
9704.644000005712 1.173908794373288
8433.172256232727 1.0945270304573276
8949.107987679594 0.8215606058800589
6999.947247493723 1.0114528313283877
8780.73744608878 0.847938178960268
5631.172481261773 0.8255017093726655
6527.771695083409 0.9445280385701551
5560.863215762378 1.0810385247640055
7289.407325616958 0.811428814372256
6877.483232765222 1.1900994923172799
8666.463517781523 1.1854655042681097
6074.9747395493305 0.9656113978936761
6157.605912133922 1.0769467766220193
2274.4329726210544 0.9225610627659961
6773.27496526397 1.1818860260378274
7492.026236795586 0.9191421523615102
6793.40936697493 0.9162714138623326
7064.965271481397 1.0166163916915276
8181.001563425534 0.8992589768003038
11215.454789646194 0.9669546235362861
4325.26081995132 1.0070790758232122
8399.596299659872 1.093168562839681
6911.828236076777 1.037917938662525
6982.996208471454 0.9215655754452731
8101.668647388478 0.9564745801164861
3778.5187318295625 0.9905378865578145
6155.456176738263 0.8207124369147296
5606.240660432759 1.1935493846876357
6886.900681356409 0.9276113581162979
6590.088070170889 0.9870775043332852
7401.315763329624 1.1993639707876433
5622.575285724584 1.1686847876723814
9077.504342379443 0.8051814015091477
8427.647073654889 1.156314171172066
6080.257772640385 0.8653080412493096
7869.591312326422 1.0182305984817166
7453.13337682096 1.1482174473085789
6438.449842252335 0.9019851822730037
8982.591204832912 1.0355520089048842
6775.850400858355 1.1748570113074737
9053.205976851017 1.0469104812456087
8125.440902355085 1.1772731495604931
7641.764115141361 0.99809331892481
7039.464428878535 0.8650196202145863
5699.417636432554 0.9549890294061191
5900.0763466741955 0.9609181559824267
6118.439316507996 0.8279771455496614
8198.30725717109 1.004009530706448
4809.433600786678 1.0586219053635144
4343.580057880903 0.8081746343452718
7545.318098796053 1.0196319069176871
10102.61305689743 1.185197239071416
6427.8810160922285 0.8331716690270345
7179.850755162517 1.1962940426205189
7861.678536191154 1.163607329396238
4159.514564381693 0.9112650103581251
5871.601694718021 1.0858661962447722
6091.908139605358 1.0180606776841614
5190.308498249893 0.8106512475333842
8117.264376817773 1.147536341511503
7862.493555201845 1.0977000163301482
9236.265535561803 0.9689797906987258
5921.277310586988 1.1117634272397443
7802.701376162145 1.1876673745871493
9118.472760395394 1.0613564286364903
3757.9024507340955 0.8118845964301652
6478.446547676115 1.1122526853882757
3358.5585878179145 0.920264255352826
8523.489413805217 0.836598110594977
