3 100
0.844686542549131 164.2974788826104 549 108 101 115 112 130 139 112 100 135 136 103 138 126 100 137 119 109 101 113 115 126 116 102 139 104 125 108 130 110 108 102 110 110 105 116 137 132 111 119 122 136 123 139 123 107 117 134 106 126 118 108 127 127 105 126 115 127 115 106 132 110 105 118 103 107 118 100 119 133 102 138 133 121 106 139 128 111 139 132 130 116 118 120 100 107 112 106 124 118 102 118 118 120 126 112 136 138 139 122 116
0.8933206308628424 139.91384880680724 576 78 74 99 61 90 65 97 93 79 90 92 74 92 63 74 61 97 76 69 65 74 80 61 75 74 99 93 83 94 61 68 66 88 94 84 88 90 81 61 88 64 75 76 65 68 86 88 80 64 99 75 69 78 85 65 74 92 95 83 84 63 81 79 90 82 94 93 84 82 97 81 66 85 93 80 85 62 80 90 90 89 84 87 84 90 83 83 82 87 77 98 67 67 85 97 77 60 86 89 69
0.8473110737630191 143.0471121210112 979 93 78 76 98 72 61 95 80 80 77 66 91 96 74 78 74 96 81 76 93 69 99 98 97 61 98 69 84 75 78 96 67 77 98 83 99 84 66 85 66 91 79 75 96 70 64 89 81 66 94 88 65 87 90 94 67 79 84 63 73 74 71 77 94 62 71 92 81 60 97 95 85 71 91 75 66 84 99 92 65 74 93 97 63 89 87 71 89 66 93 78 82 95 64 82 66 66 74 62 72
6325.236010602165 1.0033746244391397
8713.124800975924 1.1598567239026738
7028.702897966433 0.857955252364726
12398.545011603781 1.1979981770391412
4700.053513019269 1.1486067549072054
5969.713926490291 1.032765617346943
6786.967208057216 0.8589784918420122
5655.805318357878 0.8817601269943052
6984.083296194903 0.8503314091829951
11197.86559138055 1.10583212462574
6610.2856669657285 0.9980939238960057
11387.168640469223 1.0932324303495005
6005.6173378991625 0.8976377836544985
7961.004288386085 1.0346498297794688
7291.553569101046 0.9493322659207288
6261.04903388558 0.9084980934214499
7959.772752649968 1.1634366705864776
7024.300684069018 1.1584845963768517
3987.245020500096 1.1975893182645616
9641.378851401008 0.8072725137464208
4477.262353529917 0.8243754356112796
7698.71377231154 0.9035098093793837
9737.814393822335 1.1341847430335987
5707.299998714015 1.1571121770857364
9524.176581199861 0.866977555113674
9200.245532264142 0.980776200226836
11803.324728105952 1.0185796321090774
7159.923593509788 1.1913512401366684
7778.804288426643 0.8841353854101576
8731.878579663737 1.0665275136540346
7202.178431478041 1.1100645358959151
9699.900778130408 1.197159189026505
4921.350093470296 1.0531796666791082
8192.34086608507 0.8634464865670791
8726.91657340691 0.9009376050669731
9948.228158323165 0.8010431506251857
14908.810914801674 1.1483885707584278
9354.596318852777 1.0878237115920277
6614.587110325697 1.0436821545000563
6151.372895542211 1.165997370139508
5730.729283599732 1.0318590019128189
10945.340907855945 1.1491106873001136
8886.983217708415 0.8611531714251324
5703.480300663356 0.8689775899032368
6528.745591093225 1.1891546868746796
8711.16813255056 1.0758121807296341
6855.768749203518 0.9997896967259476
5843.1664016534505 1.1856068463169391
8689.811095732188 1.0353620085182498
8334.265360878815 0.9677774070572726
9432.368992917072 1.1904283549996681
6772.822910016048 0.8891363769070028
7431.661852180267 0.9984302550919344
5648.519520235124 0.862038286477903
9614.751327432958 1.0627462881933996
6541.967129530355 0.9203526397743834
10621.678483622454 1.1525216362531292
7950.356137911606 1.0365203772729235
7432.929950933865 0.9239118304364017
6318.831186400945 1.0222540231840103
8698.269268745393 1.1380055832736131
5845.117104599984 1.0859013806259188
7819.931090211206 1.0572731843621501
8906.510983520682 1.0454941351563705
5902.511382480661 1.104585749160361
9907.613443198617 1.089566539711671
7668.232783034769 0.9207936111524379
11351.940809138452 1.086898555040903
11176.375058745863 0.9665541996197679
8282.828461127652 0.9261047811148574
9897.616321920254 0.8699914641870935
10538.108641219113 1.159474225204988
8661.501752647882 0.8336774949991792
7292.87573669306 1.0040408364788618
6670.219692457096 1.1008722761040795
9199.841667798864 0.8677318824514081
9570.771545123906 0.9650705484657532
8520.985567342614 0.840093923224311
6712.317771126217 0.859418817306288
7165.624575307762 1.1815220362540986
9695.758692745674 1.1594354778919012
5988.465817514218 0.9899950970205994
7418.710505594783 1.155258524680497
4710.837900531247 0.8965306134545112
11189.837660489873 0.824200315023935
8158.723657067278 0.8033571373368116
9266.4232833282 0.9538165417847425
5744.734461915786 1.102762976922413
7342.875169451764 1.0926990637223934
6932.582698973459 0.9815432494078513
9068.225187771242 0.907443239913671
9738.99811460032 1.0507892407352868
3228.104836024825 0.938850572754391
5176.254066883593 1.1076738393195042
7050.191236809824 1.115243318796847
8149.483181574774 0.8561754629618645
9175.736310636257 1.080546892958966
6196.618502174357 1.0668323034129408
5670.173019479533 0.8422383014263941
11990.16795381311 0.9601196450314945
