3 100
0.8012507678912563 156.7390556734128 505 64 82 97 87 74 66 87 60 95 93 65 91 97 63 83 76 94 96 88 67 87 90 70 90 67 96 75 68 70 72 84 92 83 98 93 76 77 99 74 94 69 62 83 76 92 82 93 98 80 63 80 98 97 77 90 88 64 73 76 67 64 65 66 87 68 60 99 80 87 80 62 71 89 84 92 60 79 73 86 65 80 97 67 96 69 84 98 86 66 82 63 94 67 94 94 64 65 87 72 96
0.8132454965228318 144.7957980058355 633 61 99 93 80 65 86 97 72 64 67 91 73 68 93 78 88 63 72 92 84 67 93 73 90 99 92 88 68 64 79 64 94 66 65 90 64 68 72 62 83 70 82 89 61 94 63 90 62 98 81 85 60 89 91 71 80 73 97 64 82 99 62 90 70 91 87 92 77 70 66 95 79 84 91 99 71 84 76 90 79 87 80 61 97 74 82 62 80 70 92 77 79 66 65 96 94 94 61 79 84
0.8290099014232292 146.5382613307071 848 109 134 116 130 103 118 120 131 123 111 117 100 107 110 134 102 128 108 115 123 101 138 127 136 122 109 134 123 120 101 109 139 130 112 109 134 138 116 138 131 117 104 136 127 139 106 133 132 103 109 128 109 137 109 123 131 109 102 105 124 111 131 133 132 132 114 133 138 139 128 100 124 111 128 128 133 123 139 130 122 107 103 128 106 108 122 121 122 129 117 103 113 112 119 107 101 131 133 129 100
6248.022320595775 0.8039725315205691
7082.919890080309 1.083622050746124
7095.113134022617 1.1111258033312237
6790.026854778734 0.833547674044176
7259.543236737166 1.0462991670811124
8607.825782639806 1.0580536725582521
5697.316046807701 0.937500770158601
4344.0877646890285 1.0290096625754606
8851.317225698656 0.8783344502783181
4948.848807207534 0.9197913702959429
5784.405614284291 1.089595183694209
6806.757088344414 0.9218327119147312
7289.082740180971 1.1995546228844916
7496.234493820682 1.1492685149643753
6757.804702132424 0.8188722044271982
5288.037772366278 1.045944533742958
6092.837159749125 1.068715898821865
5008.099437138167 0.9181994595846219
4310.218018828841 1.1448476071149025
7611.1405415723475 1.173110693323303
7596.309858605681 1.0068506405371982
8279.314008554831 0.879785853217516
7921.819149312867 0.8230085865579737
6836.571408238603 0.8681251653028039
5729.466391496331 0.8175796999878859
4824.608915288958 0.843013175757898
5366.9581331821355 1.0307272487208543
7641.843526874001 1.089502273290558
3763.0022270318377 0.9563356442556668
7121.268046527652 0.9355029281492413
7090.971731986774 0.9484382516794455
6557.343126909982 1.1162496069799264
8174.020267354829 0.8770189336600251
7020.402600687 0.9374811031982582
5082.49512577188 0.9352881402113462
10738.118812883582 1.0204825523055399
7993.153330098148 1.1690687663380293
6177.344431704832 0.9872955043137384
5733.250324203975 0.8324570580278532
8805.19964802205 1.0730216445918315
9191.910448264196 1.196929624412399
5752.9265946254645 1.034869482705161
7358.274176112464 1.1510678824123344
8971.060257587134 0.8951352817744601
4994.268822484191 0.8628883142862449
7722.199590127573 0.8223682541388879
6051.6458825340815 1.1902083313739333
6998.819102355921 0.8125297643717346
7025.890717117818 0.9673879377047792
5307.853352246557 1.0645435966204058
8435.621700389233 1.0759656221440776
6737.39206719432 0.8683897117870543
7846.0822255701805 1.100932429589725
7159.222614741499 1.1837884183383927
6422.259859904356 0.9438431355568797
7640.933860296945 1.15371464236228
8150.949595803922 1.0951282880454767
5520.337173490391 1.1614825942778593
5876.670428942929 1.048629203965948
4874.652721143484 0.9599323105420795
6860.842353404544 0.8745378599402208
8071.370135809569 1.110508316155793
4504.606133727413 1.1009323561961621
6111.973235950174 1.1307014917844773
7571.250040270515 0.8125302095112015
5842.191728408223 1.176061636128412
5514.208577613751 0.8609201335146129
6368.330182354701 1.029465297257225
6873.788296327862 1.196056082114068
7004.299371587037 0.9887111554106935
4925.996533439944 1.0083126926567585
6608.603960498427 1.0396576125404366
6735.604199537081 0.944948308412394
7106.87784152837 1.072993580384781
4522.107332070422 0.8299239730910398
7013.334485671911 0.9148642548320565
8746.567848438988 1.122200830664681
5643.937958698707 0.8939085124773334
4270.6104980522305 0.9544056746278969
7678.667330654049 1.1431894204249604
5990.2363943154405 0.9189997861634113
4709.444555931637 0.8270391244405224
5849.3922923207765 0.9001700192668785
4923.630567349331 1.1661800740787944
5697.652589535897 0.9689277981393569
4155.287299965747 1.1208213296263256
7548.003076463423 1.1768899763883893
7299.511704694534 1.1451481838564128
7969.359281210804 0.8152299989983799
7616.838276379428 0.8196501147621121
3808.377126033198 1.0520732360846952
5913.916232601656 1.199207839470036
9181.812119347393 0.811155643367875
10476.022139924018 0.8998381199691866
4600.804208736047 1.0167244707696965
6953.9466918559765 0.9844994787006891
5823.3863746699835 1.1519113138898245
4185.044661280162 1.0848468246865435
5294.529680786309 0.8663005591598567
4175.644543109234 1.1903453041459446
