3 100
0.8276347379039145 169.97326367068067 527 100 107 108 128 119 112 109 100 108 112 113 121 134 117 103 131 121 131 108 109 109 136 135 132 128 108 105 114 103 138 108 124 102 135 132 139 137 100 135 125 112 111 135 114 120 122 130 116 113 114 100 109 113 117 123 123 106 138 129 100 109 102 136 134 130 107 138 139 131 103 127 124 114 125 132 111 116 131 120 113 133 100 139 133 129 104 138 126 100 103 131 108 103 130 101 106 136 109 122 114
0.8054336828824427 157.87841765582684 532 78 61 85 95 70 93 90 96 98 69 93 60 68 62 70 75 79 89 92 78 75 63 97 71 90 77 88 95 93 86 81 74 95 65 87 83 66 95 93 85 70 68 94 62 98 66 83 65 89 84 67 99 90 88 91 67 93 74 70 83 85 68 71 78 74 91 83 67 61 78 81 93 67 93 86 73 87 62 62 61 92 79 68 63 98 88 66 66 93 63 71 61 95 80 83 92 91 60 76 74
0.8446806879205527 159.39352568282493 916 73 67 78 73 71 91 98 70 61 85 97 62 85 96 78 66 62 98 61 80 66 68 65 83 67 60 98 89 91 65 65 97 66 96 79 83 62 71 88 72 76 79 76 82 85 86 68 79 91 81 98 68 80 66 79 78 70 89 97 85 75 61 71 77 87 64 60 99 79 79 74 63 82 69 92 99 76 61 90 70 73 61 78 85 89 93 94 85 67 94 79 83 75 78 72 95 63 89 67 74
5844.646481169369 0.8467838221299208
5654.256690553876 1.104705938268305
10070.715622997306 0.873641791629565
6432.828011763475 0.8534600730472894
9598.552622397947 1.0051521296739927
8927.03530737362 0.806522877246161
6792.909060028276 0.9107803025821446
6098.8887896914275 1.108703123991551
8846.808966629935 0.8848027240044942
9224.424466794557 1.1192052654704496
5882.045137523728 0.9225457576319993
8763.616810449106 0.9450734308601894
6626.061301756781 0.8505980908717967
6503.458382921724 0.8167753017495397
8893.899369285691 1.0921906609554912
10478.098227356708 0.8692051335126508
8295.085622204586 0.8589309411531112
7035.718722519024 1.009297984371887
8512.521597263894 1.0082808457385066
6715.036044481876 0.8841199591573804
7727.927397806995 1.1766381291448407
7611.701519745607 0.9088035311245944
10488.264320235 1.1257905481108743
9692.554485890416 1.043462714222114
9047.306492387705 0.9927810375286499
9927.327674379623 1.111961468892827
9361.456229030748 1.0684520431570956
4097.048881514607 0.8252843847351816
4640.377668426573 0.9025921960708619
6397.17285814716 1.0259915486168614
7352.992730011685 0.9755448236848107
6914.720896796533 0.9945680264639754
5728.437920363649 0.8303761133364714
7244.051106855275 0.9541894255937078
6115.883507127322 0.8947160486218685
7133.817906696388 0.8976424755344531
6575.42220894821 0.8537989292816657
6239.847119669395 1.1472446087351582
9192.485635606532 0.8929254158981429
7293.06499343812 1.1192916583679702
8430.417391020954 1.1116320035404414
6060.75162016537 1.152672148108091
5011.344512286179 1.0998461168154567
5855.078767668798 0.809291650386819
5074.171729886038 0.8254706167980269
9120.817258692456 0.9124626328983121
4732.3537203717515 0.9941007074637036
9919.697995883229 1.046089177617167
8862.826565444897 0.8236638559699252
9654.103083535858 1.0198782881993627
7569.462950497906 1.1507040087813603
12803.463729405776 1.127496087373642
9489.211779646019 0.9304907899698593
9088.38385971674 0.9968655092792762
5639.263867358912 1.1084974515532222
10190.398771916014 1.10977887115074
9131.309902084724 1.1565374895608305
5927.629607836037 1.0020372606602004
10259.379913518398 0.8755224276377264
11690.84152068918 1.0823426072771152
5703.418796579708 0.9211491693499179
4573.480676403022 0.9898396261323261
5917.303336845573 0.8158931554137372
6708.413513760344 0.9477796372041429
6828.671196993604 0.8316114929180582
11087.963878263718 0.9304747220112318
9969.702654664188 0.9221855857836614
6644.462020252879 0.8494194938559607
7825.185358989527 1.0236586659384694
6057.398602176669 1.0589506210756015
8832.619535290685 0.9436711114286325
9082.636198259617 0.8595490810846363
5876.683822386632 0.8354140866294497
7698.743319949091 1.1313240082639506
5744.52753643812 1.0944478794721635
5797.438928778809 1.0047277089512858
6025.7957330188965 1.1147688961800446
13560.21427886539 1.016741232184519
4438.761132393048 0.9705113457792434
5243.65635932535 0.8153049193220685
8206.444126410288 0.9815734494928232
5597.9707258576545 1.1704642629005737
9253.78795905016 1.100114651688275
1294.168389344115 0.8441177675794376
6819.214023235474 0.9870339214646027
8300.993659539712 1.001129579666599
7536.102581700374 0.8305430639291106
9151.683210536487 0.9154708783369544
10042.569343083404 0.8190155897801749
6891.088937602895 1.1059967782402413
5667.6240050454635 1.0643981395761466
9044.680447254756 0.8403160598184364
7456.9819283143615 0.9281673297118047
7125.76600392134 0.9862124608056247
8764.673574014281 1.0658347004554705
6082.477974375726 1.1750302059184787
4377.108268690741 0.9134158815894148
11062.356147142968 0.917916168768835
10455.730385244198 1.1873003629952357
8206.157957327609 0.8741812142666554
