3 100
0.8138066332962908 170.19505274651073 609 65 81 99 87 72 99 70 66 75 81 81 80 79 80 93 79 72 69 97 82 89 97 69 60 94 80 92 62 72 73 93 66 67 68 65 97 66 60 86 87 91 88 72 83 72 70 85 62 93 76 74 68 82 92 83 92 65 67 97 71 98 83 77 79 66 60 70 68 79 62 81 92 76 93 61 83 86 88 85 72 71 87 60 83 63 96 81 89 71 72 98 61 83 81 66 66 83 76 75 89
0.8343091296162466 174.3570563076537 640 86 88 71 76 64 80 92 96 79 76 64 89 93 71 96 73 82 71 97 78 75 92 86 88 87 75 74 92 81 93 64 69 85 99 67 66 97 71 65 90 74 68 68 65 94 77 86 87 91 68 69 81 77 80 61 86 86 93 69 61 83 75 72 60 80 73 75 76 66 91 98 87 69 90 95 93 91 77 76 79 63 86 61 68 62 80 89 78 99 96 99 69 74 81 83 71 95 68 85 87
0.8978344458297842 124.93690527105694 728 136 112 127 117 106 114 110 136 101 112 102 137 139 139 119 100 114 137 139 124 110 102 116 110 104 100 130 111 122 130 101 109 122 112 108 123 105 133 100 117 101 139 123 116 117 109 113 100 115 124 109 113 104 136 122 135 122 111 106 103 122 139 111 111 108 137 101 131 132 130 135 139 126 120 117 131 136 114 104 109 135 105 113 124 129 100 139 124 121 137 139 130 129 108 101 113 101 120 122 118
5866.501525544239 0.9793573155725226
3428.262710956638 0.964637844517513
1817.7395456499562 1.1832836236784894
8048.187284079695 1.1644111646148003
6406.315332533685 1.0415184236530464
6610.364195072258 1.0913496267992544
7500.574595289899 1.1370054139646697
5284.417502208117 1.0637850115122875
5764.460439441236 1.1912572351873547
5285.567832283683 0.8865585631274329
5935.982098657245 1.1259180167069005
5935.881626577368 1.075097843838718
6038.405674736424 1.0244187246257823
6821.961303155773 0.9215237980534173
6646.306489704926 1.0746876829480536
9663.162256186013 0.8839261545252944
5428.998874623751 0.9408036664088542
5569.958039171168 0.9953282114473689
8385.856924301415 1.1088784371663551
4075.109464100472 0.9388939249925246
8783.347254860915 0.9530447358390493
5989.815446070662 1.1316191186537174
3396.616900517711 1.0957754867109621
8734.642508744826 1.1019768190407278
5194.937879306753 1.1208282066720936
4305.660941646065 0.9254664893702867
8004.892692092343 1.180996845369691
2996.304709326667 1.1377503106894826
5552.40499669573 0.9389928315228498
3971.9796232129306 0.9024163340580851
4063.0134738434117 0.945043799206932
8796.359600041309 1.1746164923424782
5679.255434680021 0.9376757616426928
7395.665650561982 0.8073845830407229
6138.109482915974 0.9605148030054194
6472.3111135141 1.0416519301353495
6407.000415818257 1.0648101158749816
5510.746910360035 0.9437316462725319
5714.457063415284 1.0912677948710299
7660.190288943052 1.1262808453049467
7957.99286546883 1.0547970968777591
6447.847440629149 0.8547394303999867
8517.66578945678 0.8565719347269751
5750.206632974291 1.167137723244148
9371.86066605977 0.818406866635411
6749.323752804763 1.029804960136504
5174.926533052977 1.063313037500755
5832.263810643673 1.1723191815892537
7290.485379499187 0.8974289626320033
7515.239999481326 0.9730915257060256
7076.001223398626 1.0838251096255729
6901.615249923462 0.9383404923795585
6502.355079354464 1.1823459098790519
5101.811929854221 0.8672784759542351
10481.650513057946 0.8470853461566056
9409.943841905679 1.042813299722167
2921.692007944275 0.913082410104195
6789.8729251769655 0.8826818897532472
5735.490906340242 0.915255546871402
4436.901445532254 1.0586731681250388
4474.894450427382 1.1038167063831565
4152.310127770994 1.0598593634095745
3951.883173354804 0.826400130593225
6152.242889247956 1.1765373475724723
7825.7111713115155 0.829145095721162
6770.382196156378 0.8732536418143158
4061.136854035842 1.069967942003146
7899.048543987914 1.1460560245513538
5504.721068991582 1.1234329521919602
8568.326197542317 1.0642911369970904
7768.884865502786 1.059103951934882
5543.3952911061715 0.8350606128880976
2921.42462589017 1.1874943870109134
7587.208236162566 1.074806990179527
5867.586214752216 0.9966832181863347
6953.984107917614 1.056570310950406
6845.295550633227 1.0261970058137215
5425.604039515016 0.9248409294998603
6668.293034410108 0.9697079045644743
5192.5703689354095 0.98408190631264
9031.935768677658 0.9239476786719565
4622.027487684857 1.0896712252617398
5867.343512091851 1.1167282833846457
5160.126324199182 1.1375063746878502
5775.49836894474 0.815427672222766
9311.73626148256 0.8089216066678111
7563.812427369967 1.0311443401158393
5122.735787928463 1.1908753551373834
6559.197610783796 0.9147123829718674
6925.520319136539 0.9873685016213406
8637.454947260096 0.96684419081828
3644.8230667780294 1.0429402331855706
7753.4130312140605 0.9159735275874835
5318.954796355709 0.91655212603827
6866.209206898031 1.0021842938783954
5958.2382560811775 0.8051283053684856
5609.056776217776 0.9308094275410752
7967.846232073058 0.9777914560603296
6070.327297236117 0.891315304590755
6032.455167839477 0.900719193468987
