3 100
0.8198914755395598 130.1531731864058 598 62 70 61 74 76 97 77 83 91 74 74 93 99 73 76 61 72 66 99 87 87 78 69 60 71 75 60 87 81 86 73 66 84 91 65 70 72 85 60 75 71 95 65 97 70 82 76 60 79 77 68 82 74 86 89 81 84 95 70 66 91 71 69 96 60 79 82 92 72 92 91 95 62 88 94 63 78 70 69 61 78 99 79 97 89 65 71 98 78 75 98 94 80 74 72 78 72 96 81 81
0.8890759522475881 142.44355742136273 779 72 73 62 73 67 65 71 77 93 66 87 88 92 93 95 70 65 73 62 62 70 61 84 63 88 70 70 98 91 89 77 69 93 87 89 78 92 96 67 80 87 71 66 68 74 94 98 64 90 72 61 94 81 69 92 75 91 91 75 96 93 94 72 93 76 81 64 87 70 75 68 70 73 88 93 99 63 76 86 71 64 65 76 79 60 82 78 72 64 65 75 78 78 84 74 97 81 68 97 74
0.8410149692423422 178.6453731940722 865 136 101 134 117 103 102 122 108 124 136 126 116 125 136 107 125 114 120 130 108 126 125 122 139 120 117 106 131 130 124 134 135 128 110 134 131 137 110 121 101 120 124 113 126 132 110 116 128 135 107 126 133 101 110 124 109 137 106 101 110 100 115 137 136 108 134 130 139 132 100 132 122 130 129 104 138 118 119 115 127 112 113 108 139 132 113 132 133 111 116 117 115 100 124 131 123 137 133 111 126
7182.1028825288295 1.009224876877288
6626.714507315623 0.8882807435920788
3943.7051193848524 0.9138241118518625
3660.2106532479115 1.1911143738036407
8339.514423078397 0.9386725724918494
7151.480402865281 0.9951072048691407
7836.425294383033 0.893632655937836
6819.889509802147 0.9704135233350606
6994.75288400395 0.9328961406047335
6848.411751717894 0.896880353604059
8509.38567181549 1.167215438474231
8086.933742047306 0.8969093330185111
5524.6374120710425 1.0401319555845856
7609.849734692444 1.131420693232371
6821.753812702136 1.1207046823146793
7658.796958573599 0.922571656467831
3720.573954561956 0.914166922741141
5427.849038870367 0.8681877129750224
9074.270493047496 0.8789010245999107
5283.018965941011 0.9742551186440922
7950.5795594222145 0.9667750986125438
5269.65062732617 0.8119907501980383
4548.746527969275 1.1391178619478413
7436.600883814216 1.0698589605731863
7785.1226555291305 0.965292960654954
4891.886761305126 0.9119940430215883
5759.754036085884 0.8969785558858155
7570.0455174677745 0.907221749118578
7104.166666807318 0.8103022380105903
6432.5702551074 0.9007536187950583
6906.764272863642 0.8006820903702647
7267.724642026262 1.0349601686026202
6342.417689954337 0.8729452446413656
7773.599713658049 0.8443655652743477
6675.7815278966145 1.0845718576043484
7416.614523713975 1.071702967981312
6824.207774489835 0.8195068478279648
6009.272480166061 1.1519641853786429
6760.779390147939 1.0834088620873978
5666.441546552426 1.0505795299755993
5213.3372130040625 0.9253653736914361
6890.136728972474 0.8242875605474909
7752.96015201347 1.0039216268076303
2834.5835989527877 0.8551256754919823
1873.511029080204 0.9378391419708614
7662.13566072971 1.0447734021521495
6340.484316792639 0.9767004319426783
7270.319999456456 0.8670857234582461
6022.370895402438 1.168623222874336
5384.79765706194 0.8640352692155541
9621.85308014831 0.9875731706737045
5757.396580386138 1.1368723580529012
4866.165473643179 0.9452648513487759
7247.331316265298 1.1381127459553695
6751.8562163111055 0.9945543262303804
8713.176313750537 0.9412190840403342
7292.209848375926 1.115236408866011
6446.32861800208 0.9870990201547395
5106.253118791854 1.0930076448133743
8176.364531256228 1.1238190953866902
6967.587699263235 0.9852239793157488
7143.634399639705 1.0175958013236228
5696.571227619639 1.1566838538791386
4874.937078335078 1.055404993684736
8538.639211355769 1.077060693678348
5298.396718446576 1.115030351100994
8147.995823123707 0.9055097993663048
7170.655229705457 0.9792372647236143
5306.045227393336 0.9247863658222445
5328.690631082109 0.9230605894274411
7916.054440081576 1.1163877052700033
4564.147793411686 0.9606991512856047
6295.357221907406 1.164797881246305
8054.533419184409 1.0256903899572527
7838.523123719492 0.9130268908646071
5907.706172117148 1.0742371096862757
8033.871468018298 0.9723021670168394
6160.534927060488 1.1143295070392367
6030.654178754603 1.1945340041615427
9211.655764693553 0.9209482475859235
4490.477860190516 1.0442295330704578
8630.238007211889 0.925976616653138
6940.252425674966 0.8456817750448061
6982.457106640797 0.9998095605464067
5711.446642077957 0.8034903780251053
3408.3778072969176 0.946035163379034
6226.6664448744905 0.9147920327107243
7669.952020378367 1.0890756459318431
5426.650711548383 1.1148285408595582
9969.731191633373 0.8614850977792193
5445.912755196956 0.8784241989043134
5412.303343045424 0.9572828324464195
7906.976234007076 1.0832649389949933
4553.250770041525 1.0343456840119394
3013.700811411721 0.8470983053285257
9401.196557480704 1.0334232190753727
3585.136263970801 0.8871000174815005
5829.900497473975 1.1549268652925209
7505.196711725262 1.0345650561485153
4260.768371083626 0.9157156771122488
