3 100
0.8167194531554406 120.42633374232818 515 95 70 86 81 74 66 75 81 99 64 74 65 94 92 75 82 67 70 75 99 79 65 60 72 93 78 92 61 99 91 98 67 61 98 77 94 77 81 60 94 70 95 74 99 73 77 77 64 73 85 72 71 79 67 60 74 98 70 83 92 76 60 74 86 69 94 87 60 66 97 85 66 76 74 84 85 78 93 87 98 91 72 62 71 60 85 77 88 69 73 63 96 79 67 86 92 92 75 90 87
0.8595059006733453 156.15459122516188 660 102 129 111 118 115 118 139 109 128 110 110 121 110 136 109 110 137 121 103 117 106 119 113 129 128 126 134 129 104 103 117 132 109 138 133 104 128 118 131 109 130 136 110 105 104 115 132 130 128 119 129 129 106 108 123 106 130 122 127 113 105 122 136 132 130 126 128 132 121 123 138 137 134 116 103 115 114 124 116 113 127 118 122 139 135 112 131 110 134 121 125 135 106 132 122 123 127 111 117 114
0.8891415707520902 150.51449311699795 812 74 77 98 91 75 91 88 90 79 63 75 86 74 93 80 74 63 76 67 92 82 63 72 77 64 67 88 80 98 63 82 99 82 71 62 76 65 72 71 63 62 84 78 60 69 72 94 92 86 65 82 77 85 85 75 82 77 78 68 95 95 61 92 71 82 88 66 93 97 66 85 71 73 77 84 83 83 99 64 63 69 97 95 73 82 91 62 64 68 72 94 80 84 60 77 94 77 70 77 89
6102.196503622774 0.9136718216094416
6438.326960280586 0.9679795810041845
6551.87749031727 1.0199688703565755
6916.488033377322 1.0376218423778614
8173.269797664477 0.8203441200979987
8176.960418599638 0.8991948074894682
10406.502442647266 0.9314028934725215
7190.2500587090935 0.966452153790143
7940.265151356661 1.1419320779736075
8428.120482323287 0.8409681501827561
6277.66151755747 1.0715803125301764
7584.304592450086 1.1015717698271383
6362.775268959228 0.9671394470420107
3765.545324621075 1.0461866184996405
9016.002900616704 0.8531997517508125
6865.7173899650215 1.0148675617325227
8297.279643489881 0.8221287690861534
7707.433514875088 1.1966743378105662
3616.3533182110814 0.926559427589845
9216.184274362342 1.1229400290322629
6646.550390105669 1.0275032891003164
7844.7346018110475 0.8026823984317474
11016.985165477829 1.1631396668600604
7000.686222066771 0.921383287881621
5438.704380601638 1.0532766782973915
7909.821553998876 1.0116475844471762
6469.527235706143 1.0513374423802735
8149.27301865099 0.9542088714925727
9773.99735459426 1.0342496857392658
6914.75427748272 0.9273211430898491
7203.684722313705 0.8644504128302071
5225.1564324867495 1.0479338609448603
6737.550301580083 0.8249887589279381
6501.78744543249 1.0507893904701486
5420.345261535386 1.0450926273525087
6031.044090664298 1.1007863075609103
7739.821349367768 1.128165250847385
4798.669277762059 1.0486506751863742
6766.2239371042215 1.1330435421367988
10133.99755091675 1.0911452590217336
9449.220542169605 1.0380046193360661
8342.789982345848 1.008546397471295
6847.046082124988 1.1335670562416833
7193.071089391422 1.1673893300648335
6510.785817764486 1.1527570670933454
6536.625880658452 1.017934800865278
6540.982537939822 0.8363628894905031
8535.472328594164 1.0626109985311536
6272.573074168682 1.1005474598135225
6114.050183213517 1.0509247843903986
9950.627589702148 0.9642915200551112
9187.938440779648 1.0471490982751783
7465.48751886793 1.1268602728352601
2920.9439111210813 1.1646235806952772
6836.610512435334 0.9788304728901309
9108.256919126377 0.9496359085608241
6018.17905760243 0.989270734934955
5917.050214585368 1.1740304960832095
7741.756906956773 0.9446827357580935
5907.801566480326 1.1346487940214125
6132.359014738797 1.1434223166428774
5578.0898397068595 1.010226409246238
11651.640010435829 0.874345132113235
7771.133625470451 0.9123820375870227
9164.466091182972 1.1106917650085855
8152.1895876695 0.9128468562369704
8156.9741833043 0.8068684074887904
5826.184776149281 0.8220172336017482
4390.76341739045 1.1666873344953959
8673.162158966077 0.8096094082165687
8353.039587730069 0.8170830284456374
6522.334365642971 1.03284909677927
5286.691152886501 0.8676103350953394
6083.518398762815 0.8429280271243405
9439.453869769066 0.9384379788533173
5647.272335135247 0.9293076598197068
9715.191109370804 1.1787308722478578
4680.111963934547 0.9006944877708214
8331.9674675737 0.852316195720656
11882.230431819378 0.8503306890278567
5476.841754545048 0.8557352050697966
7824.712206629303 0.9594465381801819
6780.204342610142 0.9611436474365036
4412.279334253703 0.8636367527618282
4881.010979542474 1.1840059518830572
5013.75109501475 1.0783053126303557
7183.911111987872 0.8630640358902363
7195.965887212389 1.1081898813551767
2027.320134042241 1.106077869788671
7399.485623290055 0.820200945750419
3909.7664906410632 1.0512723210517705
5657.182641545432 1.0468307666668097
10663.651612286434 1.0708424923095061
6611.82955981073 0.8332398218473148
5661.377052603254 1.0120462023545094
6498.25723326336 0.8656221567557157
7075.325795704022 0.9313946064263597
9140.369995102532 0.9020836519274774
8138.792065732248 0.8484030599110876
5588.122795900623 1.1720872225343375
