3 100
0.8718534301420383 143.55630167662653 511 110 134 105 113 138 138 103 113 111 104 115 104 107 138 111 122 101 130 116 119 127 126 123 116 128 119 134 136 126 115 125 131 136 102 127 134 107 116 133 126 112 139 114 102 112 138 129 110 128 132 101 132 100 103 115 123 133 125 134 135 136 104 132 127 131 127 124 127 124 111 120 110 137 127 107 108 110 104 109 113 137 114 103 102 126 109 119 109 132 135 123 119 131 118 104 125 133 113 115 112
0.8251976363698359 120.1483138292127 547 68 96 79 88 99 60 87 80 75 73 70 90 99 62 92 85 66 88 91 75 73 92 72 78 94 73 85 70 97 67 76 69 82 72 91 86 78 93 76 62 71 82 94 83 62 67 86 70 68 76 99 65 83 92 91 84 80 69 94 81 96 90 69 78 69 98 89 96 85 74 78 80 99 77 72 75 91 90 76 92 78 79 84 73 86 93 96 84 78 89 87 71 63 72 76 73 64 92 72 74
0.8573288864008953 123.3312862392595 992 77 92 97 98 64 82 89 83 94 62 69 92 71 98 93 76 65 89 61 79 85 60 75 79 84 72 79 76 92 61 66 97 84 82 74 76 87 76 77 76 97 75 73 98 89 90 98 79 79 97 67 95 85 87 97 96 91 78 88 90 81 92 95 66 77 85 63 90 84 77 94 85 98 78 99 99 69 94 61 60 75 86 73 79 80 74 78 68 69 65 80 65 75 68 70 92 92 60 95 92
13218.83275389771 1.060000817611952
8967.55076190536 1.0810491196919862
8989.212614652217 1.1915342721340711
9496.783737597705 0.965887629085554
9925.80839986611 0.9466190003938268
9049.874104793089 1.0862344643317878
7797.769624179911 1.194552173297387
5079.2681123869 1.0890338710797254
8129.293429800906 0.9499764179476531
7720.817535678755 0.8470825026248128
10828.986782667074 1.07810324107569
8240.823008928362 0.8137599355113949
6975.217279225316 0.9544704154712764
8042.569595410186 0.9087744445481142
5684.011489626226 1.1556108671906868
5412.424178668192 1.0505998535733907
11171.511663413712 1.1369106272404694
10162.93360985754 0.8574679248488263
6428.426051364905 1.040170781788636
7700.142972450626 1.08676679887581
9257.489084954002 0.9476130290262356
6099.382496136159 1.0519350867145554
10880.938554188506 1.1949784386774494
9488.519419409437 0.8969209128651183
9234.641691892673 1.1042750423591843
6779.6426385002615 0.9850610317429099
7762.70276825925 1.0151406249509851
6561.105219738755 1.0837879729932567
7233.855501139743 0.9513266563931697
9486.437560268541 0.9973892750903588
5979.877696992973 1.0681467033584804
8175.714016746601 0.9260419807634669
7979.644621851663 0.8039181792551569
7812.77425414424 0.8623330205654905
8091.6899160934245 0.9279762245938803
9907.70728984287 1.0647448866499882
5676.728909214422 1.085722587915402
8427.224349662556 1.0809226728509687
3972.4681894586624 0.9719794604116614
4925.834285435203 1.0688164652269638
7397.261047350259 1.1418542553078435
8835.171020976075 0.8819318208645963
8164.566084713028 1.0548532447492798
12117.169542177748 0.8635204784845003
12602.13031172885 1.1128190300658327
10597.12185537038 1.0440153629417896
6618.120410549782 0.8203529302377024
6796.527119155831 1.1051066201440656
5445.508150879504 0.8097273384828474
8680.855209924692 1.0775574241818031
9905.513656042825 0.9045508912418565
5294.264569729039 0.8060386718277657
8976.828583658531 0.8213207845276073
8523.118226254659 1.1748716722397878
4998.053962285799 1.1826075430867933
9844.003140965538 0.8643139270305266
10581.078999716672 0.9636544950582594
10544.303089004025 1.001850852778347
8565.86450332421 0.9552710633805193
5862.397075915732 0.8836228746972935
10915.211532106166 0.802243118748111
5766.029746131282 1.0698026030947596
12022.599764377685 0.8005443838288079
8166.738344274823 0.9896407688384243
6511.935402497049 1.008570247288275
11272.278597405504 0.9052473272509968
7925.721194703219 0.8261466002100903
12002.577867454529 0.8968262669448857
5277.332159332251 1.0353108056505678
6825.184778308029 1.1319976292466165
5891.586313621108 1.0773713273477956
6617.171139318226 1.0836131680963992
3904.068983844261 0.9071732488831608
9283.987736177576 0.9825647218081571
8917.407254856114 1.0557979791684204
5939.460428369327 1.013185725244757
9213.513928521388 0.8632684677962991
10945.248952024325 1.111294941618071
6437.330689301638 0.8367894800283423
5321.526288278219 1.0352843039179644
10253.579853075367 1.0602169293168755
4251.064376859892 1.1111206451601432
6232.399831700022 1.1125121455990887
11350.797499998727 0.9611343322773127
6465.4781610875425 0.9466296694327395
3592.2764962144156 1.1742575346969624
7531.358502119667 0.8793639005254463
6313.442231976536 0.8252995392900127
6685.813584027281 0.8582182703517269
8424.8109929356 0.9749902180924352
7052.369690875447 1.034257305018329
4845.8159444280645 1.1428032319432433
8400.697963072656 0.8397531158363873
8670.959928244674 1.0333322999525387
5608.136574146298 1.078837882168429
6194.53906595831 0.8140080394684552
7324.221017121174 1.1770663181392451
7326.6546348859965 1.1833174003737492
6108.610945907759 0.9540279679705201
7813.302031225382 0.9876696611980453
