3 100
0.8804823212538007 179.02386649379523 574 60 65 81 69 93 86 96 77 98 78 97 98 72 73 62 65 99 91 74 84 77 97 69 70 71 82 76 64 95 82 75 75 78 66 97 81 93 74 90 91 89 97 94 83 86 69 70 65 75 66 69 91 82 91 96 88 62 60 69 97 67 86 82 91 88 70 80 85 98 61 64 66 75 92 62 75 84 98 93 75 77 87 93 61 67 70 62 87 62 99 99 63 99 97 75 66 87 67 61 80
0.8226063419721398 136.42624073369203 612 69 83 76 70 80 93 82 97 95 63 81 99 75 64 70 85 98 98 73 71 72 73 62 97 99 69 69 88 62 69 75 81 90 79 62 69 80 99 73 83 82 97 70 96 74 61 91 69 99 71 78 70 67 94 92 68 88 99 61 72 90 78 73 87 63 65 80 61 84 99 88 60 66 79 74 79 98 72 74 76 74 88 77 97 92 69 68 76 67 84 70 65 75 92 68 60 64 73 88 95
0.8334328978574235 172.1200296621909 740 136 116 121 131 116 137 117 137 133 103 133 139 104 109 126 113 136 111 128 133 130 109 138 110 100 123 127 115 101 102 104 136 134 130 106 120 138 120 122 137 138 118 100 135 122 126 110 107 138 103 118 123 131 125 101 139 108 110 129 128 130 123 107 123 129 134 125 131 123 114 102 133 137 121 100 132 130 123 127 123 135 123 131 102 104 120 124 123 121 115 139 135 130 133 131 102 116 114 130 129
3578.23350759686 1.1240071043582969
7083.631935763863 0.857311102824922
5230.296774165842 1.0336161667746648
5515.787483141075 1.118102250563957
7530.543349971324 0.8174292205370494
8941.573785770192 0.8400186709287222
7631.04048516289 1.1939951315245865
6993.128388868256 1.1990945164925408
5118.0434265964495 0.9540993259499466
6123.090303280974 0.8542733421038389
7206.645979379577 0.9382542431761252
8173.789418393406 0.9284405377358949
6010.892802485227 1.147139958482235
5662.2622897014735 0.8548438562574128
5807.915920182797 0.8572456988289043
5573.433978173688 1.087775380185278
6340.1798553206745 0.8016871535850701
5544.054508418107 1.0281192463733115
5651.503886951733 1.116948748073268
4839.403072473329 1.1298557544883423
5903.872755210724 0.9646237810735222
7444.400881822586 0.8229724471723905
6250.666190127104 0.9622535224342664
6749.812999212701 1.1058970735981066
8036.661021525624 1.175409910941387
5985.898291686805 0.9212673748527455
8176.957674960409 1.0160172802702627
6956.5019167162445 1.170560478802949
3650.9751475129237 0.9044909564071251
6205.407988314385 1.0625548564281164
5990.420187424962 0.9458562963275675
6318.201602720574 1.1812077469037192
5681.701855339835 0.8472270809796871
6280.98205402081 0.8005793927716564
6988.848723611292 1.0024046148365184
5249.371598619896 1.0502056504743957
8805.371685369924 1.034287688337167
4676.402797087206 1.1947545759664187
4856.528361626165 0.8567995567763945
4815.7631528765105 0.8396870470801364
5386.804662748995 0.9105434384469983
5760.774742554285 0.8046253025351091
4688.87560213168 1.0344096732624317
4669.774521189804 1.0982872268015922
5770.931958741074 0.9870570665574572
8807.8205428846 0.9865216417519664
4405.414214191736 0.9833716311728155
8043.149660841942 1.1407275286343097
5713.8664344412155 0.8745144882678768
5916.910437064139 1.024248803642057
6671.417986403083 0.9893739681837936
4295.743409610239 0.9235636887333114
5439.233339438577 1.107885033825457
5204.7825252957255 0.8710345187121311
8057.67480701002 1.1461066590599231
7364.0945978571635 0.9632655740475113
6452.028232625047 1.0097822693124983
7065.010659995209 0.8159604274738623
5853.713950557683 0.840909029926542
7909.146466905691 0.8342932689090734
6394.951299263606 1.1408601968821932
6534.265089081518 0.8331153846128425
4427.451698777228 0.8742522728265745
7969.405221456789 0.929082900546865
5147.013057304985 0.9102779253490755
5963.619681574652 1.1294881590382033
4840.631544779314 1.0916263542420561
3531.518453396225 0.9157336132499804
7525.474006801378 0.8073027785820971
4498.3268507165785 1.0643463211481583
4177.082430226847 1.173300843595365
9776.622084522127 0.9055003305311236
4313.27900178174 1.0750178876281031
4463.841489911546 0.8371448708502024
7396.345958778424 1.1407461775689538
6199.847284020649 1.0375841877871177
6742.329259695246 1.1738538646889105
8311.426127011628 0.9223241782560134
6614.987794338158 1.162345364529027
5968.186872156214 0.8091522323260038
8132.295153255272 1.0453219820557502
5185.1697712011155 0.925521642285673
6981.50850343253 0.9218395089178681
8267.857171754133 1.0507815766030997
5865.106052774547 1.0867171158419735
8072.935696206961 0.8652950028759808
6594.185408986893 0.9780234853136596
5056.739684482373 0.9950804664011385
9605.68064238501 0.8089037060821168
5280.097668557388 1.0953828619164965
8633.942771597449 0.8403069758459614
3775.8734902613687 0.8918499082025485
5825.833239841059 0.8465664503895057
8776.61387479264 1.1830686962834258
4283.8296199235465 1.1721120427391414
7751.077876716421 1.1595616587237718
5875.641808931761 0.9048771914747649
8172.285896030607 0.8119713575792414
5065.357193729278 1.1570417480610784
6526.838132877391 0.885022284635399
