3 100
0.8633976805484909 134.7592778842798 592 120 101 109 138 127 131 120 103 128 119 130 100 105 136 125 109 131 107 127 109 109 139 131 112 111 133 105 133 123 119 121 121 137 129 125 116 136 118 106 125 131 103 123 110 122 116 122 133 120 103 139 125 129 111 110 124 100 114 110 107 137 106 124 117 129 111 109 110 101 113 109 135 134 109 101 117 121 110 138 112 131 111 119 106 133 104 122 132 108 111 139 133 128 123 122 110 134 121 122 133
0.8926321766456405 177.44304662031448 619 67 75 90 74 91 83 87 60 65 75 67 83 66 66 73 80 67 84 73 69 71 66 79 71 81 80 79 87 88 92 90 85 70 91 88 95 62 66 87 94 62 60 72 99 64 93 71 81 87 71 87 65 80 71 96 67 88 91 87 94 73 95 79 80 84 98 98 79 69 68 87 94 94 68 83 93 76 79 92 90 77 97 99 98 83 97 65 66 78 91 66 73 73 74 95 79 70 68 64 81
0.867388290807118 154.0512995024015 987 82 86 78 95 63 83 63 77 76 87 99 80 82 70 81 83 64 90 95 97 92 89 67 71 77 82 70 64 82 82 90 89 81 97 98 93 95 70 82 84 64 77 65 81 66 77 84 91 71 88 91 89 67 86 77 95 69 99 69 68 86 86 84 68 78 87 77 71 78 86 82 89 85 89 71 70 88 82 67 71 67 73 60 60 70 85 72 93 69 73 64 63 90 96 95 72 81 81 72 79
6308.063624844316 1.0384368913828614
7628.928321735092 1.0909093919864175
8347.136052589958 0.8257051263561259
8882.610440892908 1.0632229008788119
6694.185459956379 0.9816973165214755
8610.821839625954 1.0002461000262155
10110.851948224687 0.8630239771914202
6458.955614308825 0.9970262454515106
10936.609740890972 0.9834616750472661
11463.04342761363 1.1364486258759305
8374.600492265117 1.1547165557759738
8465.193689303496 0.9414602234343019
7625.316358099982 1.129189944071691
9192.14370802777 0.9798152507680238
6880.199832196232 0.8422627467402196
5612.324499800439 0.9012884365679762
4300.535306634778 0.8776478647089413
11467.71498670791 1.0279874298258733
12088.593532416462 0.8086794065266856
6053.236012590937 0.9547495088484428
7580.932227472575 0.817629134050952
5643.67182629951 0.9643836216636457
10504.818766800136 1.176475216372399
7287.008804886524 0.8265336617175822
9057.563706855302 0.8983339069382147
6378.185498918634 1.1930784559784975
4241.257601687958 1.0688437301327118
5082.379629901108 0.9979846495798608
11294.01054180089 1.1395997667982016
9145.535172386 0.8023782337127107
8473.562737784541 0.8106706519230806
9800.14963509189 1.0043210346941631
8538.898702275088 0.9722853673117973
4068.770407116041 1.0826636018511968
6000.887915984255 0.883570004907238
8302.862270924721 0.8993658003930507
7903.612635565811 0.9966843846465461
8889.723792422741 0.8894104464934921
7907.473243839021 1.0777205150598441
7596.931583411157 1.1748125836895282
4557.700335930568 1.1866511975192104
6389.963986496942 0.8716474630528279
7760.150097124718 1.1266636684394349
8099.902615959663 1.0662302485969606
7446.105168553653 0.9162949438813207
9780.849496206965 0.936749098317843
6433.319459440536 0.9266613532950742
8699.291149865852 0.8890300892296821
8492.149738841566 1.0260264058482058
7139.920545330121 0.9802794093006835
6652.910097704207 0.8173867768695481
9386.072164260171 1.192481689501019
8188.614495891192 1.0313272139123857
8111.657066766469 1.1290169056852548
9257.30206400066 0.9602973940472437
8029.196994633878 1.1598223661188936
7490.223122838588 0.8294689679231395
11028.326449673406 1.126178202270563
6806.622718752322 0.9163643542926811
7762.061275420586 0.8413073594383029
9366.401014785086 1.1433914467627635
8359.976858686421 0.9432025895938227
5428.115835353634 1.0759811664677734
7238.33738813162 1.0146960449215658
8820.096504608298 0.9059955436560341
4642.074038218255 0.9392129134520115
10529.136711768766 0.8698905034691068
9584.011144199958 0.859625249224628
5808.683195818183 0.8875085815740242
10279.931852819056 0.9179948653848051
6216.720539380773 1.0955120443348347
5199.730674893324 0.9481364577436416
8098.928434641752 1.0312014887740073
9663.035101806008 0.981569060727033
5921.3678550985 1.1421713894694476
6381.262686847802 0.848705118486485
5156.096840052804 1.170458464281527
7672.416433387892 0.9112692870192576
9852.729209698038 0.8116085151125225
7714.346307795304 0.8328695537781344
10591.237197708637 0.8734327436385059
8754.646160774444 1.1721504479648517
10116.289132124013 1.1000768605525038
7065.0480304831235 0.9814886412962771
5963.438860347374 1.1200370624635156
6422.558331100923 1.1531158907374355
7379.6512753438865 0.9261965610199787
6045.742717401123 1.099455935624081
7149.387910110305 0.8625570647169915
8996.111846498807 0.9042024826508517
12066.934307650285 0.8413780589104651
9924.537824014053 0.9174280043516018
8611.940068308755 0.8948760090635618
7815.277751420805 1.184946867114001
10477.274291891808 0.8549424938139567
8098.607795299955 1.0683441782845178
7326.073516763851 1.16620616585991
12045.95487966418 1.0989369787258867
9779.566056772195 1.0209760115262763
8246.744183348621 1.0263901678169454
