3 100
0.8280792852046507 179.09948448632747 505 103 101 131 113 101 121 137 131 116 108 113 139 134 137 124 132 128 128 127 133 127 107 120 118 103 130 123 119 120 110 120 100 106 138 104 130 128 127 110 129 125 121 124 118 126 108 118 114 106 117 112 134 105 117 112 128 112 110 135 105 113 119 139 101 132 125 106 102 135 105 104 118 115 136 125 136 114 107 102 104 111 103 137 113 105 107 118 126 113 112 131 128 124 129 113 126 127 104 103 116
0.8223937338126911 152.32652715570933 513 83 70 90 63 99 99 91 89 91 60 65 76 84 64 66 76 89 78 68 63 99 95 63 97 85 75 88 83 98 92 93 85 63 72 67 62 93 70 73 81 76 91 69 92 98 67 75 92 86 90 66 81 92 88 80 91 75 88 60 62 75 68 60 73 70 97 94 92 79 91 95 79 66 60 97 88 75 82 88 63 90 93 68 98 83 99 77 68 74 73 88 69 98 92 99 71 72 73 72 74
0.8268137005857318 132.29022202720526 834 94 79 93 92 89 74 65 66 88 73 96 80 95 79 68 78 90 71 78 80 61 86 86 86 74 75 66 85 87 92 99 98 83 81 69 85 99 99 65 62 60 75 80 60 82 91 69 80 74 73 78 62 65 61 98 79 64 99 84 77 92 60 73 85 81 84 64 94 88 67 85 92 78 77 84 96 67 63 81 97 67 86 73 63 71 75 68 78 85 62 90 67 63 95 66 82 81 86 70 67
10349.865516356162 1.128296167758321
10654.176011347885 0.8443655287313476
11831.896363603642 1.1064177644279833
8974.289673224344 1.0554867793488298
9759.122699989226 0.9654409010471644
8151.729179919437 0.8273841174106891
8947.956570159335 0.9442938973126699
8739.857535961564 1.1084323572855819
7081.768435171612 1.1763379835455257
6576.267451299991 0.8564000276087725
7304.404786953051 0.8735754550478028
8511.461929120691 1.1069587733116244
10762.203267633362 1.0638286656841185
10156.889067830767 0.8122710546820472
8750.953739437382 1.1947212509136398
8075.335374525331 0.9380945518470339
8281.613818873871 1.1895768976833736
8174.614003175552 0.8149935699783657
9795.40955696787 1.1097216440299338
8656.298470884616 0.8593438007211006
8704.811982468651 1.0448196957678249
6268.724508665914 1.061059956714038
9264.103861004158 1.168289992067312
3249.07903164414 1.1203423927397678
4163.4480230485715 0.9492256132869008
9241.602626400201 1.171424689080683
5441.853411397997 1.1425446651577953
6219.824139830897 0.9479837990708326
8904.169502721596 1.088964056653498
7367.299979638324 1.1639024489516454
7613.8607087651835 1.008259569332398
9392.861879013148 0.9560415951463661
7112.381423030697 1.1687758009058125
11168.140781603837 0.8918278365689439
3158.1152061644807 1.1521104043283865
7012.154889004005 0.9716702081873025
8415.538907214357 1.021766671195739
4910.828318437605 1.1788244336970857
7137.273062397532 0.9394559887425502
5039.53863063654 0.9993251339606868
8041.693441708445 0.8363336882119893
9297.831108383523 0.933370600505026
5631.634857027142 0.9664939270287753
7391.009341387931 0.8556973734876658
8817.561786493043 1.149405838213217
7629.683983802816 0.9836397451151218
5556.945231966433 0.8855682125119914
8159.956903564263 0.9928157980204257
8993.341008244766 0.9266182013140513
8106.51138168703 1.069538872055974
5765.2694591070795 0.8627338204334726
7674.206842581014 1.0187668795553537
9342.479625352114 1.0317951371216432
8536.640958111058 1.0507352581211657
8598.338591836819 0.8519560461961436
6393.410606235243 1.0392278098846417
4692.023211678561 1.073312669826089
6393.314938370321 0.875705840153214
3324.558904717057 1.0114280419160764
5705.688155853284 0.8147971746562431
10565.741087318995 1.183575602162525
10771.279579937638 1.1598428490479538
13441.656561101161 0.9714252320233278
6662.7770493805165 1.0240668943297582
8172.023488961828 0.9581824963586472
9149.67406335581 1.1298709045734545
7071.554708252722 1.0626263838259484
7256.890518471517 0.8130170192434113
8929.251382762084 1.1858064500966425
8528.96151951349 0.9560814831995204
8620.268330240166 0.8830450377994025
3138.142240897716 1.159440150970603
8079.959783605714 0.9395381573373491
8236.164502898157 0.9238668803008818
6920.109633422302 1.0400707161750402
9454.04727151389 1.1916040135600443
6549.996910375572 0.9673015344278872
10067.812265310728 1.101531263950198
10210.995426753761 0.8799195259789698
8219.831115745565 1.0007503214754632
8013.139273977429 1.1638048579228861
8061.050004849519 1.1763103785247255
7589.024099601249 0.8017317857241214
6481.616947010389 0.9414376152633006
8488.170787991192 1.014234291486857
8565.399293946928 0.992445840311316
6572.942962823188 1.1692793106742936
9736.93586270508 1.1199611092212098
8327.408547272062 1.054641384850409
6863.694440028874 0.9824806434028874
8345.764845376561 0.9068110225686846
8734.42269247385 0.8526208353112458
3637.4909295665384 0.8477690950982866
8020.425980262971 1.1013116533346015
6809.373166786988 0.8721277918935232
9105.668390590654 0.9850141462070405
8733.94174500424 1.1416274563934836
6861.517463013199 0.8853728629755457
8065.422716459923 0.8869964516423514
5306.420244210234 0.9534388493032133
