3 100
0.8444325013966424 160.09387160833774 505 95 62 84 82 78 89 65 81 92 62 97 93 98 84 79 82 72 62 64 63 73 81 99 71 95 60 72 60 65 75 96 97 80 93 93 66 75 92 96 76 89 97 99 73 60 74 70 66 73 97 76 78 85 86 69 86 80 90 98 75 74 84 66 62 96 68 97 89 91 90 93 76 77 78 65 94 89 78 89 66 78 87 65 79 92 62 93 86 70 68 83 63 74 95 81 81 76 80 72 90
0.8578902041335636 165.06181306106575 554 116 116 137 107 129 102 124 132 107 120 107 127 133 101 103 124 109 119 138 105 131 128 122 136 109 121 122 104 101 138 127 128 106 103 125 112 121 123 137 112 113 115 123 119 132 114 101 117 114 103 129 124 120 128 129 113 131 127 102 136 106 111 101 106 138 102 120 106 105 111 105 114 110 126 131 133 100 100 112 136 101 122 118 108 128 138 115 134 122 130 129 128 113 133 121 101 124 109 125 136
0.8404685626396312 174.12703675042323 899 96 65 83 71 84 77 66 88 81 77 84 84 92 82 79 95 66 62 75 79 67 88 86 64 77 89 85 77 61 66 86 87 69 85 95 87 87 77 72 75 85 93 72 90 61 84 79 86 81 92 97 94 64 60 79 96 62 93 85 70 85 98 83 75 81 91 87 88 87 74 60 67 86 70 69 63 60 75 87 76 91 90 70 60 93 99 60 89 91 76 88 76 92 68 78 80 99 67 77 95
5321.0441743027 0.9329786460767755
5350.209987265662 0.8227916597181594
5158.3188612782815 0.8727920632347853
9115.110136404555 1.0219751703786255
6289.055861561483 1.0192902777181274
6871.744347076873 0.9718101248355692
6000.386873632849 0.994917639343466
8530.069433167891 0.8396318239566077
5297.625606773716 1.0422988773787774
7942.415385345268 0.8708740683464895
9309.786786569146 0.9644998132878887
9244.942190859112 1.041136839048011
8225.114079819541 1.1520140183234606
7802.174006600372 0.9457914841866083
4870.102492520462 1.0939529335004503
8324.330858737794 1.1847288100886382
7832.735833884896 1.1057548456745452
8726.258496356897 0.8349833641065658
6853.6939008566715 1.1791362223481154
10554.705461975565 1.1290020598460522
8067.487079911818 0.8330690413353065
7824.356861727463 1.1897755661928098
7842.011385962769 1.0952293383535547
6437.603340473016 1.1834589080787337
11417.323146682862 1.0652251837634625
7725.092055733793 0.9518605854874556
6764.325803521625 1.025530601642462
6157.890061418264 0.8122472480796616
8070.442225055954 0.9927965757562242
7972.126843438619 0.9920823213539336
7290.7339937773795 1.1910424376935875
7133.029015727739 0.8342413500790444
6920.269489988931 0.8015254874766641
10009.029846010148 0.9584153069279414
7599.03149960821 1.003093956605899
5071.796277429986 1.0523549547824218
7210.675706010836 1.0038080504364653
9707.09634731946 0.9774135711082318
8102.522753455548 1.0207148984817453
6987.752447950976 1.123814251865293
5977.313947042297 0.8041488387508207
6220.643441573707 1.1348168881416567
7552.507721424245 0.8286735276376662
7338.783247079989 0.8730222506954919
7599.331979452638 0.9613882895776497
10166.210439336191 0.9775638546501232
4961.73071562328 0.9705821267815472
6600.093244817049 1.1028286027293668
4845.011727679307 0.9776988036540425
8274.483790674418 1.0578008770954606
7828.7875423326 0.806150183193307
5470.991947159693 0.9591039582535937
2909.057959292277 1.1917709055169081
6699.885954702866 1.0891832416303426
6640.114519970165 1.190307158904003
6557.101985904678 0.8408887543713645
7722.656866333167 1.1269912987389201
8062.433186585142 1.005529339056636
6758.1601968291825 1.0372029006989674
4737.627424491424 1.1962449174753407
5234.012826018392 0.8666326366013012
8531.336672749943 1.1760776516715228
8883.151130297832 1.0897557457490321
3301.2838848014194 1.1361007960267522
7515.8519056224695 1.101244554714432
5888.235883416158 1.1758519626076782
6577.723865536402 1.0555178439202706
6004.540211120972 0.9257707106673122
6041.555540029833 0.9472708000647843
6689.922957431473 1.0618721740299764
8240.996687741548 0.9764943152789185
6871.430957449342 0.9760693299560392
7662.6177522900325 1.0729160424912025
6778.600356586646 1.1067927054191953
5602.035670881138 0.9353359522450737
5383.297884631861 0.8639583008610265
5868.626865073531 1.0816384040612912
7475.068499017716 0.987998942965473
4804.715198427495 0.8638870777530163
6351.840223481126 1.164724386309848
4097.6732070334365 0.9716273497762811
7029.5753953756175 0.9928765585757351
8508.446219295747 0.8263185242418849
4952.673141002546 0.8602720831334489
8130.886880085337 1.1262749015775984
6917.906872903721 0.8983174207638277
7934.168649114942 1.0608503874831485
10223.286934075366 1.1029927936759631
6408.5568446517955 1.16869080737451
6013.193151917118 0.826017484240429
8790.254040367534 1.1045382557960726
6294.234890786307 1.0288466805298833
7347.1795608240955 0.9296549616020585
7626.368583909616 0.9588814997447177
6068.94085964948 1.0808648469435962
7434.007293408993 1.1495339843787444
8611.67632243891 0.8377146711169572
4725.202777375676 1.0470862716908254
5437.757480535965 0.9860101074497248
6146.400957389275 1.1169018546032856
