5 20
0.8055807428906475 135.19193485532364 629 86 96 92 99 74 74 73 75 91 79 68 94 96 90 74 82 72 92 61 75
0.8292495634459395 167.0962596641321 780 71 67 91 72 74 65 79 82 85 67 78 76 61 75 94 61 84 67 85 84
0.8449730910487713 172.07919253362255 887 129 105 134 105 122 127 112 115 103 134 113 136 131 136 112 101 123 104 117 111
0.8801774628035876 155.29665165210776 897 75 83 73 96 67 75 64 70 70 78 74 80 83 86 87 89 78 87 91 94
0.8080924394441881 146.11544940915599 953 121 123 106 131 102 116 113 103 122 117 120 111 122 114 109 124 128 102 134 131
2482.6473903756823 1.2665540871923646
1884.3955441745281 1.0631180778946496
2618.6333781289827 1.1139212439338735
2832.1254507481513 1.3171066393877027
1919.6982328848023 1.1797609793250157
3297.978885316682 0.66013100204418
3163.4725091569894 0.9442230020408016
1873.2606464436765 1.0524172030700967
2355.9752214884197 1.2120602767420408
2465.1260356457115 0.9522131009796251
1939.2846737940622 1.3274590993443902
2110.633012550206 1.0741618803800124
2611.671035991759 1.3765376454602922
1644.9479549591647 0.6724100315281156
1922.9848429864614 0.641916372694666
1686.7071949153606 1.2217641592939612
2599.2489112049516 1.04243547715808
2179.9489220582154 0.9711065437122898
2197.842639580265 0.6999982043095326
3415.085885599573 1.3589319834913391
