5 20
0.857068995395513 155.35220505804978 522 79 91 62 77 66 75 97 89 64 77 61 85 64 92 79 84 89 89 72 86
0.8657722067037006 121.06439652926461 859 87 99 93 80 60 63 60 94 89 79 73 91 81 74 70 77 90 81 60 67
0.8028959172591483 122.35025273341365 867 67 71 95 75 64 60 60 76 86 82 60 77 86 88 76 60 67 67 64 87
0.8300719447035338 149.33273771248605 900 102 120 134 102 102 119 108 138 115 108 126 104 112 129 133 109 108 106 137 102
0.846515315254772 142.00390753255095 992 137 127 127 134 120 138 128 125 115 125 106 115 120 108 123 110 111 110 115 135
2227.5978657513983 1.3547149133812106
2098.254706429891 1.1884405598080103
1998.3468665417347 0.9993295791632084
2487.853502618623 1.296249877400937
2487.128228075863 0.7871115119462457
2306.696518519392 0.8797627831858691
940.5976782403959 0.6862301033295174
2662.5200731900864 1.358177643898398
1743.5628702187164 0.782398746795539
1536.4541776695314 1.3611132120737233
2017.9328125089316 0.6354084839412932
2980.407920627372 0.8380995645882059
1588.5747021157708 0.6289154563260962
1741.278472156624 0.8405797636981162
2108.7353838957442 0.8726886441194412
1901.8353922329857 1.2832367738297614
1546.6969820194925 0.7820333776005008
1157.4550142854519 0.8743857599001367
1388.6362322565801 0.6572369037313136
2431.9269599029526 1.2360764569770235
