5 20
0.8182661859447127 143.68462727079492 595 121 112 125 104 123 115 112 110 132 126 107 125 116 133 129 118 125 118 115 117
0.8414400903980884 166.11454729742738 607 60 95 60 71 80 84 91 72 63 72 98 79 60 91 84 64 95 75 93 75
0.8774512388656106 135.1304140430099 626 81 61 90 63 83 66 82 90 97 61 91 93 98 75 80 66 97 86 90 89
0.886432173531903 178.1261729358443 824 82 75 96 85 76 94 69 93 87 62 67 92 77 74 88 85 70 74 82 76
0.8407473432662478 166.7018481932954 910 104 108 119 103 104 108 107 139 138 129 104 100 115 139 132 139 110 130 134 119
2396.8487330573503 1.0904154381108155
919.5475305366554 0.8187961596695709
2430.264190572064 0.9616853577232849
1699.457048409713 0.601180712355708
2401.9492831304683 1.38271339095714
2024.5685208174532 0.9354847549949117
2566.036824225099 0.8764492881863339
2673.5938690931243 0.7026238156475868
3376.4626489868215 1.3108808192246948
2252.3226526205467 1.354545400973276
1799.5658375464222 1.1115765268513944
2284.700184471736 1.389667748237305
2311.8829468574763 1.3637495693058026
2397.895482389502 0.7044197165217789
2325.5891887364614 1.3142743098359082
1906.7451938966055 0.9789314808086826
1917.916296265038 0.8547364397389486
2466.963460149566 0.861331706504022
2156.1561526557903 1.341204674576812
2309.11152426941 1.0112085956152215
