5 20
0.8242309254361404 179.5410237584743 568 132 133 118 136 137 121 133 137 112 108 115 113 117 118 136 136 138 117 117 106
0.856967955581316 138.97993701562234 602 86 81 83 74 74 73 77 94 89 78 85 63 81 99 90 63 74 69 88 78
0.8453658180140652 134.19888636396283 612 89 85 82 74 76 88 87 60 94 74 68 61 91 67 72 87 72 65 76 80
0.8424038536668885 174.19712018227762 815 98 72 80 65 83 60 97 86 68 83 90 88 81 96 98 94 65 79 65 95
0.8106067933810375 167.28705825394553 869 131 112 102 138 104 116 101 110 138 118 136 101 118 113 136 108 100 113 126 130
2265.2005051304122 0.9929104628191479
1739.6858148697313 0.7409415621007247
2241.200666517607 0.9249599752390143
2517.3546301594256 1.0057261714179535
2986.5044979597833 1.0904888901732372
1994.5974626302957 0.7036209983324335
2102.5812042632806 1.018223825036693
2417.739224025605 0.8924618291263886
1452.2813809504019 1.202086286266389
1629.4504919379829 0.8530405641965146
3702.4728081393646 1.0818733853924585
3318.9951335771275 1.1487567420332663
3107.108327928203 1.2506670654820948
3046.1408619429167 1.2682269424835013
2734.0358725433885 1.2492910716490682
2032.8428577875984 1.2809893203841158
2381.519945758762 0.9382127784021002
2749.9408862495325 0.9343445140943105
2688.3036941301534 0.8604330687853188
1066.2701914006702 0.6644741687290637
