5 20
0.8749519250164871 162.00329458934118 610 77 67 71 74 87 87 72 95 70 96 96 80 87 88 75 68 97 72 67 70
0.8614291352125968 174.9294869533351 617 85 91 82 80 66 84 89 99 84 79 86 78 94 68 77 90 85 71 75 90
0.895709276546027 163.2548596292694 734 81 99 73 86 65 89 82 83 72 70 69 97 77 64 75 67 65 82 76 87
0.811308470672937 125.45933218168604 850 105 124 122 138 121 134 134 119 104 114 100 139 117 139 112 116 131 119 137 120
0.8010590046362981 135.263235323981 936 138 135 129 136 112 102 129 117 110 125 102 139 137 126 120 110 122 125 123 135
1608.073514096181 1.301041479570201
1241.0910315244319 1.2034327904022093
2102.1923525317725 0.9553577266171895
1948.1349635457998 1.2812545925502479
1914.5863773954993 1.3776803191654692
1470.4796362310722 0.6115648095329799
2400.7775575149144 1.2167432999618697
1878.1396291725725 1.1095095926442187
2459.353010970091 0.79998614380193
1236.0323455433222 0.738143739217523
2499.2680048189327 0.6004245834748385
1933.6446672825102 1.01737516381345
2171.534047747873 1.28520285074157
1575.4762578174152 1.2410087088565143
1982.6233512801025 1.2953749678382773
1712.1498846722088 0.6029591019251918
2770.899125265698 1.0332714501860456
1785.6120278657731 0.8046443292503914
1975.596928645817 1.1853793397845274
1586.419690020818 1.0586216172402207
