5 20
0.8149546930828601 121.88074579617313 602 84 71 82 78 60 79 63 92 99 97 65 72 90 90 64 81 74 93 79 71
0.8321359900571906 144.5279202001771 851 101 111 130 118 139 114 115 112 105 135 138 109 119 135 115 132 101 135 129 108
0.8954783555337212 130.5604316387552 853 79 64 65 81 91 65 89 82 72 86 77 69 86 69 65 95 92 93 62 94
0.8457855564049968 143.59253961209626 862 98 72 79 64 79 83 75 75 60 61 72 97 69 82 60 62 71 65 71 63
0.8301245539560619 173.96918730495707 890 110 111 116 119 132 133 120 121 110 100 125 112 114 112 130 124 137 122 113 119
1509.320435203921 1.3827215239972186
1212.0475235229267 0.7005440946865513
1368.3664036589712 1.1084589161805862
1871.28780556221 0.6417712993329614
2931.1603716054924 0.8114887927991946
1413.1500973903358 0.676001643989662
2047.1523059454976 0.8545010170983359
1191.5298236223218 0.8038106108588143
1697.1219070288016 1.1287427637667438
2674.888686191623 0.7275596334999158
2170.7139882894085 0.8195901994477874
888.2926682176151 1.2411319945579733
1890.0524360906575 1.3027065123443804
2511.789229738128 1.166433660806112
3202.214618681016 0.7670767885414562
2837.3494940038554 0.9214227041345263
2148.675601881929 0.8391830058733215
2902.9192200352927 1.1789916490406702
2341.5385489118325 1.242157876109251
1577.7024949643417 0.9231810824768156
