5 20
0.8885414625000465 163.7889733120118 543 61 82 84 75 86 67 80 75 99 63 87 76 71 90 77 83 71 83 77 82
0.8950970611351168 128.6858310698393 708 122 119 126 116 135 133 139 126 118 111 115 131 133 127 123 130 101 139 111 116
0.835768414160818 163.68811069683562 745 110 116 130 122 123 123 131 120 101 115 131 117 123 107 129 131 122 101 111 106
0.8523551835346571 163.68075437117682 847 94 63 61 76 88 86 72 83 63 91 77 65 70 92 82 83 93 62 75 87
0.8598451032825892 177.39413233299197 927 63 71 65 95 95 83 99 97 86 69 69 66 83 63 91 68 73 83 98 86
1631.0598564114962 0.9774091802465055
1673.5638506276327 1.0475323669912049
2471.5256879269073 1.2055028448469889
2114.271343120613 1.2235713121309062
1491.2474700846565 0.6645144127724324
2275.1997462287177 0.6151122686887983
1285.7162887815903 1.0321568437418946
2967.8992010827833 1.2453813450379987
2833.8254398375443 0.8461684683665898
2358.405332246549 0.9958133526459464
2736.493227702692 0.7529570655805046
2663.5573516606414 0.8255026510870113
2183.000415798654 0.606841323829459
2441.5304184420015 0.7424829304724319
2430.5702466897837 1.0101413797896042
1498.3783936464515 1.1832840496754446
2372.242474104549 1.0999160673426638
1421.764556221909 0.7165355683343962
2017.8253834143188 0.9838748256042584
2351.1424166963 1.059872039114841
