5 20
0.8409493162786431 154.07311055310544 519 65 68 71 87 95 72 79 97 67 93 71 82 69 83 74 79 85 98 79 81
0.820520578106716 142.10913778491107 530 132 105 129 137 104 110 138 136 125 114 106 112 131 107 139 102 106 132 114 114
0.8812906827928562 133.66989526766412 579 124 107 119 133 109 109 125 116 124 114 109 103 131 135 137 123 121 127 110 135
0.8721776581992812 149.5950128376605 692 99 95 93 96 62 88 71 77 88 95 83 76 97 78 80 63 99 98 78 66
0.8249214045501145 173.54526547838998 905 74 77 94 66 67 65 83 78 81 78 84 63 65 93 69 90 86 77 62 75
2059.5646197964006 1.2833844980144942
2171.7087215476436 1.3164735573035151
2636.9850272446065 1.0973959333439998
1793.7526474804959 1.1022731876722127
2676.6766695414003 1.1462154666849202
2034.3587115900928 1.1191432593601087
1698.889333011003 0.8188578823290373
3027.4191078141225 0.6067197982735061
1827.1400493461267 1.256702284007201
2469.744561544541 1.3916932043310382
2081.8549277502066 1.3786440948223275
2824.0436441783813 1.3501236845005005
657.3584679345083 0.6172669509919725
1502.6423202754377 1.2712445641094894
2560.5913297983093 1.3310963179472484
2756.6396125099923 1.2903816355701496
2323.4869147149257 0.6317338697233432
2323.5557890976916 1.0876603891607193
2675.7848062766943 1.1509883108442374
1589.1706385143962 1.2801390045696204
