6 100
0.8813334842478168 150.0 517 113 131 101 117 135 109 128 105 114 123 120 106 101 134 118 110 118 120 116 124 122 115 107 117 123 114 113 106 124 117 102 122 125 118 134 108 110 119 128 113 120 105 133 106 135 132 119 127 106 123 136 125 124 120 124 127 112 104 134 129 133 119 117 114 115 131 107 107 130 101 134 101 114 136 124 106 107 134 135 125 133 111 114 100 105 125 114 131 136 111 138 117 118 109 135 119 118 114 112 138
0.8741136636254523 150.0 695 72 62 67 69 85 82 72 97 89 83 71 71 90 66 65 71 98 72 72 99 82 68 71 65 87 89 61 84 76 68 68 95 90 79 93 73 96 79 62 93 85 60 87 94 78 84 80 75 91 82 91 76 81 92 61 71 63 90 88 83 68 61 80 72 84 62 93 81 97 82 88 77 73 86 67 83 69 92 95 96 84 92 73 75 78 62 91 90 61 62 80 70 62 88 88 66 92 94 98 67
0.8357904301054798 150.0 704 101 105 130 110 102 126 136 123 121 133 138 133 111 109 137 129 135 119 129 121 112 101 123 110 122 102 103 105 131 128 115 116 119 131 105 128 110 111 127 131 125 101 124 132 118 109 132 102 105 118 122 108 107 121 131 125 106 116 100 132 101 116 110 127 122 108 100 138 136 117 135 129 132 105 117 100 111 109 104 108 130 136 121 131 132 111 123 125 134 108 119 107 103 124 127 120 110 122 112 132
0.8494146125193722 150.0 743 81 84 73 74 89 62 72 89 92 84 85 82 73 87 65 89 69 62 62 78 72 74 82 79 85 99 94 73 89 68 73 63 99 68 83 78 71 90 62 86 96 83 78 87 94 74 63 62 97 89 79 67 77 96 95 86 61 82 84 89 86 95 69 82 62 83 89 68 90 63 62 76 86 86 93 65 66 68 98 70 73 92 65 73 64 84 86 61 69 65 62 65 97 88 61 67 89 79 95 98
0.8539919097869152 150.0 746 87 85 75 67 74 71 72 67 60 79 76 99 91 70 69 74 77 91 85 85 71 89 71 65 96 86 87 62 77 89 97 99 68 87 87 79 99 70 69 68 83 81 67 60 98 78 96 76 74 94 71 65 67 90 94 90 79 72 72 67 60 74 88 72 99 96 68 91 84 75 82 68 75 65 89 91 70 94 81 91 73 61 66 99 91 72 96 92 65 69 88 61 89 60 69 92 83 77 64 73
0.8156022131744092 150.0 801 112 120 119 110 101 139 111 108 127 117 115 109 106 138 101 131 139 124 113 103 117 124 132 122 101 129 122 119 101 112 104 114 139 135 114 123 123 135 109 111 106 115 127 130 115 104 131 107 103 111 139 127 119 109 138 121 111 135 105 122 116 119 137 122 123 106 121 131 106 121 137 101 123 108 122 137 106 106 110 104 134 112 112 115 135 116 131 111 105 117 131 111 109 127 136 102 139 106 122 138
6933.154924759723 1.0728158664061185
4217.769302457704 0.8412202991973488
8359.1607167053 1.159094521990586
4921.0359088867335 1.049228986358998
5714.561249395416 1.0768284613811285
8274.863772660077 0.9287092134930991
8339.251171270782 0.8547871437225745
5926.802479614382 1.0847190881639226
9563.80075360597 1.1000850648601663
4820.05605686403 0.8069088738825179
8945.23516696241 1.0270623570136113
7686.520169279927 0.8569296850294206
9216.735813354138 0.8000436884557108
8453.130893711335 1.0578535965836506
7991.911998339445 0.9950208318140763
4860.020501722607 1.1368613687860303
10268.627304554991 0.9417383260184734
8353.646952782168 1.1582990267262492
6454.28444999057 1.1219596688309954
8025.325283025607 1.155073581152764
4603.968807170553 1.1362071629092856
4590.709665295719 1.003522041901681
6814.738112370678 1.0153106160314964
8632.27261880527 0.863527776088697
6358.260614325224 1.1481025877575288
4541.775072391211 1.0888998604192732
9775.364085378505 1.009083755975392
6802.396573286424 0.9632161069995921
9225.578436834447 0.8141870081083498
6189.852372865283 1.1905610484362752
6747.738398181912 0.9138548901116254
5929.6779872040715 0.9377472762803575
6480.766178811457 1.1392571737876003
10518.701505555164 0.8233621247041008
5897.787713778027 0.8544328700992425
7315.791088517844 1.0379444564874853
6720.034827410828 0.9997085790091664
5469.942063722117 1.020711503266825
7926.885717534921 0.923867877996345
6041.657821416634 0.8547497276337308
6224.014591891516 0.8127158679865368
6299.200084549604 0.8892222231551037
8293.901070085336 1.011952468270527
10092.748318586224 0.881859080701228
6143.953878413427 0.9848398016511958
5181.929659307654 1.0273591351834965
8919.996494581603 0.8456414335289462
6296.952697137195 0.8923876596135606
8760.552266510227 0.986039413291889
10411.791508400664 0.8080438338002374
9155.386934727068 0.982075725123414
7581.6294607567415 0.8985485634280641
4840.180141968177 0.862377912173801
5459.731983409182 0.870291570035465
4634.320637351853 1.0218844779911236
5268.956391100292 1.089687492441264
7516.776366801074 0.8725933283012686
7306.8722007983415 1.1275196042657545
4215.5923338861885 0.9828101182466984
7116.1584756695875 0.8448294066095995
6538.8755460431885 1.0452366053945736
5518.732409400359 1.0606280242549673
7715.524511894207 0.8007283282131276
10392.754946489238 1.0145536607981356
6997.028329586632 1.176540846624421
10258.172135385965 1.1476764677806426
7696.831923559209 1.178534337660899
8168.3426416362345 0.852345315529003
8620.551558600117 0.9617457842328226
6984.300508907044 0.8404693512750333
5582.659758733321 1.0958581677449581
4235.893228119734 0.882867006464741
6612.115577308797 1.0387141720726822
7773.200350984162 1.1610668971415559
9384.309499251765 0.9264698476987022
7329.550422921283 1.003094545753494
9427.069245054248 0.918253030350338
7729.311501247341 1.0800204292852926
6425.317848084103 1.0791845244355
8823.090252124497 1.1072907705854758
4212.027382048726 1.122427262977787
8767.843358438684 0.9492669959905303
4400.705151775545 0.8564405213478029
4539.783329202283 1.0190225739190124
6270.907505273333 0.8047590230959538
6072.574060031347 0.958655756430678
4745.891028773125 1.1483381828661778
2458.537653422115 1.0642768058589
6907.127747937105 1.1730539196723349
6219.898056480108 1.1847849330860436
6648.088303043633 0.8942894088612665
8730.405941097639 0.8275863850606279
5936.7937894976885 1.1121490450040092
5876.111979614991 0.8696447999360238
4831.042069693269 1.1482661340126827
6242.197716517983 1.109295031810554
3623.469244563491 1.0832167782620834
5821.856649349538 0.9560082642647697
5998.321680988222 1.1788490601981656
5498.96701212386 1.0855711477566585
