6 100
0.8820896779269227 150.0 545 138 115 115 116 120 133 119 130 132 126 117 118 109 122 102 118 129 125 116 101 132 105 100 129 125 116 117 132 103 109 113 113 132 133 104 121 113 139 131 139 127 123 100 134 117 132 115 121 119 131 129 124 136 139 128 120 121 109 116 128 109 103 115 115 107 126 123 119 128 130 103 106 136 110 120 108 100 104 121 111 110 103 130 121 105 132 127 118 107 100 112 135 117 139 121 120 105 100 136 136
0.8686553109305136 150.0 636 70 96 92 68 89 69 81 62 99 83 79 64 89 66 60 83 72 92 83 78 86 97 83 71 63 96 91 65 83 78 96 72 84 60 69 60 97 98 63 66 83 61 71 95 95 93 94 95 99 79 80 72 84 74 88 90 78 76 86 84 99 85 81 66 88 60 76 73 70 96 63 78 73 79 78 84 63 93 67 67 99 64 94 73 90 81 85 62 88 98 77 94 62 97 89 81 64 72 93 85
0.8857655710767894 150.0 658 109 130 135 121 107 109 116 108 116 111 104 106 109 124 103 115 137 133 130 126 109 109 134 111 123 121 110 135 102 116 134 127 103 132 122 135 125 108 115 136 106 124 137 125 127 111 129 106 111 114 129 104 105 116 139 103 134 119 100 129 126 123 113 119 103 137 111 128 103 107 107 133 131 106 105 103 136 126 134 132 130 134 112 103 131 123 104 136 125 115 131 105 118 121 103 102 123 121 108 128
0.8502664214480045 150.0 836 131 116 105 116 139 126 110 123 128 139 123 122 132 104 129 116 107 114 104 116 129 133 128 130 124 116 110 123 135 121 137 136 103 133 139 124 137 106 117 135 108 117 111 111 126 133 112 110 130 136 127 122 113 124 119 103 122 113 120 125 106 101 113 112 119 138 123 124 133 111 135 100 125 134 102 107 122 118 104 113 128 137 104 119 114 128 117 108 138 122 116 100 131 108 126 121 105 105 104 126
0.8347410808263626 150.0 910 74 87 71 72 99 73 74 66 74 95 97 95 82 81 98 94 63 84 94 86 98 76 78 60 61 90 79 69 61 62 69 64 88 61 83 98 70 92 62 95 89 86 82 94 70 65 89 84 66 60 89 84 81 70 76 90 64 77 75 97 64 62 80 65 75 94 72 93 65 95 90 60 95 85 65 66 60 64 88 66 60 67 66 72 98 85 72 91 73 66 93 61 91 67 82 72 87 81 91 97
0.8059264537699209 150.0 991 90 70 97 69 75 81 60 77 71 85 73 87 87 65 90 72 76 74 62 93 67 79 87 94 64 69 68 99 94 88 60 66 96 77 61 94 68 65 79 74 65 68 75 79 79 81 85 75 85 62 93 99 61 93 62 72 68 73 64 95 90 60 74 80 92 62 80 87 94 65 83 69 71 61 98 62 69 99 61 64 87 64 74 73 92 75 64 70 76 61 71 88 77 76 83 66 60 91 98 96
5829.465638791422 0.91194813737901
5118.936234940725 0.9596627801390648
8949.549138695593 1.1137107815754332
2274.356725405495 0.9410852708776767
7361.409778742479 1.1107027396858142
8064.559546236531 1.1079878787342197
7740.852329370529 0.9290029592022216
4871.65512436328 0.8969314191427427
8297.415971217346 1.0151597534337375
5618.658073928982 0.8320255667626979
5517.197346704428 1.1699449085984284
5626.074136806442 0.953927072857394
7596.851521964586 1.016191938887036
7661.577728857002 0.8409497855791036
7394.586025742866 0.8249572899408393
6765.242147231847 0.8429133185808114
6767.246087625338 0.8010032353586555
7861.2357208394 1.121837108962044
6480.937559169359 0.9604523517738232
7680.7915030425875 1.019217383817886
5233.027675948069 0.9222611486337187
5955.603887247601 0.9837616295895484
7269.582137903148 0.9241898213642348
5040.556540114847 1.0132014239935987
7660.252903003007 1.0999713140862952
6983.7638408403445 0.9026908715404446
2817.031577689249 0.8416582959638682
4360.438687335394 0.8288916933486994
5406.535690074252 1.1195823832692426
7892.439849004326 0.8723375559976347
6988.503491571787 1.1034116079915393
7076.359197005757 1.0160862906998624
6892.74431026366 1.0664851888987132
5737.952677248308 0.9862056117176058
7738.259307242609 0.8327290198375404
5142.542159218195 0.8062405068555045
6225.7973217839835 0.8881792251952269
5909.704281459219 1.0765241346715761
8965.29717316768 0.9451030178923574
6372.947223590009 1.0251192825077424
6106.480003933701 0.8132174999524221
6778.3755077959595 0.8881812917026956
7299.625621624793 0.9901376396558672
5934.915155183871 0.8260337212983327
8636.457844123383 1.1434225385450412
7647.962372609569 0.862901781819411
5563.324794111053 0.910688506600887
6216.143875739575 0.8053149747790453
7295.9712987348485 1.1178620077410746
6882.829246239552 1.0625869603322686
6400.594179508964 1.127379979935278
6098.0062279609365 1.078634756712431
8490.396126342892 1.0289486604064837
6820.113565176909 1.0944321738768825
8313.97084947729 1.1158501878378402
7277.900271175099 0.8525850717839261
8280.096852735176 1.1160492323046465
3181.9725424962585 1.1598228038520295
11258.506721837472 1.160687744522819
8403.145841525213 1.037846860450651
5831.640853722862 1.0553974696850048
5121.902413138975 0.8984508401402086
8245.913303887164 0.8176855882175116
7754.958241188377 0.8178506178622966
7337.550175924432 1.1017944235379962
5056.391008311739 0.9548840226269969
6727.482051594417 0.9879691993437286
5661.580015613503 1.1399739502222048
7206.205432409942 1.1952226645100419
6694.045472957377 1.1664011347442338
5499.983984652522 1.0885081094219726
7119.759056198289 0.9946197159169503
6708.346848588781 1.0701696790986155
7287.103469753204 0.8128130141531116
7893.775585007169 0.956958533643884
4835.440090445664 0.9997331016670348
6782.8497725020825 1.07613217313102
8258.308437158561 1.0474633900527808
5520.315777868971 1.0759968045660147
8520.665033403335 1.0360702841795537
5165.39370326574 0.956571011509012
9193.956971986852 0.8705993010472315
8604.473815539457 0.9280414814612903
7202.934621652475 0.8922417097037026
5401.178601382917 1.1341863215416927
6066.6220256053475 1.192207858967825
6295.449467514973 0.8295623169471817
7513.027309233725 1.1457387060708308
9885.392216106857 0.9255624870132583
7490.25819133391 0.9830239041307092
7434.79082454541 1.1583696617882733
6760.388085864157 0.9100204179035852
6944.669941679317 1.0312425445950308
9598.932535849119 0.8963318201424916
6566.633864644304 0.9921645826202915
7493.201240623712 1.0478256504938759
6217.52896624634 0.8740127738640262
11327.232959081659 0.9788716952143605
8116.747109430238 0.93231516830055
7584.788277643489 1.0730713853197762
