6 100
0.8378789626828007 150.0 573 119 135 115 121 121 110 106 127 102 105 130 106 120 126 118 129 126 108 119 104 101 123 101 136 131 135 133 127 100 121 109 129 122 123 137 104 100 127 113 124 137 108 107 108 136 135 139 112 135 138 107 109 126 115 133 102 111 121 123 130 118 124 125 130 130 104 118 101 125 124 121 135 119 107 125 115 128 102 108 127 104 101 135 104 123 119 109 135 104 104 107 132 115 134 139 112 130 129 130 133
0.8539883281140748 150.0 634 112 108 115 128 121 132 123 127 112 129 122 136 131 130 124 136 138 111 112 105 131 105 103 121 114 122 113 130 100 137 129 102 107 108 135 116 130 111 127 103 112 133 106 123 136 134 105 115 116 135 103 135 107 135 128 104 128 135 104 103 128 132 127 115 114 112 124 127 121 129 123 105 124 138 112 129 119 100 106 101 128 122 137 133 134 137 136 102 102 107 116 123 139 139 134 123 132 126 122 124
0.8170649065353606 150.0 708 91 60 69 94 64 76 71 61 66 83 88 96 93 67 90 62 72 99 88 89 94 61 83 82 85 95 77 86 67 64 89 67 79 84 66 63 65 97 86 65 61 75 86 60 94 67 90 97 85 81 60 91 66 84 81 63 94 68 91 81 95 79 81 76 75 92 90 77 86 95 96 89 98 63 79 62 91 67 98 74 90 62 75 99 66 78 86 85 76 81 71 83 80 75 84 64 90 75 86 61
0.8658184345816307 150.0 768 62 89 72 68 68 75 75 75 84 85 68 76 77 80 63 85 91 71 76 63 98 62 61 79 77 83 85 73 80 67 64 61 85 68 74 68 67 84 65 87 71 95 61 62 90 71 75 88 86 89 84 66 74 87 64 72 60 98 96 91 68 85 89 66 76 86 96 81 77 86 81 73 99 62 63 92 60 89 61 94 85 78 62 93 96 85 92 85 95 77 91 69 96 60 78 74 62 92 63 87
0.8422942945850038 150.0 900 133 110 103 112 128 128 105 100 100 134 100 134 126 105 130 131 113 115 102 109 121 131 103 100 134 109 132 129 121 128 107 109 133 121 133 113 128 134 136 134 110 127 120 137 105 105 122 132 129 106 121 120 117 130 137 135 108 101 111 113 130 106 115 124 119 116 117 130 108 103 134 119 137 129 109 120 115 106 132 119 106 114 129 127 109 112 100 106 103 127 137 110 108 130 116 127 128 102 124 104
0.8272510147710774 150.0 948 95 77 85 80 62 95 64 71 87 90 84 78 85 72 91 61 81 86 98 99 76 99 79 92 63 64 91 97 91 74 84 77 77 80 95 67 79 61 90 72 73 94 62 92 60 61 69 67 85 94 98 79 86 74 86 81 65 61 98 96 93 76 71 80 84 68 68 91 90 69 97 77 92 83 83 64 72 83 99 62 71 75 95 84 81 71 94 81 71 97 83 99 83 74 93 68 79 87 77 95
5487.134177027728 0.8565393502564003
5898.3989584035235 0.9853082293040822
7624.150577606552 1.1695481857704229
6145.063905475832 1.1227166377747755
5284.72486891648 0.8804042071392646
6323.787306822814 0.8933088817736673
8159.806037120683 0.8080949845901808
6540.6108907462085 0.8207074215806769
7665.523938665912 1.1856443066544649
5600.934039600042 1.1830635641545801
7948.653989703745 0.9640726813781866
7629.515934871951 0.9631524764756952
4860.964931138624 1.0105390816964068
7016.489829257706 1.074766459549973
8601.505537846042 0.8549625481086276
8093.427166490463 0.8630823284036465
8062.588419065161 0.8753336313434059
5718.578319686809 1.132526438271488
5687.7426527195685 1.1340435544209913
8707.3420431779 0.853989276256297
8095.579974166534 1.1868699146018218
5009.454065254455 1.1664032358136631
8415.887955412965 0.8700656213375129
7726.415867599424 0.8594548111195042
6567.5792352697135 1.0594759570090233
6379.237357521508 1.1470812782968942
6513.541841398823 1.1602559524281133
4775.396913791856 1.1419024151576476
4756.579033385931 0.9752614633698807
7051.893786581889 0.9354333487818843
7516.0154150809185 0.8346874088834324
6153.840685103788 1.0647655597324535
7249.7853455592685 0.9348659608522623
5072.200894321567 1.0895042441159863
6797.770453585914 1.0313182693004868
4932.1246080262645 1.08463222566417
10400.484892362518 1.1477794513196384
8469.637566906633 1.0629654780846443
7274.138405620175 1.0342747416391904
7658.627854990138 0.9100809189386593
8271.766290375075 0.86195495169573
4336.22053632904 1.0232594736094418
4634.0541977710345 0.8625915181694311
7061.923512275015 1.034125512228232
5981.702989584899 1.0016572717453764
5690.377329245259 0.8911509989878554
5893.7173974397765 0.9357478764917331
8431.627568028462 0.8076963819797199
8016.463531265579 1.0502838272989856
4296.678457320991 0.9590531036324592
5794.886421660015 0.896202249507384
7589.31683377552 0.8402204667781308
8374.184381032113 0.8035782113854636
8577.760002516148 0.8142839004652136
6899.848613524698 0.9596717002764525
4924.039215799972 1.0528604218032003
9025.236424268227 1.1207904494839795
5681.284662625185 0.9449204558196702
8183.324449058617 1.034253859660066
7235.336154683525 1.0596431458838043
6077.306951132201 1.01806105552202
5100.084446965493 0.9966289517352777
2174.6600302488187 0.99373525160089
6067.333920731674 1.1817211353736885
5506.426571142817 1.0355223697503289
4999.512886650146 1.1398148405952775
8575.662062302046 0.8509549225457333
4749.813333911395 0.8015691523174786
3039.6823036529536 1.0464884260980232
4053.664437071079 0.8884199821421479
6698.040096201252 1.0993520514851243
6991.497760569343 1.0186503675349663
8215.652503838868 1.1616939949059584
8385.288953389467 0.9093780730604107
6781.147021659569 0.8766565027364945
7103.501039449293 0.8879091695848698
7573.420871195286 0.9438080806725138
6642.339962736886 0.9862773020401783
6515.106582281432 0.8831670481840501
6894.260572205551 1.0145210884953848
7858.133366945769 0.8434213488228878
8042.910781533793 0.8273834237974405
6271.4989737342385 1.060194224745115
7076.184913472823 0.8469419293624039
7624.344170757137 0.9681550299025752
4183.940217354633 1.124968365414576
5963.518620151387 0.8474508793417607
6760.771476142227 0.9766078728241318
8569.926705646472 0.9790328884816045
7713.083161466184 0.9020585685773133
7286.248392532744 1.0873926719781324
7050.094704416984 1.198782603505452
7752.026972428156 0.9114813457721179
7070.669522077756 0.8417523553252892
8502.397401543969 1.1179840367434641
9580.846093313907 1.089687480136435
6037.080992112614 1.1398184626696737
4693.42565808948 0.9557322574484397
1185.1707905451767 1.101028711995582
7167.106552191643 1.0071651363943086
