6 100
0.8973189348220595 150.0 527 138 120 115 110 112 111 116 135 137 127 123 101 135 130 132 103 110 112 125 108 135 106 121 107 113 128 101 135 120 111 103 112 122 102 112 110 109 125 113 104 118 118 105 131 106 107 137 111 108 135 112 121 119 113 109 122 122 109 125 109 122 109 131 139 106 133 113 129 137 134 113 107 115 119 137 135 110 106 129 107 102 138 134 122 124 128 117 107 109 109 116 138 110 110 118 111 131 125 136 102
0.8688614493986793 150.0 578 99 60 87 77 81 78 71 97 70 63 77 67 89 82 73 96 62 71 64 68 60 68 70 91 75 90 62 65 62 87 67 91 79 71 96 75 90 80 60 86 86 85 67 61 73 90 93 87 77 74 70 68 71 61 86 69 71 98 66 75 78 66 71 68 92 74 94 97 89 74 95 93 87 76 69 93 67 78 99 74 92 77 73 64 94 77 71 79 68 83 67 61 66 81 88 75 71 87 87 84
0.8562649319188723 150.0 751 78 86 61 94 82 66 97 93 61 71 71 72 63 69 70 95 72 94 62 84 87 71 61 69 81 89 63 61 73 91 76 70 83 86 68 81 78 69 90 82 65 62 66 81 60 82 96 84 91 68 61 80 70 96 64 86 68 81 65 89 65 89 75 94 66 84 60 66 99 89 92 78 73 81 98 77 63 68 82 90 95 90 96 88 73 98 75 67 82 89 89 81 77 94 96 77 84 99 63 80
0.873570703801674 150.0 784 116 130 103 137 111 101 133 100 135 115 136 136 139 118 137 115 129 115 106 119 105 132 115 132 132 134 101 126 111 129 130 132 126 115 122 103 127 119 103 116 108 102 138 108 135 137 112 109 103 102 111 125 107 138 134 101 130 132 136 118 132 137 115 109 122 109 109 131 103 127 101 130 128 114 108 121 130 123 125 107 116 107 137 116 105 130 134 128 119 109 134 107 115 133 121 111 124 127 111 137
0.8011224081188378 150.0 835 114 121 120 132 136 105 111 134 133 135 102 106 103 131 108 124 129 116 130 132 104 128 112 117 100 138 111 136 125 114 114 108 123 123 138 137 133 134 137 110 137 116 113 120 136 121 107 139 139 120 119 107 119 112 119 106 123 125 102 103 136 122 104 123 129 117 121 128 137 114 135 138 137 119 120 100 138 116 107 100 104 115 128 108 130 105 101 131 105 136 112 138 126 126 100 125 128 105 107 125
0.8160403276391269 150.0 978 63 61 67 82 62 80 67 94 82 61 70 65 65 85 90 88 92 70 62 84 94 66 86 84 62 68 76 69 96 94 68 78 76 84 94 99 84 91 75 65 71 69 84 99 98 74 93 83 91 86 77 83 83 61 71 63 85 63 81 82 65 78 98 72 61 78 69 98 69 80 99 72 72 91 97 83 62 96 79 70 64 88 75 77 61 98 84 63 71 83 85 77 73 69 79 84 90 77 67 65
8468.280404450137 0.8961326843523268
6505.666744105524 0.946185559147387
7984.280310326634 0.8259261316597577
5696.127231973771 1.06938025097679
7841.195840617727 1.0791676031527697
5675.015074440127 1.0652874703026296
7113.600811267392 1.1475958400105912
2563.4644381995167 1.1162120065473917
7335.6516806217705 0.9519909686315351
6221.975755452871 0.9042512733642735
10048.53276504506 1.045195691005183
7638.331770078408 0.9212986531450325
6822.3564241252725 1.1529535727457918
7655.475658690771 1.172471951442446
7531.487557030791 1.1892919909104116
8306.069080370646 1.0806556677842079
8219.113215337627 0.819789897017997
8365.886043941699 1.078579178725151
5812.971406311284 1.0570205542575013
6056.785609357541 0.9131051329514582
11952.407443213906 1.143869635611078
8666.141690200544 1.04988086390897
5691.761474989902 0.9504673656497562
6519.695110724724 0.9152786033618069
6925.40890777289 1.070754694968918
7616.41903492073 1.118304743334274
6857.320257314296 0.809766240417753
4500.04470265927 1.0500070243150479
6667.272102736825 1.1332042290923803
7353.891991782235 1.0122208741885934
7598.660992486466 1.1487742056459826
9409.153311969192 1.0536456578862157
6926.127313316518 0.9218531345170242
8563.956810332184 0.9468944429245238
6533.536379374255 0.9688744965787803
8528.503372737014 1.1296814505484734
10025.75880322435 1.091392858353165
7273.613521534461 0.802851650238889
8050.275707173606 1.0918586516002813
7903.3768048948305 0.9966464162646704
3448.5819908558433 0.8987392610985313
4889.440260317711 0.9433362468230905
9164.347891140424 0.9678442985870465
8931.449227915386 1.1248756195131415
6920.230179406687 1.106841063838485
8711.252888731779 1.1114286675696516
9629.217420743404 1.0138371806036162
7695.087640576144 0.9523218579122048
8096.000349868773 0.8440029576858606
8797.517657888191 0.985669186581378
8045.4417185764705 0.9444593172163935
8383.609650863016 1.0912931620709512
8214.67949765384 1.1477404387379138
7013.325654393256 1.0488210316266524
8403.308347529799 1.0236656185251718
10673.68290056841 1.0811934874651823
5248.536812554122 0.9185099754629326
7512.272040629604 0.9048235220717085
5659.003305109572 0.9133709093897481
7170.050812057644 1.0589553386257227
7219.99034264473 1.0671937514473337
4756.912629178809 1.177638009443921
6898.47281249226 1.1951263159073433
9888.225899174176 1.0296734253284916
4803.328519473593 0.9301486373632655
4434.779620416116 0.9366311214014246
10033.65304606253 1.130786742318545
7079.874058862848 0.8386004849254517
8032.375751470564 1.0555094972591614
6786.2706991661635 1.1400804821875052
5943.990600303963 0.8151361586261973
7569.223073422602 0.8022249747782209
8235.089749168772 0.8546941945890812
5862.948062885298 1.1395919993263497
8528.47853923114 0.9447825944489819
8774.38916650844 1.1015542083825083
3788.2415903923848 0.9034912177290427
7411.048134590152 0.8532038405657589
5930.254999504558 1.0132921208942862
6874.274836587214 0.9375451482099519
7698.899436586365 0.8474310294945315
5233.108866573464 0.8984065306099963
3944.5697651748856 0.8432321702003195
6875.177446229762 0.8266020058874388
6296.086503445879 0.8184594276693432
8394.840432474954 0.9733320199458924
6360.169976162325 1.1580033685416438
7656.7642345165 1.1516503337583843
4755.460307417876 0.8718226858431466
4967.18442878255 1.1520920981017362
4577.092005550396 0.9639981649785369
5623.758816077214 1.110819842152652
7503.531174748008 0.9565123924156694
5757.818480676435 0.8982387137041352
6080.346548222285 1.0413909622529913
7376.218297232681 1.0313384681916988
5808.019120713863 0.8083316465057422
6520.139290681899 1.1459910823743225
7008.956762570325 0.8011819406004284
4891.136681561329 0.8902718460703043
