3 15
0.8466450630730916 136.7864625035105 758 88 71 93 78 66 85 96 66 80 69 78 74 73 98 89
0.8824626444216537 148.59456946167714 975 128 112 108 128 118 110 138 123 104 127 134 130 109 138 127
0.8223901227651783 138.35038858912745 982 63 95 97 90 69 83 92 84 86 63 63 77 70 77 85
1779.3923224813082 1.1408479453435418
2000.4974737355005 0.9324972979392335
1917.8551534293945 1.1630244125602196
1923.3426600989822 0.863600557316589
1777.9443936519967 1.1256121609279024
1422.952222635922 1.020658079137635
1535.1811191868985 0.8980161976498306
2181.949351355937 0.9729708253398899
1632.1142123369875 0.8956674511410488
2639.066152186183 1.0037968651056417
1506.244209180866 1.1101702636854176
1670.818052829451 0.9581168448332087
1633.4657327744033 1.1683766376659395
1086.581688704327 0.8447965608612846
1351.4154725700546 1.1909268805385693
