3 15
0.865268145165884 166.28309212016916 526 92 87 93 81 84 74 76 77 70 92 77 92 82 99 71
0.8288298190770998 141.53337742921144 934 85 73 78 91 84 89 70 70 76 67 91 98 92 80 81
0.8735606009016486 179.135915245572 946 132 121 101 115 109 116 101 104 127 112 132 122 120 109 139
2098.526166874916 1.0495791976673365
1520.9849647282351 0.9374881242178358
1583.056379188151 1.1353181064751947
1639.335598304493 0.8842495744936273
1269.5210308464907 1.008561119871308
1518.8065067219325 0.8327544344241036
1855.2067189628162 0.8887792162172201
848.0590640209069 0.9516861592957342
1625.9902510759784 1.191251807846816
1158.9402504447544 0.8225595868742392
1933.9689006347921 1.199420091707217
1222.9284639972943 0.9591648088409215
1683.4276885117447 1.064252005709492
1016.100082481383 0.9153101450754944
1326.6948933934193 0.9107027142949387
