3 15
0.8534560998342376 153.56634305590566 767 121 115 120 107 103 111 135 123 111 105 102 138 127 126 126
0.838749265766695 148.66981576050614 817 78 98 61 85 88 63 76 64 83 64 65 83 65 85 68
0.8465041889723202 161.0594047560677 976 92 74 75 70 91 73 93 78 79 93 75 84 64 72 93
1145.4951292855771 0.9430725738000136
1527.8790211642922 0.8070934949124742
1852.847103007141 1.0960717161389013
2025.3487764423603 1.0566523863381454
1746.3192113401328 1.0441320078472318
1171.8116796511079 1.0708065275474437
1454.735210678239 1.0241832133325302
1196.0589839446625 0.9527360944619454
2082.2255636241844 0.9934231520685584
2659.0811762833578 1.1557513300208433
1706.6011245982916 1.0661059424536257
1632.554984967582 1.013052806140895
1622.0493118164322 0.8701670521656346
2104.071855235564 1.1757133915371982
2235.860122521881 1.01037783150515
