3 15
0.8817877919972185 162.742426443888 632 66 89 96 76 98 85 76 61 92 98 95 86 70 91 83
0.8764186631115352 165.1541434473923 795 77 65 97 87 85 99 76 95 86 63 89 75 65 70 82
0.8593950323976016 150.1229633102544 848 123 139 126 126 125 138 131 136 105 138 139 134 130 113 136
1541.3265130004863 1.1667595554626957
1582.5579842744053 1.1624963610855181
1633.622882667261 1.1799186819557024
1459.9074728415196 0.9809601288972805
1360.956070974237 0.8646314800983089
905.7035625928638 1.077481228885329
646.9511809215446 1.180642649033306
1097.3258792041183 1.1984730414465243
1439.0048888157523 0.8237529951388158
1547.907023183734 1.1181579393662708
1346.4374500135073 1.0549791979764533
1561.851450688694 0.9541305626061272
961.2516590985772 0.9038609005046155
1573.5209052895616 1.0936531113878516
191.70566335717763 1.122418692156779
