3 15
0.8625813632701296 133.17129362426658 603 133 113 121 118 106 117 116 127 105 110 118 115 111 101 108
0.8814541842944946 179.48341551681685 635 89 80 73 91 65 72 75 89 65 67 97 65 87 99 88
0.8206056125133139 169.18002007262402 809 95 71 73 95 67 75 80 68 86 83 82 87 70 68 71
1950.821658031111 0.8136939179538512
1474.3991319943202 1.1887316138098112
1496.1139246611028 1.1201559219530262
1637.8227016165338 0.8366556322690972
1700.5218514090955 1.0122545458891503
1392.637537000384 0.92655062457246
1935.4535753794498 1.1617319290509056
1545.7760964581917 0.8131007170117737
929.6614856591283 0.9478287661564353
1734.098043087593 0.9592898314585718
1275.9514667309286 0.9969966490229762
1113.0384441168035 0.8471203821431342
1731.8432503601919 0.9032645153119839
1588.7340395893918 1.0734348475289648
1278.933953524474 0.8279822852083134
