3 15
0.8297125306499098 130.12810886558364 697 121 104 110 121 102 130 135 111 104 108 121 128 102 126 114
0.8627820039461369 132.2410460341531 851 82 78 91 65 73 61 70 87 93 91 64 72 90 66 98
0.861181918595717 154.14513511162122 958 89 60 81 70 64 78 74 80 86 95 87 94 71 73 76
1425.675080009518 1.0874367606945763
1779.2005150711457 0.8765722618678639
953.9976017114287 0.9651874291874786
1420.0150482554145 0.8084039673244727
1606.597845469541 0.8020928215220631
1421.8898694390193 1.0691594254667507
2195.9359283185618 1.1329460116953647
823.4124919063465 1.1046048064272544
1575.676514440134 0.9869378524664643
1465.3793455829505 1.1778389288029008
2174.192090966133 0.8455651229924322
1085.5300172262891 1.062297953094114
1028.1879308493744 0.9740528009172498
2138.95478810189 0.8992175516711378
1280.6842411921664 1.0933676624794064
