3 15
0.875656797803855 162.26667952890398 565 125 104 130 118 119 109 130 123 120 135 124 120 121 134 118
0.8341108535265632 150.76138209976565 608 78 63 84 96 84 88 97 68 72 69 90 96 89 74 73
0.874130669481064 127.15563954980205 732 98 72 67 81 67 82 91 70 76 76 97 84 69 82 66
1552.821571959742 0.8605203904844984
1633.1954018316737 1.143216275913521
1595.2521317774826 1.0932579413243837
929.6668353232018 0.9271193019523023
1868.0596365672825 1.0154596724662137
1142.5756563086036 1.1287672489112537
1848.0518158850027 0.8307041969692379
1262.8785571496517 1.0280237134014543
1516.8035130789883 0.8814886243735774
1502.9270029968893 1.0451026970658075
1038.7287350383515 0.9324490962681924
1560.9818572832392 0.8612001285271526
1407.5926232787654 1.0853220965197856
1501.1425154282078 0.8091768181957699
1290.4938064720977 0.9448797159348112
