3 100
0.8132916310761401 142.33748689510645 592 84 73 70 67 95 73 89 76 83 62 74 95 75 73 89 90 68 90 71 67 77 91 77 86 89 60 76 94 71 62 62 97 60 66 97 96 65 79 99 97 84 79 74 86 72 99 75 85 60 88 82 98 87 91 76 63 64 96 97 79 60 91 93 80 79 89 68 93 77 69 90 73 77 87 66 63 70 91 79 91 60 91 73 61 75 80 96 96 69 80 62 79 62 86 60 80 98 70 71 99
0.869859336663348 123.36150875129833 823 81 71 96 94 95 72 95 62 78 99 63 73 97 80 70 90 87 69 77 65 71 75 92 68 68 69 89 65 83 87 82 75 90 78 86 80 92 80 83 71 75 93 99 84 73 72 72 90 86 63 74 70 88 62 77 94 88 83 69 82 87 83 94 69 95 67 82 77 67 98 70 75 77 62 62 80 91 62 92 78 75 61 89 67 97 85 70 87 79 76 83 87 79 61 81 80 65 89 72 90
0.8659747777182529 121.182829571968 944 75 97 65 75 70 75 67 90 84 86 80 66 84 99 92 72 80 65 68 66 91 70 93 63 81 60 82 75 86 93 79 63 65 97 76 84 95 77 98 82 94 98 94 79 83 95 62 75 78 88 87 62 81 69 66 95 84 90 82 68 97 69 89 80 69 92 72 71 68 91 88 62 60 88 79 90 69 95 63 79 67 86 98 81 95 75 64 87 98 60 62 66 75 89 71 63 76 62 85 68
5609.785515714668 0.8186012997483031
6556.80375804516 0.9226799970377553
3757.8754502689835 1.1582517012056388
5443.967523931987 1.1910354213604608
2877.8083711365807 1.1394117962580943
3778.235505611321 1.0900977529552138
5360.43195262778 0.9822244643893303
4707.234855601452 1.0687080266441056
4793.530876035496 1.0274256282532463
7673.16008064378 0.9284490604035979
3972.297676498738 1.0914157725184772
5669.608376469868 1.026671397806959
4094.320454844492 1.062297315413558
3528.307494770246 0.9176058116696918
4864.925039382923 1.0915522319952042
2984.885658954912 1.0283216562300894
3685.483903549232 0.8915504887566387
3886.4639376183272 0.8511191180757961
4215.498225361875 0.9754061338376654
3554.8149340159525 1.0740350121078697
6114.885368338762 0.9252346745866651
6114.913091522667 0.9714427596569692
3720.2028801901565 1.1811688811056291
5781.651220006126 1.1106218468657862
4406.389417004298 1.0032738403386339
6328.705508478098 0.8333303818164299
4739.508800597682 1.044239976038246
2506.8193657329625 1.0648525973904102
5130.716813743235 1.0804598224178235
4934.379699172915 1.009992638456477
5293.022620888151 1.0143374659059066
4724.942010182806 0.9875126863440303
4335.055496924554 0.8570054111752774
3583.6569332973613 1.1272901653592258
6351.142458589001 1.1693974059248724
5935.325970326799 0.9734689586775944
5146.9071435127335 1.0812899583682332
4755.569955694388 1.0785882989060585
3287.981652538112 0.843425728526823
3828.8917842482897 1.0580699064148722
4683.985277396015 0.8894314134876532
3665.4104927702037 0.9667440436715483
4518.038473790431 0.9530375237605284
4746.91209098593 0.9755879734534828
5319.0292128857955 0.9391598887610974
4228.143881428506 0.973973577795578
5324.661021726467 1.1135053597399902
5470.434693435946 1.0363891535187206
1909.0548774839694 0.8066976343870325
5853.305293577332 0.8647932896852784
4693.470577028259 0.9854410696245645
5436.662736811242 0.9551431481725184
3609.6131914526086 1.1871614230033647
5805.614637868981 1.1983420853718993
1689.3424804108195 0.9663435643200267
4257.9404168884885 0.9078300694240871
5471.606239672325 1.1918470645974701
5662.2931635126815 1.0025177618302978
4732.81165055491 1.063405244380827
4894.12115044926 1.1084439701633486
2543.214767119369 0.8672550146159427
4667.559448725436 0.9262981364949923
2920.8246047764974 1.0440247218060101
3002.230920716517 1.021904993676699
4195.593956465435 0.9288364451548474
2851.3778516166285 0.8776393337494582
4106.326365727124 1.0254863933931293
4446.679874489884 1.042615933442462
5259.13646422277 0.9676785990791066
5389.773810013516 1.033837280003916
4158.340059234052 1.0135057159086815
6533.047329721812 0.9684061939640357
5142.610307571534 1.1616635721121802
5911.7895406230455 1.0555673081512331
4606.42271526497 0.9018209662012481
3038.543575741487 0.9845476081937049
5954.1283214097 0.8732692180136641
5585.453289017169 1.10962009148079
5699.76565595582 0.9538789356907907
3630.4161888854023 1.094638350112954
4656.208991743107 1.0317355940355717
4003.111844144468 0.9756139845187707
4944.403551855291 0.8753549326635804
5697.339250225261 0.8566051463871251
5648.34975666617 1.0472351543176606
7119.675587079952 0.8282450887056931
4753.847615927231 0.8965681160014269
4696.968597132858 0.8883854875725999
5153.3053637212115 0.9700162424960609
3184.8215436093888 1.1018298159263125
5501.967764300401 1.1958102712918746
6076.921566340123 1.1411189814326759
4111.593801738449 1.0151693562947843
3758.2004300225235 1.1284867880675977
3924.821951637833 0.9857478883081412
6002.4454237316295 0.8721529263134837
5960.100288569501 1.1094471784993871
2607.5739746187373 0.9999232982210658
5385.266403247025 0.914320823845128
3460.8459298159846 0.920583649665522
