3 100
0.885424503376592 138.91960219787634 687 93 75 64 71 93 81 68 82 72 91 82 86 89 72 75 94 64 62 75 71 74 92 64 71 91 70 72 99 72 98 70 88 95 76 90 85 70 83 73 68 89 88 62 98 99 68 98 90 69 99 84 89 61 63 79 62 66 85 64 86 94 67 90 93 81 73 99 79 79 93 96 91 68 68 68 87 93 92 92 95 85 77 60 84 67 79 70 78 61 84 83 92 73 66 67 81 70 83 67 89
0.8375471035954327 146.58716662527866 823 81 70 95 68 72 65 67 64 95 77 94 81 66 96 83 72 71 91 98 74 70 83 97 72 74 84 80 71 66 67 81 82 94 75 90 83 63 98 92 85 82 75 91 91 72 69 75 68 66 64 80 82 68 93 93 78 85 64 80 68 96 92 64 84 84 63 62 88 97 87 75 85 65 69 76 86 85 93 64 73 97 67 97 84 70 66 65 77 60 64 76 89 91 80 62 70 97 74 72 71
0.8419583504430119 169.91013660493897 972 86 74 99 70 81 81 93 80 99 61 86 79 73 77 85 77 84 67 87 77 89 99 78 69 79 61 78 92 90 94 87 97 77 86 76 74 77 78 91 92 83 68 60 67 76 88 78 76 93 87 68 95 87 99 80 66 61 69 80 83 61 64 60 91 83 93 76 76 76 72 88 65 76 80 69 67 95 99 96 98 87 76 60 69 70 64 94 95 74 65 96 66 81 87 91 61 97 67 61 75
4058.347454549592 1.155572897331056
3018.555045904649 0.8326119423803057
4438.453239092871 1.1746250290920048
4859.787842711364 0.9352955379257646
5207.865688916994 1.1693444794725907
7392.382072052755 1.058128609637215
5405.136702664871 0.9719655521295296
3885.187269923505 0.9116615556994462
5674.762149412305 0.9205183091196307
4383.801483815158 0.9027853209943527
5803.781664149194 1.0149908972555142
5959.748251358197 0.9936313699043984
2322.0186377765895 1.165115788665784
4869.653925074051 1.1496952686615258
3942.1373811103635 1.0957797037390882
4459.055131212645 0.8959471966248279
5026.402260430541 1.1773858734620077
5046.427905821327 1.0058617130598309
5268.76141631708 0.9980658955283102
6656.9218209392075 1.1814143313542336
4769.844642247127 1.0223725548603915
3863.636333921623 1.0057750115200572
5037.075486816284 0.9549986818032727
4581.212211994296 0.802010685850917
6940.364891013072 1.107922400256415
5802.197989914738 1.1762325708823598
5948.068160693378 0.959780267985827
5946.045643576836 0.9154889556963807
4446.856831276019 0.9406906302463369
5975.525879350331 1.1862546031557413
4039.2946426806748 1.1025333399223707
6846.424119972537 1.043819354980945
6042.795165434801 0.9296724742523791
4461.633140998556 1.1375011147118679
4420.282190194564 0.8075999479335738
3903.1566555093536 0.9805189982242805
3286.8711820029084 1.0709993703457952
4352.915164313879 1.0973674437789844
5117.683900659638 1.0971382737329225
5174.281535758705 1.1886449617779342
5395.063271038613 0.9791439323129536
3917.432919960078 1.122660465938535
4102.8386439415735 0.8271456947648684
3266.685257275623 0.8395613368142768
6123.034031575557 1.1373416919231052
5987.505911625754 0.8590634955940794
5680.910647793363 1.0275725312001018
7742.275367218063 1.1419067188027285
4555.811748632554 0.8534728518331952
3404.6344073753207 1.0195417717899276
4551.289788273119 1.17184437892696
5078.119066725217 1.1492729520741714
5514.49817878611 0.8701789596073454
4362.695573664751 0.9180093715559268
4528.830591825101 1.1055060636565868
5652.032523993922 1.1810078571516178
4041.9879948126504 1.1123569916741864
5876.085844962916 0.8369351422671996
5130.775129034135 0.9940772934367215
4139.879760441123 0.9879626894222755
3782.6820657365397 1.0538164791307043
6258.312136465574 1.0254735310227072
6859.248499577643 0.9205437950844165
6702.048093118283 0.9424126560087736
4145.796354666477 0.9238046064106239
5130.11429064528 0.9810112995492611
4752.857198194749 0.9377885756275453
5427.664557982976 0.8063034166170187
2941.5696915747258 1.0525425636307113
3352.5066340847065 1.031115217132532
4990.001413964295 0.8609812605548637
5058.411393000423 1.0990341172700173
3507.463155324689 0.8815970169785777
5808.781795423701 1.1519783494056592
6209.484180375468 0.8610425830648546
4253.534285916071 0.9845498096346398
5817.89185791507 0.8045081212891219
4086.022762813246 0.8135489459827552
4456.169395591612 0.8081043672261881
6814.827083683986 1.155273304490598
4815.846045203768 1.0774065809770588
6823.4328714490675 0.8152490016134295
6452.659132477107 1.1588571909187066
5342.612122959284 0.8611175324250598
6526.55461043998 0.9711067147023793
5601.058350109372 0.9923880888722985
4280.500039708885 1.080552226708985
5130.633462469206 1.110746168124884
6538.0067565143945 0.8879844598816945
7021.084101974823 1.1418541236712332
5016.684318497811 0.9344865992660162
7560.92251962325 0.9768295227817694
5432.558276355578 0.9901282894727388
5155.646789477101 0.8070933616733327
5482.178580340107 0.831655655504542
4060.073609661944 1.0906965699868851
6519.644020650088 1.1357475663462115
3074.4281990955633 1.17464473265254
4873.600903046998 1.1770941509089377
4652.70005524905 0.9603754692701605
