3 100
0.8978778190535226 138.87479528754326 543 89 92 91 63 80 98 80 68 82 92 81 60 92 85 85 88 73 60 81 68 84 75 75 85 66 71 82 72 79 64 68 66 83 95 74 85 71 93 84 60 90 88 89 93 84 64 74 69 82 64 63 75 71 89 96 97 73 66 80 74 83 65 75 61 75 60 89 84 98 80 98 75 97 91 67 65 64 99 89 71 79 85 84 92 83 91 61 72 75 92 78 74 89 81 93 72 78 99 62 68
0.8326562808280155 148.97895343664462 657 76 60 69 71 76 93 78 84 86 84 63 69 88 87 94 85 94 98 66 79 90 78 92 66 71 86 82 88 96 87 67 73 81 60 84 84 70 74 87 72 78 68 92 74 60 86 67 98 66 64 94 84 94 82 96 84 61 62 61 93 76 74 81 87 85 81 93 81 74 83 73 88 69 88 71 82 70 89 98 88 96 77 83 85 73 62 93 64 67 86 60 99 94 61 88 79 60 81 74 95
0.8818553360939171 154.92466514080655 819 85 78 92 94 64 70 77 70 73 98 85 68 79 68 68 77 60 80 65 84 71 73 84 76 85 69 79 88 84 71 79 67 82 81 80 66 96 64 94 80 74 90 95 91 63 97 79 69 81 67 66 97 65 84 60 83 90 62 85 69 77 66 86 60 76 71 68 72 70 64 70 76 65 87 95 77 95 77 79 86 81 90 98 76 74 62 77 61 74 94 82 69 92 67 75 97 69 99 99 65
5812.10011838899 0.9745259330788674
4991.622079954025 0.8106355493549134
4691.395743546428 1.168242464936585
6779.3616987461 0.9946555939137014
4278.540029137731 1.0694893254663151
7318.684724325622 1.019569528083616
5052.972477566866 1.1966951033401838
3871.011089029066 0.9698713733470556
5656.483941352161 0.916579930297183
3028.882882122846 0.9385870974238802
4724.74578201685 1.1849013365821621
5570.939200809463 0.9665221120165562
4683.148579621537 0.8043326058444036
4552.261178042971 1.1264961793890167
6024.722927729077 0.9017399967460562
7474.988230211334 0.9140604694673067
3838.332083586717 0.9757827222608231
4861.426480666676 0.8351342743360026
5926.36465511727 1.122485794901147
5292.279004720839 1.0228678082241711
4218.873550392088 0.9199199032384529
5019.34178465077 0.8338313296412918
3891.170476677635 0.8799522560976205
6417.533244422586 1.102583848952091
7415.5774250333225 1.0207943633063676
6879.018655245521 0.9100556114575101
5623.389265020634 0.9912575027778181
2725.8971036058256 1.1903057867772355
3433.0411824758094 1.067526161284362
6826.660104289955 1.1441536223591524
4177.873666383075 0.9307960649544131
3891.514104313127 1.0747988174892424
5814.383936551872 0.933119576870376
3732.980469577182 0.9584282222500268
4844.480576896714 0.8976145764558506
3885.478445236746 0.9393249545558374
4726.494566658175 0.9503678763528074
4978.59298558652 1.0970766119089252
5892.301365335372 1.0476458690999844
3641.08939670105 1.1488602484587473
3596.1255562495526 1.0449916731032878
5859.932220596085 0.9391837545567581
3021.514957692926 1.1313884698992753
5486.55792106906 0.8725775434554929
5355.780978883021 0.8046881623376785
6425.740243809848 1.149941630938923
5136.620039766325 0.8100755523290929
6169.176154452644 1.0036117580872737
5438.889524327302 0.9565368907119365
3592.5721174062473 1.1405071137225808
4048.001727711083 0.9558704696460117
2487.648346798604 0.8923913291132893
6814.6880959940245 1.19779763291724
4147.934043178945 0.9889321485546184
5102.1400175593635 1.0970020763314985
5920.110924846749 0.8709881754099459
4111.80937278022 1.1476190633233203
5542.262578263646 1.0319282831414076
5071.957982848435 1.0974756586087033
4644.894301702382 0.9737293593757108
7846.988807945793 0.8869051091005299
4331.9017681141995 1.0174597903193123
5904.26147823504 0.8587018849252173
6043.00936179816 1.1682869302875283
4490.431285175796 1.002977857476656
2547.9254150465495 0.8949055844602509
2804.363934301535 1.083599010556562
1864.9402718127062 1.1431079889676692
4780.559386331264 1.0345269770727987
5397.837057621162 1.0717663916052746
5163.516362907889 1.1522475019290703
4292.8608615426365 1.1345967238611965
5242.868455415868 1.1165373495904483
4291.641192786926 0.9309512753039817
4610.046151209663 1.0022568340647493
7334.068626175227 0.9000747344423591
3903.8052402694916 0.9121972210895525
5524.500412623844 1.046126310803889
4438.736312309273 1.0114104391021324
3653.301787126393 1.0203364366603629
1730.4505189111537 1.1457086016052391
4195.48778015951 0.9445250709988252
5274.918724652134 1.18754871106571
2978.5514735483184 1.038175032936619
5067.772423196646 0.9543654974515604
3913.490011007857 0.9719183673779177
3719.3584143243097 0.8217338633071585
3005.0498212616794 0.8060247549165789
3722.4523579026 0.8464797810798962
2266.2223091914298 1.1346408948850908
6444.636089921116 1.1440777434899911
6404.325106249546 0.9157499580156654
4778.422659589979 1.0205469177421898
4732.188763029095 0.8913228568552453
3954.920479764429 1.0103948818130302
4766.692233050658 0.824735229976508
5791.138612002387 1.037155534484814
1709.8918972972879 1.0465704642123757
4764.032688765013 0.9571408281229687
5915.832708168264 0.9705704950878167
