3 100
0.8262291261390321 145.18178555665543 692 84 75 87 67 92 70 68 78 92 79 92 77 80 67 98 98 71 82 68 81 84 67 74 89 93 82 75 70 86 69 88 81 86 88 72 90 99 80 65 75 92 96 69 97 88 94 92 99 77 70 99 80 92 79 72 75 80 76 62 97 65 68 67 90 98 70 85 88 90 96 83 86 81 70 78 95 64 88 76 78 91 75 65 96 94 62 60 71 65 72 83 79 68 77 83 93 96 90 92 63
0.8425425683016119 155.95208831087083 749 79 75 78 77 95 61 60 66 99 89 76 78 75 74 69 72 77 83 73 60 99 92 75 63 84 88 75 60 81 74 76 91 94 64 74 78 92 80 73 70 92 70 99 68 84 61 66 71 71 95 76 63 89 82 90 79 60 88 71 74 97 69 94 74 81 93 62 86 94 78 87 62 68 85 76 92 63 99 95 83 69 76 78 61 60 85 61 84 72 68 67 81 85 69 67 93 86 97 72 95
0.8487023872551284 124.31443026543083 886 65 63 74 75 91 82 94 78 65 77 98 88 62 71 91 81 77 65 74 61 62 69 70 88 98 96 65 64 78 78 87 73 77 63 73 82 67 90 96 95 65 72 61 86 65 66 64 72 79 72 98 88 60 68 85 63 75 91 90 69 94 61 63 77 60 77 66 88 60 60 99 71 95 72 93 87 83 76 65 60 75 98 80 97 96 96 95 70 99 63 77 94 78 81 97 77 79 81 85 76
4175.571472333058 1.0867531390084648
4643.539585384549 0.9410584615005622
6504.065365776732 1.1181561226438097
3629.8321034346154 0.8549001225665158
6498.063065103136 0.8520324153006413
5657.938813116365 1.1947686626812963
6806.809032652138 0.8925904191625601
3183.732034176006 1.121444035046166
6813.845625958411 1.0269035245654774
4641.367556337833 1.054710544282887
6407.642884537918 1.1413261271644648
5391.433220282774 0.9078580904253647
4244.664456531188 1.1407426244570837
6020.422642346911 0.9022472928368189
5579.762679482406 0.9863399627785009
2931.589531412301 1.108297326148085
5015.940090186526 1.1828647093933111
5132.84871137156 0.8249605422479378
6265.421213908879 1.1894140991653972
5958.717791806599 0.969555845038924
3325.761023247915 0.8652329397517305
5556.73345460871 1.0508418588580561
4084.421426064659 0.9346344675630516
6357.679882292879 1.1368350036398682
1800.7807170410488 0.9531234490441068
4103.944869892261 1.1913816331180878
3432.0288977372056 0.9260103891200848
8007.540582306321 1.084036616417485
7060.016315097356 0.9271176440098577
5620.195014866549 0.8900482927713873
3665.281994896225 0.940749613272517
5807.659098255223 0.8229791722054214
4121.958858260383 0.9762835847029351
4704.813756032049 1.1811274959314568
5825.64711782122 1.1653910650921189
5483.418187006939 1.1939444221670534
5174.281670757486 1.1008881676509998
5408.371619542147 0.8078090681700991
3781.1843540122672 1.1826439448414765
4707.0776550273295 1.1667153664663172
5351.182309680113 0.9367304616305935
5901.328575892448 1.1316965558111258
5582.479790961963 0.81698718637163
7220.6698163462315 0.8976611293512381
3789.484303479572 0.948611223970044
6018.078685740867 0.8765545124750611
4279.260926892179 0.9933474447751972
4534.652490286229 0.8561863117949642
3754.9289173042225 0.8286357485371653
2841.191119232159 1.0638604675388108
3663.846038750186 1.181923570980382
4429.936420972106 0.842438988250933
4246.323569338987 0.8628206070776459
5887.452135858601 1.1047793671600237
3964.9646514582 1.045230584742182
3454.5879218435675 1.0036639385618835
2377.142837795629 1.120307027380601
4847.54827851344 1.0438548534602266
3697.1994355816987 1.010903826119089
4148.924436661127 0.9302388562808517
6500.961733350824 0.9244831944242194
5232.111276289969 1.120175306009811
3178.0747415382016 0.9699348837274331
3052.8638737065257 0.8963781261888122
4701.92940602892 0.857544663274988
4233.866525016952 1.1700864387186383
5128.287220642778 1.1713189065864882
2604.0451076900877 0.9415929168576681
4808.964299488118 1.1379563657914233
4033.8672031727815 0.8179275433006742
4802.799487321324 0.8149483397090654
2533.7244775756767 0.9710974840244995
6249.609336073268 1.1056707173278488
3764.745158323493 0.8536844660758842
2719.35333335291 1.0521443058747537
4465.266722837467 1.1724415286437
2797.044237725404 0.8626348853599793
3701.100063084932 0.8157148901370774
5478.103255862519 0.8680216449615364
7652.767668886423 0.8825924416234657
3756.893470404951 0.8239784181159084
4123.398451907592 1.1169613655183808
4428.273673517161 1.1222781547586065
3294.7082967861456 0.8759012134465816
6330.5113248869275 1.0181188753003536
3196.3806444591446 0.8295960226915737
4532.051297337976 1.1513853595438166
6079.626792549465 0.9733500700023322
4350.445463265415 0.8176812581749733
6046.199693399858 0.9973468750725653
5882.283986484517 0.8552245793999251
5283.139822411678 0.8540073101615533
4095.3980706967845 0.9162509287146585
6352.291637411285 1.0919269227349193
3909.3105380540587 0.8303539222683696
5444.275407784468 1.1720083211153982
4644.609353874139 1.094676706501119
6033.7058077209895 1.0200998599912812
4614.764416547627 1.058514946186393
4046.0985957612847 0.8339938488793113
