3 100
0.8110894611996123 167.6557004002867 891 62 99 68 98 73 64 68 70 77 93 76 70 64 74 96 79 73 86 73 71 65 74 85 75 99 98 69 99 65 85 94 83 72 85 66 71 65 94 73 87 93 75 71 80 81 62 93 76 71 92 95 81 67 81 69 80 69 83 92 99 90 97 74 89 67 64 89 93 74 62 69 98 60 95 63 64 60 73 81 83 86 99 96 80 93 66 70 69 86 81 68 70 79 93 74 95 62 90 77 69
0.8649433426146503 136.2069163008364 944 61 73 90 90 79 67 76 95 95 95 94 98 92 87 60 87 99 74 99 76 89 86 60 89 84 97 68 98 64 67 60 73 68 65 75 83 91 70 81 64 82 75 61 95 92 65 65 99 61 70 84 93 87 98 87 82 85 91 75 87 76 69 76 76 99 78 80 96 86 62 93 86 69 85 90 86 92 75 72 83 95 99 76 70 87 92 94 91 70 97 62 66 86 73 74 92 82 67 88 73
0.8946521931515874 161.05661537104578 956 62 78 81 69 66 88 97 90 95 91 76 86 68 77 86 96 69 79 67 65 74 97 61 79 75 66 91 72 72 76 72 91 94 87 87 78 69 63 70 74 90 68 85 90 64 96 93 71 70 93 70 89 85 62 75 81 80 70 90 69 80 76 82 76 79 95 60 75 89 91 94 72 91 73 78 88 69 87 64 84 90 66 88 89 97 84 68 78 86 74 73 99 91 93 80 89 98 94 69 83
5102.1807289548005 0.9460553937586167
5790.46909891488 0.9525992887644631
4881.273529034318 1.173065810006208
3865.1231469884706 0.9397978726845391
4944.921922742295 0.8040673441253585
5320.0827938174425 1.1096524354099713
4436.921581694518 0.8598027163403438
6173.922909614911 1.1253555832758173
6009.262771088015 1.0747810478082809
4822.467089310297 0.9721740795305259
5582.548664078578 0.8389265524621786
4789.9713665517675 1.0085984638749383
4637.217908846774 1.0695988854909673
1913.577410783379 1.0923470520712915
4604.3434750637025 0.8561771134092422
4523.314754553037 1.1544375755793808
5552.775117311154 1.0027535765715447
4170.193285196678 0.9772363834338407
5264.084710668697 1.1872506636874405
4419.926943555556 1.1801775116902822
4767.383910645473 0.9884782667716296
5458.556623637246 1.013546844976055
7164.646972436957 1.1470564005053907
5790.830491579463 0.9666759551408299
2830.8117006411135 1.1458692446547625
5279.178093647381 0.8489705826575205
5671.094197967636 0.9281613543295535
4389.44926697097 1.1188237236549732
5699.630312579576 0.939249854633769
3832.25647628113 0.9729797115337848
8133.578832011641 0.8883251465915817
6186.353881108606 1.0459106461261545
7574.330290976532 1.1335012328582519
5146.06647976678 0.9979962226579744
3595.2957263615967 0.8215095926795903
6360.016364512255 1.030642084684262
4970.020428744126 0.9412042417495021
5051.512328162109 0.8782177078813397
4319.0861019316235 0.9873035608010771
5705.046902618688 1.1527747781137823
5111.428925138104 0.8674986894002543
3872.181306410758 0.8343371543547174
6052.935410555756 0.9102039202559955
5001.357681054033 1.1221878162917047
5734.5320298075285 0.9098514249345883
4176.354172280512 0.9116402779818852
6061.523980682549 1.0867290335758155
5565.745345838198 0.9794633046041703
5385.267536578182 0.8302658464668056
6882.450307290507 0.8166940653672066
5186.162161884061 0.9107382283545998
5171.868051542137 0.8184544995555131
6227.273139423752 1.0191147309247546
6620.894822162365 1.126672051520059
7279.753626848898 1.1865560076355939
5984.26681333563 1.058487034303719
2448.5165721165454 1.1440391446679044
3365.829076379515 0.8720606908260309
3038.9114413792868 0.8189847492673598
5319.483998426393 1.1633095536713323
7531.2868398031005 0.8905246285320321
4674.679317622817 1.0435847059262602
5101.442096069646 1.059704817629244
5428.011913747656 0.818202848696116
4225.562022293287 0.8272771512402675
4578.402743486898 1.0016853695524255
4747.382188747388 0.8555272477078429
2962.7465456532714 0.8024262689153882
4499.6352968688425 0.8936042268759191
4527.225369606147 1.1079459640972764
5981.524335866565 0.9197300593961913
5234.206631927486 0.882345282901999
6486.744084543674 1.0120624653967394
7257.400823426241 0.8792954570963254
2204.283837103069 0.865940502775764
3800.445408625993 1.178690542338716
7571.336810465029 0.8905302445087252
4387.274253031044 0.8163166644243776
4546.053680396642 0.8808937642071948
2869.2513636968683 0.9672653918925661
7101.058981037209 0.9563452916741282
5789.292514212162 0.9384303799081897
4671.160764365393 0.8702978075937452
5142.183068537675 0.881214324105034
7156.754636513617 1.0171893970455064
5100.0528023677 0.8919904675662299
4916.514160368501 1.195093443145743
4596.673994875234 0.9834576530329847
5706.693606398027 0.9454409266621466
5368.065044248798 0.953320849797331
3443.0968878076483 0.8341755159789507
7442.869824113093 1.0362517250833878
4528.66576430037 0.9182264473164322
6658.9761066883575 1.0184248993659808
4868.694280766998 0.8995441179041007
2856.942244120248 0.8095909690455534
6050.925139825129 1.0682490825491615
4387.481804772252 0.9462403965911687
5541.162308437293 0.9220452135518051
5215.8034319051685 0.8543186143320997
