3 100
0.8766245103201101 143.83207718162197 702 97 70 95 65 70 84 81 82 74 83 94 84 91 74 97 74 67 67 96 68 81 99 88 87 95 65 80 92 68 83 75 78 72 76 81 77 66 96 62 92 62 93 80 83 85 65 86 94 61 69 84 76 67 81 60 74 72 99 86 90 95 91 70 93 89 77 62 69 68 82 74 70 69 66 98 71 96 65 69 75 60 64 80 83 69 84 62 91 73 81 86 76 68 72 78 66 86 87 89 97
0.880137159601146 146.96015689542045 878 64 65 69 79 64 83 81 89 69 92 61 97 98 81 91 77 82 81 76 88 73 78 93 86 67 92 98 94 91 96 94 90 84 70 89 93 69 99 88 88 66 63 64 81 66 81 74 88 75 64 83 89 74 94 71 90 81 67 99 68 63 66 83 93 80 84 94 81 62 99 79 83 82 98 68 60 73 92 90 87 86 79 84 99 80 93 65 61 71 95 65 74 85 60 85 81 79 87 68 96
0.8579867527646386 150.17012935062675 953 88 76 64 92 65 80 93 72 96 91 83 73 91 77 61 90 79 70 66 72 61 92 89 97 62 64 97 97 98 95 62 66 95 90 82 60 61 89 80 60 95 71 96 76 81 79 71 74 71 99 94 75 70 64 73 66 86 60 64 70 67 64 76 74 93 79 86 61 94 67 85 89 92 80 63 92 83 68 61 78 72 92 86 94 86 80 63 92 88 61 72 75 98 82 82 97 69 72 70 92
5566.429926563773 0.8862526658742614
5113.886729589368 0.8789999737646992
6599.221541472278 0.8437995735558143
3606.9348755758583 0.9281737986628456
3897.2723373597937 1.077735232015978
4101.259692997241 0.9476735933653786
5255.994987622296 1.078359461009226
4552.882643779713 1.083994578804988
3986.2671430915702 0.8363808671709687
4019.729441201259 1.1520073257279762
5120.573695792645 0.8466499538711199
5662.068805219697 0.8394130558064119
3588.1859252576487 0.9061349331468047
2333.3057114909175 1.1710630127092876
6777.284100034007 0.9679704495646768
4248.979856975321 0.9027526230751831
4618.23463285732 1.1009263059246122
5243.849315204778 1.01553253431666
2595.3156071777844 1.1239100480692055
7056.628841562444 0.9747707159129342
6046.18796456077 1.1907670209504457
3769.8447921701973 1.0838465231787293
4226.059939224124 1.1903212244299968
6625.953468325822 0.8713611122168289
4709.547409773993 1.1645838780376658
3176.1161038761747 0.8698977520347692
3192.7400293901965 1.0595053084389872
6402.063650706714 0.9475100324788481
3816.8808443275066 0.9927897490371885
3828.4500052432286 0.915766093168028
5112.665258454066 0.934559553548749
4415.519713806397 0.8714972488971812
6252.061144369807 0.8731205746431434
5952.126378676956 1.159095868613138
4611.838108462842 0.8119418263814465
3233.845566548851 1.0780130097695446
3809.7463993593524 0.8833354704078366
4143.938465967205 0.9744177199375688
5186.915498925641 1.1431148589863818
4018.6695617497544 1.17830618941877
4070.8415321694865 1.0701688555672477
8240.279926805659 1.0120247552957862
3922.164445938332 0.8105384103282234
4760.929714921949 1.0857635569825592
4700.193718196675 0.8362678087887243
4955.271195965562 0.9169905407478827
5760.5802143106175 1.0988234600371558
4953.144727548843 1.1092771012278915
4306.240898043665 1.0729851282128489
3687.810634333817 0.9735521276468135
3785.8680823936556 1.048000691620637
5425.242827081034 0.9228203958612462
5459.982268121456 0.8259126200586634
4387.00947452666 0.92602840065145
4295.459362606562 1.133022223570611
6345.793131618599 1.1277117907670628
6044.366557935525 1.1017496849841903
6576.66246147218 1.0649384795374037
5329.385038529807 1.1013013424591471
4965.68926825583 1.0401283116230438
6149.418838686381 1.0991272008999127
4471.8813406746485 0.896897565790096
4861.372177519141 0.9004204788979006
5738.419124710651 1.0161001465518822
6453.440979791699 1.1537725200687587
3923.762805164566 1.0683420793496543
5557.341793130821 1.0274677138911275
3694.1754402730253 0.8464447668459318
6653.356967925625 0.9842679598720323
5586.967118820707 1.1066639244984149
5103.31798136728 0.8650330677284277
5493.476647708611 1.1156744746833651
3524.8247224636134 1.0002144094834693
4873.206050687885 0.8388390386595527
4110.967272982555 0.9599813137189785
5089.372075440298 0.8501896603025602
1505.180649027333 0.839766754503342
3955.774560064334 1.1441257585598636
4552.636715319914 1.1894213139695786
6493.642776566765 1.076876161701895
5294.664940969489 0.9323021591455772
4517.684469559877 1.1970873938489808
5912.698233875199 0.9238856567528975
5363.385399965841 0.9670310005253704
5360.926769194395 0.9559071851370264
6936.2377845519395 0.87513622761205
3205.1466299327867 1.0836771913834027
4098.581213457586 0.8440125702279597
6166.471026033322 1.0332283903913928
5238.827057376922 1.057742359062456
4419.67902127585 1.0402187039165485
5584.480515432504 0.9026142084202029
3866.489972069334 0.817469542002486
5529.524935308267 1.1940059845109614
3007.070286950285 1.0436872197435705
5202.678760447366 1.009018071045971
4903.875480357711 0.8192927950269109
5065.401228942162 1.0260669775164266
4979.859368633518 0.8567718309863881
1736.5047807737187 0.8811143582410156
