3 100
0.8981047299451436 152.99791395657454 691 74 67 90 71 81 76 79 71 87 61 86 72 79 96 78 81 83 77 75 69 84 67 85 67 76 95 68 73 92 81 74 81 87 70 65 84 86 78 71 91 88 88 64 91 64 83 75 79 86 74 63 90 60 95 86 79 72 68 95 72 92 78 88 92 65 87 97 75 77 68 67 98 83 76 85 87 90 87 98 98 86 93 72 72 94 81 61 72 76 73 78 86 84 63 75 88 63 71 67 75
0.8497591011192956 122.30691033623368 740 94 80 82 91 63 84 66 90 62 70 73 80 71 65 96 66 68 81 90 70 87 88 88 80 93 65 64 81 71 77 72 74 78 95 62 66 82 95 72 92 82 94 74 60 79 72 76 95 97 97 99 74 67 85 77 88 62 91 65 90 87 93 88 89 74 77 85 78 77 74 70 63 94 78 68 96 96 98 73 78 78 83 73 82 77 80 95 82 69 87 92 75 76 90 75 83 70 67 82 79
0.8078592180451155 172.69682358883156 988 81 72 96 77 92 96 81 73 70 64 76 92 65 82 97 76 92 67 89 75 63 91 83 75 84 69 75 62 78 88 61 65 73 82 86 62 90 73 73 71 81 69 83 85 77 92 93 81 96 92 85 77 81 76 94 88 91 94 63 84 78 66 70 92 69 80 84 79 92 70 98 96 78 94 93 84 69 69 90 80 72 73 81 74 98 97 75 74 93 79 98 66 91 87 60 62 60 63 83 71
3411.109331419274 0.8816170582753441
5415.378415121159 1.0486552503894166
5465.641730032444 0.8988663349874548
5299.735465426092 0.8580898953301046
3151.0706641007882 0.8188965710342698
6834.25755738427 0.8435087832066874
6170.6542139397525 1.189884737970392
4407.5132481040855 1.1995677343700293
4251.123097082192 1.0562018648097566
4309.667597800276 0.8763502490987215
4225.26879462728 0.8989491991268934
4824.627290155354 1.1699271816950587
6545.418145643765 1.0338259470162292
3800.6592478356056 0.9175166289310209
2446.585708332192 1.1441337916452043
3186.00350692814 0.9794407380752626
5780.863604973602 0.9096485766509727
3675.581467317511 1.1396392330489113
6408.854825629558 0.8760511969263018
3097.094773377632 1.0162606484075372
4917.296099354195 0.862625163105851
4912.727761435126 0.9109248457831559
4972.022279569407 1.1931991073716954
3936.6258211604295 1.1735881982012275
4451.188656099775 0.8992293251600579
2792.635362250887 0.843092721870581
1717.6748687828958 1.1237613347194368
6277.350579033235 1.0765088550613113
6819.509826192288 0.9623611192126977
5188.948734289077 1.1850959203114377
5463.584505119059 1.0406790520520435
5149.935639860722 0.8328716934081948
2975.7160885579624 0.9261901305755406
5509.3077020838045 1.0418332240053767
4189.923876960065 0.9698142805207616
4593.009071970302 0.9416709492305865
3092.476710890308 0.9282815156817341
4877.86027160631 0.8506051375980057
6012.331966565842 0.8675924319344516
4506.786688813852 0.9053704129836193
3654.184949261346 1.1334016821693051
4022.61361896259 0.8892401455418354
7203.7687621951545 0.9225774653078082
3660.773932224198 0.8564179659422599
3972.4971206922464 1.0703309283765077
4220.713317378574 1.1924547486488504
4936.324485558524 0.9539209072767401
4978.066258113403 0.9557467304495306
7221.238996608515 1.1424520727704144
6512.756201802897 0.8478074572062113
4362.160153405389 0.9897343285799685
4990.4919570904 1.099602342937327
5473.7670404634955 1.0993127176096764
6190.518330082814 1.1375027627495
4901.207801463552 0.9593785171374998
4000.1538318234075 0.9483435627480732
4121.718325816242 1.0074886789391122
6076.74268338344 1.068716513515293
6226.119405446709 0.9538944731548522
4290.18344832223 0.8234931549406985
6334.755871236092 0.9166663023593287
4068.332909818452 0.8172335796075567
6009.605352016841 1.0072437152713416
6590.125832285393 0.8630670524618168
4436.912294015065 0.9051207372154537
5585.215697560221 1.0108851144835764
6178.774275837919 0.8964028360009223
3756.5972863582356 1.0236257110030358
4872.312819414859 0.9750583632924446
2642.5250238626386 0.81164939727032
3949.284701731203 0.8364390182189748
5346.270981591173 1.068999123440637
3390.5735370572347 0.8232109416696624
4489.637253920242 1.06283671628576
5810.5194682828605 1.0300135363092942
4883.675858219183 1.0717189472951272
2885.189605338476 0.8595177713533179
5511.503934590724 0.8922309134164206
5236.475757454641 1.1929221227922924
5847.4956252436605 0.8123353842498411
3953.9840589284263 0.9860810553750112
4702.454008018053 1.0827542175267473
3648.4194195345226 0.9380886745133585
1258.2402369977171 1.0599582918542672
8009.5257972247355 1.023450592055046
4817.301465149465 1.194501864471033
5756.7832710399625 1.1994408517212842
4955.828062508686 0.8598749867051976
5252.471672935303 0.8929546393972048
3085.445091460121 1.0651444912220813
4912.318872423327 0.946750352821838
4081.457510129867 0.9140549261792786
4825.152333380008 1.008705501921875
5128.724984443467 1.1994453466627222
6044.081048807319 0.9903801579850888
4694.02497556783 0.8178448385139636
4278.037841743155 0.8651241008987232
4148.023249988835 0.875979128757227
5207.98597311983 0.9272802271238448
3936.877277181099 0.8714015726347337
