3 100
0.8156925804324852 166.78989103891558 862 66 96 89 70 75 93 94 94 94 74 80 84 77 64 80 77 60 81 76 87 78 73 87 87 63 80 97 82 86 71 60 63 69 76 62 99 97 75 88 61 64 65 63 89 64 73 88 92 65 88 94 62 87 89 71 79 76 86 99 80 88 90 86 86 73 88 67 76 98 75 80 81 60 66 67 71 86 77 84 63 74 87 72 87 66 60 93 92 87 95 70 78 68 91 68 95 99 90 71 87
0.8671374112515051 123.56805891142356 900 94 82 62 82 70 63 62 62 76 79 92 65 92 76 75 77 60 85 60 99 78 96 60 78 69 60 61 83 69 67 77 96 87 83 81 90 66 73 96 81 62 64 79 69 67 89 94 68 66 77 71 84 72 94 63 78 88 93 91 70 75 70 92 67 98 64 94 87 79 64 84 92 84 87 74 81 77 80 63 86 75 83 62 64 76 78 96 87 67 97 74 74 88 83 72 84 61 74 63 73
0.8774947907773512 130.3967013737163 912 97 99 60 78 76 74 89 77 86 62 71 72 83 63 63 65 93 72 94 68 73 99 73 81 62 96 85 96 75 60 70 62 76 90 78 70 95 61 98 90 93 96 96 91 70 82 65 81 95 74 87 71 63 95 83 70 80 84 90 98 62 95 80 87 67 69 92 91 67 70 60 87 74 91 82 62 67 74 68 94 90 78 72 79 96 88 64 61 66 82 93 68 74 61 86 86 81 89 84 63
2790.0875799548303 0.8172564108628233
7416.905246430678 0.8671244726155151
3403.4574667446677 0.8965653969872175
5308.123162647867 1.0790090189531918
4038.0015176317984 0.9842718297023896
3305.8595220040884 1.1323845642771495
5531.731028322294 1.1931846468960399
6964.7297267807535 1.044931262766094
5460.437354783772 1.1991358687534568
6275.895261776833 0.8123925829879084
4165.513728323047 0.962262788772638
7028.013884382338 0.8178878725564868
5545.319306804902 0.8816384941864313
5303.003495952611 0.8350314250629209
4834.610843377127 1.19967527763662
5324.751829645725 0.8900740801862819
4764.471419008363 1.0372155195452828
5740.267450328996 1.139099388397355
6423.375014541467 1.1099629400694788
6477.662826957675 1.1101184593148543
5590.726179410176 1.1249283212381123
5688.509667068016 0.9924106074604829
2661.4991286792747 1.050504296528243
6170.066655039421 0.8618532597466045
6009.531062981555 1.0041453240335765
3453.7030934451323 0.8551751790441959
5369.688643897517 1.0336617453015713
4949.372393771009 1.1780491499168733
4560.883846514341 1.0460415012826676
5380.771079831565 1.0665883476921554
3236.0114964785935 0.8850350069664593
6246.815505741076 1.0592644903776396
4369.668247871257 0.905969879694789
5653.719074635892 1.1868606764562188
4820.65360186234 1.107306292249866
6039.901044555994 1.1376379733306194
5389.5595253870515 1.1843451038140616
6738.270295401367 1.1491630324054793
4238.489730282842 0.9239899798690758
4865.142081333737 1.0084455119911182
4492.761285570397 0.9483924834579586
5294.058282960274 1.1354149500220865
3159.674689397629 0.8593200243914668
4090.882569508136 1.1713184224037174
6195.591308271166 0.960419873701712
4221.776620488312 1.0567432469831857
3196.2224841089155 0.971251269187244
5277.252887277494 1.0504491602699857
4807.811449807631 1.0071857101854558
4820.020788126809 0.9674871518104957
5677.885880197332 0.9725194386861999
5524.443216103515 1.0883137056497094
3103.1872362476506 1.1070706153887975
6525.977703241357 1.1141562960654638
7122.985850411005 0.8822016758294224
3243.926072336668 0.8811365105636948
5419.5944992451505 1.0931833736072425
4939.342682166747 0.8113768662505256
5912.127194373668 1.0667643640100843
4951.95080270113 1.0252461561111177
4200.555541476712 0.9970304130611825
6660.04065016807 0.8924828300119909
2621.885953123175 1.0107513800612102
3381.863833897517 1.1371155524048595
3971.136566440085 0.9474038591327527
4238.362004825425 1.1867712723682766
5198.952741044539 1.110900097863269
4978.720306167212 0.8702598495860866
5297.04401708544 1.1202151989975757
6922.953533908283 1.0944806701574101
4581.146313233392 0.8766124751381594
4816.791733210526 1.001941777166694
3214.580841061069 0.923089269439422
5398.734496130014 1.0817091753972545
6954.6752545980125 0.909910940136911
6709.234516646548 0.9685203673779967
7435.54261124407 1.0449638970338564
5187.815362996877 1.174542683799801
6145.9135226260905 0.8841551766236305
5859.333439358816 1.164585178881223
5095.454085866713 0.9947978238227788
4414.04616786501 0.876097755750292
4454.155849918268 1.0914935290701997
6383.8450198593455 1.1739084334499266
3218.541043465695 1.1880162297166383
4449.495408702338 1.1872360627634113
8152.726556157862 0.9030859767127413
5470.169479538664 1.1529039326549944
4675.609824801497 0.9901270908987316
4309.128561808509 1.149843991568832
6074.014313525475 0.8809829472864247
4164.53297826031 0.9062014583645975
7369.062134133501 1.020100145022827
5016.88969832617 1.0976679782042118
4516.096473732392 0.9739752056351341
2100.151312251657 1.0930107642944036
4723.243160182497 0.8280069878708922
5355.985797259037 0.8885643812771459
4033.1087023070804 1.1606627934335638
6642.211617224853 0.9476921103374025
