3 100
0.8637453741635648 146.50574856283103 577 98 74 68 83 93 86 91 79 81 85 86 87 74 88 73 91 69 97 62 91 62 67 64 64 81 92 66 98 94 65 95 88 80 97 88 74 60 63 85 95 90 60 82 92 72 65 60 64 68 97 92 72 86 61 92 68 91 91 61 83 71 67 73 72 96 83 73 87 76 88 83 77 73 87 99 73 98 77 69 65 80 68 93 66 88 69 97 78 82 94 97 62 88 72 62 68 69 67 78 80
0.8033153205944645 150.25991760757765 647 64 79 66 97 74 88 62 60 82 92 62 76 86 68 70 73 66 97 68 87 83 67 82 66 73 77 80 68 64 85 94 99 77 79 76 70 86 73 68 86 93 82 73 78 74 71 73 85 90 79 87 93 84 84 91 76 94 94 69 69 88 82 67 88 91 88 80 64 80 65 75 89 65 66 82 84 72 83 69 79 61 73 84 73 96 72 63 82 65 69 72 94 78 83 61 90 88 97 66 60
0.8154034894615512 133.84548662995016 877 98 99 65 97 62 71 91 71 84 63 99 60 89 62 73 94 78 69 86 96 60 99 73 63 64 92 64 91 66 67 98 98 92 86 80 99 60 94 62 74 77 61 90 62 60 96 83 87 72 71 99 69 75 62 71 68 98 89 61 85 86 78 94 90 87 80 78 63 80 93 98 63 66 97 70 99 95 69 76 62 66 65 98 71 65 62 99 74 64 79 80 67 95 89 68 72 66 63 60 98
4162.838176990994 1.1077166476779108
5682.450047498637 1.0972723360369296
4372.667962923095 0.9420098971132594
4822.653683845944 0.885790416847385
4151.5481579802035 1.1279471467378326
4544.219922279501 1.0263794647392086
5078.21959294215 0.9003486105065198
3615.373233610013 0.8725636267183823
731.9185746978428 0.9177644914184416
4538.842592808805 0.8222027699070507
3955.236865547625 0.9209531059323517
4493.1183813262 1.122286221011926
5077.152230767494 1.0653743605254513
6012.081389844795 0.9672989308239659
4922.5785832701495 0.890608748800708
2761.695761689133 1.0266000065362746
5595.219982860079 1.1010405729348534
5921.794226073065 1.103818426816871
4939.335301057187 1.0821719585887783
2702.5885002677605 1.1022996426310923
4494.752688085582 1.1023787849557682
4938.003727543329 1.174883936966902
5442.612159192051 1.1233394185645345
3983.0217522157122 0.9908660045769269
5402.871454140462 1.1861986402913565
5854.693948162792 1.0798329792568948
5142.326861040085 1.0452550567328502
7903.567165929813 1.0944987537749649
2708.350490103387 1.0808337689457863
3511.493531232074 1.1396493140591795
4229.549030645683 1.0420003437451832
6283.232332851942 1.0086102789703852
7259.843904520815 0.8574983643874473
3828.1006460627596 0.891095154236152
3852.7768324160706 1.1278672105988035
6347.410412819782 1.1146315371255213
5264.521437608001 0.8820939182340736
5180.792595907396 1.0310927540933883
4231.680934758375 1.1047607404532827
3523.9084973139807 1.0876390351345082
4789.513099608556 1.0942485890311862
4463.851664125377 1.1768811206720604
5396.104515567929 0.924965556631223
3778.8330632623715 1.1781042277874012
3475.214572823488 0.9325053844137889
5140.377560439715 1.056931720514552
3973.7078632253274 1.1447313614008554
2872.192477005766 0.8559503987849628
1280.8528956891582 0.9780129925236292
4560.400740862315 1.0044164663977158
5536.74340622905 0.8961673262257757
3332.7986428015233 0.917319192087885
5764.596334463058 0.858067586639206
3127.9228592435147 0.8994492795098522
4567.9252851122 1.0083008031842675
5356.730441108076 0.9338610610524519
5012.888790638509 0.8624502408097482
4290.726089994162 0.9128790261156016
5255.594513659986 1.0072198692684398
5008.053918492796 1.1236554504105436
4914.460064143851 0.832964891949435
4678.507238138985 0.8015137147957366
5255.853107519737 0.9330468742504198
4789.258162436296 1.0655506681799534
6048.459138151064 0.8981369468784053
4825.73268621219 0.849902701057733
5946.093098942969 1.1164218075774073
3347.913097545502 0.9465964499733206
6381.2393546626545 1.1863954806422763
1946.152442163474 1.055303644157887
3394.7112060649397 1.0933627511724517
2847.3379063130014 0.801145920555484
4417.750631960546 1.0711666665939867
5296.960762601678 1.1197043561903106
4705.833062295283 0.9593585481578957
5419.39768768129 1.148947568949215
4037.660932739219 1.0959513256486466
4587.225419142889 1.1652944536102599
4724.9616440233995 0.8270245721010633
4669.181056689104 1.0084484712476738
2910.197333496771 1.0504492963941212
4448.194346336031 0.8395482624334675
5386.531060603291 0.805422539836867
5496.341145215946 1.1589092835064154
3971.3906672844355 1.125259397717036
4612.50918647494 0.8373585055796923
3624.2024747597566 0.9306587811764085
4673.460753138022 0.9407995879280361
4831.605880941944 0.8349025460070774
2654.493410352428 1.1394244080401374
3762.8399323128842 1.0924447081435908
4014.309305371162 1.1607735614176904
4358.744375326331 1.1502166120597246
2834.0180662007206 1.0728810746096908
5201.756015962453 0.9457800062866575
1644.9399803139454 0.9264742564550117
2951.7646538776407 1.1159840854468446
1944.1826250279641 0.8053349162913384
4489.778139281607 0.9663540035628003
4229.345582597373 0.8374928629653711
