3 100
0.8291258613038127 148.24997470029376 564 76 88 81 62 76 97 72 81 79 72 80 98 98 79 67 86 80 68 99 60 85 82 91 98 79 78 65 61 69 81 68 80 95 65 79 99 72 95 93 75 97 60 99 70 89 71 82 72 65 77 93 86 83 60 80 74 73 88 87 88 79 60 98 89 81 75 92 62 66 62 76 95 74 81 81 75 95 98 77 64 65 79 89 93 80 85 78 80 69 88 69 68 74 82 88 98 83 91 65 83
0.8122634747981151 179.88524342519156 780 79 96 64 62 66 91 65 72 89 94 91 67 82 87 84 66 67 99 74 85 66 87 89 65 83 62 64 66 60 81 82 93 80 69 65 63 89 77 76 85 87 66 62 92 90 65 93 65 84 91 91 96 93 77 71 78 70 75 65 81 70 67 99 90 80 62 63 80 62 76 77 88 80 73 63 72 79 77 69 73 95 88 64 74 73 99 99 74 82 81 81 95 74 76 90 78 66 60 70 63
0.8386992349797904 147.4737798462953 936 72 78 74 92 98 84 86 86 98 85 98 75 83 94 82 81 64 81 77 63 79 73 85 85 82 93 60 74 62 91 98 72 97 80 68 82 92 99 70 87 88 90 88 94 74 68 78 84 71 94 96 73 88 91 82 72 89 65 83 83 66 73 73 77 62 72 82 99 69 73 83 97 90 68 96 72 71 77 89 85 81 80 76 97 94 70 72 99 71 82 92 91 65 77 65 61 66 89 89 70
5948.121113487528 1.0352283618255307
5578.853270185715 0.8114874805699688
4497.6685662803175 1.0313164057800353
6247.509639275629 0.8323850291599901
5222.8353812944715 0.8463592828602083
5441.555883417527 0.9855963738332811
4459.668306246475 0.9214341343703032
4672.085557414036 0.8714131072882592
3490.0825117886866 0.9938185157793077
2069.0679414253436 0.8767151090427618
2822.853142509607 1.000483287384057
5674.838255178857 1.1234811402605205
3323.847128562071 1.100254732631216
4652.507178906407 0.9178534370980295
5871.57078047598 1.0397954270561023
5735.047823227427 0.8221928507991974
2638.3830683827227 0.9608732795724466
5366.317946988694 0.8248936354189642
2904.18315387669 0.9060134085610417
4389.593706648682 1.14419281090019
4984.2939694430215 1.043344992108161
4530.219315740608 0.8339784785546023
2399.2935755490444 1.0107217341268948
5691.163705314672 1.0949929536060832
6043.346208862904 0.8791157471623855
5353.1866817684395 1.1063405854266952
5744.871739876356 0.895268749191133
6679.162099323268 0.8351548085061888
3633.4246425961564 1.0674405296921963
6125.5173871193765 0.8790138758200751
4247.124322678446 0.8897818856041975
2326.996477966586 1.1050409128002798
5450.022048680238 1.1520783692872576
3845.912045249327 1.0229380377440085
4290.619320185046 1.137348853360465
3551.54490649707 0.8024221163964261
5437.958097365591 1.1168237428665526
5406.09934567109 1.041449255723911
4091.2275792011146 0.9274675897449418
4520.124357369543 1.1724989139853796
5587.113065318143 0.8254008133386421
4410.305387955831 1.0081677504555198
5043.251014943581 0.9600866008691649
2087.143218140077 0.8896966536632295
4337.429479949159 0.8412929761043744
3055.822885239118 1.1328750489375479
3770.079776698066 1.094860673533433
6826.5640010689585 0.8102324756553767
823.5448682880346 1.1217891587238058
2736.224931474839 0.8568282973104908
3951.835060896159 0.8295210030141786
3011.3455507999142 1.0553599080650489
3163.172814612085 1.1397870010718067
3917.993057750155 1.1409302650577218
5951.9812022830065 1.034785678798465
5539.276333664245 1.0286899910916372
3404.542839427178 0.92194120471134
4795.9337598390575 1.1710929453603274
5245.104407414208 0.947463644599127
5831.134562694075 0.8796952631777759
4419.352918605702 0.9378776759890071
3733.8352778145118 1.0347232099145454
5471.74883326294 0.9209518734421238
3715.1239751468474 0.9379783127034289
3446.992206253076 0.8902743590872418
2645.8900251703667 1.1917490844743326
5278.585281553043 1.0932004064941196
5764.874777476224 1.0062103642287614
4292.214495026957 0.8787520786847596
4278.71049532358 0.9653131425758298
4630.398349917836 0.9765330640249724
4405.371819746503 1.0749426578116665
4341.20594891591 0.9776331741609022
4871.345428241344 1.179392808330803
6204.196224726304 1.0455584284248616
4163.88334558627 1.1682113502656872
3491.4278622662478 1.025582751881086
5718.733988691316 1.1217774323318963
5978.521073900146 1.1200668621187901
5098.425918801922 1.15530213082135
5510.324861062929 1.054087996546808
3602.1021506488105 0.9822471041044176
6807.069690341506 0.9532080442503423
4834.788779386936 0.8994445470990993
3700.6862367525678 1.0166725010375945
2929.4872978594926 1.0213817150145144
2382.2065636639354 0.9567699770307859
7109.633654246096 1.1696872559566123
6099.222407596647 1.1972750305821562
6722.254436696669 1.0237018443406714
3129.4727996015463 0.8453007242924083
3929.7863533214168 0.8955903624558361
5334.715344043962 1.1541717765555495
5690.035186113019 0.8899336621841923
4873.640709964256 0.8843095692257248
3877.452688214385 0.8343681112432572
4820.9824506896975 0.9971254635288116
5724.257619800357 0.8584917967928553
5110.670519938129 1.1251088566933742
1424.9124967107928 0.9349217087160401
