3 100
0.8378413353441411 175.15046522115466 580 63 77 85 95 80 66 77 75 81 71 63 91 65 63 73 65 73 99 77 72 90 69 92 89 81 79 81 82 89 99 81 83 77 75 74 87 89 62 98 96 86 76 73 82 61 90 60 66 63 85 94 71 64 68 93 99 72 94 88 83 67 91 93 70 69 82 97 62 67 93 92 98 71 76 89 73 63 61 93 91 89 94 80 77 75 66 78 69 82 94 86 92 91 78 87 84 89 80 81 83
0.8459755841937949 166.24280022818388 700 87 80 64 81 77 75 75 80 66 97 88 61 92 70 95 80 90 65 67 91 74 94 60 96 95 62 74 81 96 78 63 66 79 63 95 80 76 97 61 92 70 81 60 66 94 84 96 70 70 93 83 73 95 94 62 65 84 76 77 85 61 62 74 62 75 80 64 97 88 63 82 76 98 69 66 88 88 75 92 62 98 74 62 89 83 77 63 60 72 85 83 93 73 84 87 98 97 87 75 99
0.8839579252696146 142.9066656086862 897 65 61 60 62 91 97 96 65 83 79 81 60 63 84 86 86 71 76 81 96 88 80 89 68 86 86 60 71 76 78 91 76 82 87 83 85 89 72 68 70 70 93 78 73 73 83 62 84 78 94 76 62 90 73 75 88 93 61 85 99 73 96 92 80 79 80 98 82 87 89 60 80 63 91 87 80 86 94 61 85 86 87 78 81 87 74 93 65 74 87 74 70 87 64 95 92 72 66 74 90
3344.6701505100636 1.07386603272899
4938.991469257937 0.9376630790818583
4898.00964988458 1.080585721454029
5086.429120446543 1.112837077920417
4612.617446817894 1.135586150510733
8260.999173046133 0.9593067030832465
4711.61273543335 0.9890830844743775
5975.176886490709 1.1116715772212014
4254.00710934929 1.0334819589963156
5498.162168493169 1.1433939025393034
4265.344068939614 0.838370354364016
5320.5489501476095 0.8017931277455062
3820.61724704888 0.8809273946943074
5501.625067433005 0.9159769452484811
4724.5966848526095 1.1240485381830079
3180.708765110682 1.000488917125757
4266.761034186916 1.0118491147466053
5429.083842470638 1.0452504422185132
4688.840642301066 1.0568599239699608
5215.800143737519 1.0826963369773281
3400.7490740488415 0.8962230153436073
5505.665714913862 0.8643520869931371
4176.937659123402 0.9382638502564529
3699.0952490946015 0.8849190731722117
3413.154956124751 1.15485369593934
4185.8988619327365 0.8490790515863549
4149.810786206454 1.1279392731507647
5285.255689159349 0.9261058339902704
3431.1614506635215 0.993573227322035
3639.8613913592185 1.1885075786422816
5393.7394427176005 1.0241803372113143
4404.709804773891 1.1785521455902237
3944.2106316579257 0.9936849784661411
6398.580830262792 1.1216568924433044
4125.139532445556 1.1844629655487804
6503.208629359087 1.1054180641572187
4056.6742616455026 0.8802026745912336
3435.082052703842 1.0059345829796842
4966.749357230624 1.1255899951763901
4246.28112973663 0.8060349254684546
4279.862432172664 0.8573864923822573
5901.152189171266 1.1801123533530584
4002.635477956799 1.1086563129533873
5340.127868573055 1.0260949210829395
4739.428857545004 0.8893839459853662
7063.2541014472035 0.8701294873539764
6881.084677690582 0.9977150810657277
4335.767754413542 1.0362435042397873
4848.358886987117 1.075035220240927
4912.740183746538 1.1428295677283165
6731.443629495229 0.9288426592252907
4850.806143768995 0.8146435784954251
4485.6356880322255 1.1226409721459105
5334.183915347323 1.0141349416140586
5670.217550835196 0.8404614520889383
6641.816601631561 1.189370550406804
4397.773466963361 1.0314139793354757
6156.472062937052 1.0880235332986277
5043.36657634323 1.123691650440767
5991.6414649118005 1.0218167988103204
4567.6075276759875 1.1436341204128062
4156.047154114033 0.9255726398492266
4163.204015090543 1.1969580429384534
4163.92683895799 0.973074785101197
4999.1446024951465 1.1533606701078671
3996.28996704982 0.9762018844098973
6288.160388740847 0.8064756845371392
4379.281495559405 1.1829648822999776
5368.342303096897 0.9319189169545353
4730.559207211373 0.9842780858986301
6138.969744778802 0.9654460235080545
3032.9676378338545 0.9574921715039919
4612.12969489271 1.0676203023901587
5721.586880580766 0.8334779034152989
2964.7918592411097 0.9815499638296881
5182.319992717092 1.1106012515986103
4862.296110874941 0.90184767182365
4744.460382999017 0.8560485172436267
4699.905801273187 0.9036916353144983
4081.8250913069546 0.9925088629917135
4820.89069778669 1.0873875777207445
4772.969842919892 1.0786132911953132
5531.249819681707 0.9189061938671633
4550.048093958337 1.0509904832208254
4823.471376964516 1.0451723324966804
4445.950509630011 0.8376083471027091
6354.9357971135305 0.8862147802571472
2615.6855480373893 1.0248865663194493
4600.883117522543 1.0601849972436972
7395.413970728855 1.0464213143230932
5894.874461051639 0.8405096131280116
5746.6334050861005 1.1375908559025312
5260.526871862066 1.0653134267230837
3716.3761355774973 0.8713108266499302
4862.184347512396 1.053356421670512
4045.693933565076 0.8574746189875424
3812.480563552336 0.8041418484509875
4253.551988894766 0.9400295888438287
4841.60439235752 0.8993098629310733
6562.819534065406 1.0256909145346749
