3 100
0.8020178019303452 177.62413742014394 504 88 60 61 78 90 92 89 88 76 68 80 66 74 79 73 81 63 86 95 75 89 86 77 68 99 65 96 72 80 87 73 97 94 75 88 85 61 86 88 62 75 76 89 88 64 75 67 89 85 76 65 91 62 68 75 77 93 81 85 74 89 73 65 93 92 75 77 75 85 69 80 78 64 61 64 61 84 83 95 68 99 68 98 88 86 67 61 67 61 99 60 62 91 83 69 94 99 80 89 67
0.8556173227644258 143.01369264714197 670 74 85 60 86 66 72 81 95 76 72 90 95 88 87 86 63 75 87 89 62 99 86 60 78 81 71 69 68 73 98 86 96 88 93 84 95 71 85 69 80 70 79 99 65 85 85 76 79 63 89 60 79 98 98 89 84 79 76 92 66 65 97 81 80 76 70 65 60 88 79 67 72 86 75 96 64 86 69 80 67 84 89 95 92 73 75 63 68 65 89 72 75 95 61 99 74 99 61 82 86
0.8626531530209058 131.94279647295622 842 77 80 91 93 93 72 80 94 92 71 78 84 92 79 96 91 68 62 85 92 81 64 83 78 83 70 83 72 94 84 67 64 97 94 67 60 95 96 75 83 97 73 75 97 80 83 91 95 73 77 80 91 88 93 87 85 90 76 93 83 68 68 84 88 92 67 91 84 81 68 97 74 74 98 61 69 76 90 89 62 69 66 91 91 95 73 94 60 69 70 64 76 70 64 75 78 74 83 72 60
5837.006036909666 0.964010764775427
5372.426014247059 1.155696328858096
6112.20497215563 0.9302953438189016
4662.317830918838 0.8804320008071687
4545.150054089207 0.917806515925726
4913.02751135234 0.8597929403389579
3903.3216110811104 1.001737511324406
6219.83229587833 0.8659347907404065
6442.297997929326 0.9813285492803929
6293.4946419251255 0.9705251347184569
5071.992759425961 0.8281631005841716
5012.788386152972 0.9106412421872747
2615.0194354147843 0.9901872746593172
5884.516616123481 0.8378545766022107
5115.030854477803 1.1978932412882124
7419.84762403758 0.9273831049738022
6039.165633087761 1.0795610171268217
5657.624411028078 1.1661384981355654
4448.805525457744 0.9645725942534491
4443.467529620796 1.0588246292389238
3378.1392167824943 0.9176030407790938
4986.1535124819875 1.1741074045510693
1913.963295357743 1.1544126596004385
3855.123200815037 1.0776579298288738
4201.105398924317 1.0547175153912807
5268.148480828054 1.0309060564274284
4086.828186208904 1.1286252631174873
4501.1415024528615 1.0599312116803494
4517.153085984757 1.1958427000282612
5298.4127874267815 1.1163875137549741
3779.7218811869116 0.9784189618737833
4191.605987003577 1.0664762112512063
4769.602585822056 0.887567200131736
4672.058888024384 0.8565944080791366
4548.015360818517 0.8722749050529379
4343.776410582693 1.1504357763873687
5397.186076577102 0.9226597265352248
5093.0696962254515 0.9961913757476959
6159.08219105341 1.0297866490497043
4153.108773326016 0.9894527896957528
5234.708229823064 0.8802241225802996
3631.469513353277 0.8746433796333724
3714.99685134233 0.8949522691244471
6197.289430611447 0.8354547260423839
3437.270341634389 1.1839783057306703
4448.258747669445 0.8031689263322579
5482.794357712684 0.9113267512556215
4278.08658982283 1.1499185385899167
6496.509990548341 1.1136348387188526
4585.426490564633 1.010944505488923
5597.6408444140825 0.9639597628018626
3785.3634816749864 0.8392396807036885
4536.128820334925 0.9961190008497751
6282.06633043257 0.8222434295135963
1955.3468966159276 0.8290130335276791
4482.913900391516 1.174525824004758
3906.43079827757 1.1157732197148627
3183.561231093997 0.8189745020771748
4309.445880936635 1.0969038702342662
2002.185167215704 0.9875982603486794
4867.754731441895 0.8660800983891476
5800.251259326578 1.147717186511053
4912.471048339211 0.9550566600804207
5430.085705774955 0.996119683468202
4840.741991244434 0.9219894160715965
5925.305633777012 0.8681213815284458
4253.521103781928 0.8806165033884676
5446.335685245459 1.149054396747019
5144.6265748611795 0.8408422568750891
6029.282882534658 0.9609491844040426
3139.7881404758355 1.0486173209011267
2969.491310765252 1.0109457420348247
3707.5920229974963 1.1647963554668148
3533.5861438932207 1.0110558110844363
3129.129109249953 1.1907660581419415
5718.680766482216 0.811855550048088
4803.25175454355 1.0277388972800785
4013.9704314893334 0.9466911103146017
4580.562843910113 1.05883108085831
4640.403210465422 1.174701191074332
4096.540805972592 0.8709470376574703
3785.1960652005528 1.1812992292922015
2588.7460769126774 0.9704680970230152
5421.244973801593 1.025657177018934
5149.070868322193 0.9491668829909612
1539.2621117812346 0.9671800279337676
3791.4761383044734 1.0230818914060638
3544.091171132798 1.1131713642362338
4548.542610163764 1.1190944967966627
3890.153744105475 0.9654718792892969
4487.185849583858 0.8050464199581391
5322.455643508922 1.0130940250905092
4260.376042446343 0.8339985792670848
4421.055474273226 0.8595264010221748
5870.856487917936 1.0387648765872657
2265.902352883598 1.0261412570719197
4577.6165323527475 1.1497230427256366
5774.51584747603 1.1112496836468502
3966.707597558054 0.8193230919720158
4126.202747517827 1.113873345354729
