6 100
0.8058425615369335 120.68147274887895 575 60 78 85 77 88 61 89 69 72 76 97 84 91 95 71 94 68 91 81 78 92 67 65 65 94 70 94 84 77 63 68 84 97 65 96 63 95 75 62 67 86 67 87 61 63 86 85 68 90 74 70 69 72 76 68 65 98 91 62 73 79 76 81 65 73 78 67 94 98 72 75 72 85 97 62 61 62 89 65 83 98 84 82 86 67 61 99 80 82 82 94 61 94 79 71 83 61 78 94 60
0.8248428661421312 123.82805283293284 647 86 89 96 75 75 99 84 60 76 94 97 62 77 68 66 68 65 92 96 69 84 72 91 93 65 91 69 84 76 70 95 79 65 94 94 88 71 84 60 84 96 96 65 90 88 94 91 89 73 86 60 63 87 86 64 82 94 73 84 92 90 65 63 79 76 85 78 94 68 73 74 79 78 84 92 89 68 75 61 93 88 79 61 65 69 71 66 80 85 77 65 84 93 72 93 71 75 79 78 74
0.8662397648054067 126.46291113879177 705 85 67 97 84 99 92 65 65 67 93 97 63 68 70 84 62 64 91 76 76 98 60 60 76 85 96 73 63 83 62 97 71 68 87 74 88 68 84 66 91 62 66 87 91 97 98 71 79 67 90 67 61 60 88 82 80 77 93 96 95 79 78 61 79 74 84 73 94 65 92 72 90 98 61 61 67 63 87 83 68 73 78 70 95 65 72 81 62 80 60 92 82 63 82 64 75 73 97 71 61
0.8427048245479797 144.57919143655198 709 105 139 137 121 127 109 107 111 107 109 128 133 133 121 106 115 133 116 100 126 123 135 122 111 127 134 138 138 121 108 128 118 122 118 122 102 135 138 134 100 134 106 124 117 124 111 138 128 124 101 110 139 112 138 127 134 138 123 111 104 107 125 133 105 135 102 137 121 132 127 104 127 107 130 135 113 110 109 126 137 112 106 110 118 109 101 129 123 103 101 116 106 129 131 110 108 123 116 105 117
0.8561674420117762 147.90591338609732 761 131 117 113 137 119 121 135 125 108 110 132 125 102 132 107 100 134 135 113 130 104 129 134 131 122 107 109 100 132 112 113 111 105 136 122 125 105 117 116 110 116 110 114 109 137 133 117 120 124 128 118 116 125 125 114 133 130 114 108 101 112 133 123 119 118 104 111 104 136 119 101 107 134 107 120 127 126 119 136 123 125 122 135 102 122 104 106 106 118 127 122 123 118 115 129 137 122 117 134 127
0.856992103620948 129.19872924349187 904 100 119 122 114 118 134 116 137 106 124 135 100 125 104 104 115 132 114 105 131 133 106 135 109 119 132 106 102 102 110 134 102 137 102 130 109 113 118 117 126 117 102 101 138 127 139 112 123 126 101 119 133 100 130 136 108 128 131 107 132 128 122 116 131 118 128 123 114 135 116 123 115 104 123 116 136 106 115 109 116 111 137 118 110 106 105 126 118 137 122 100 110 122 121 111 108 116 122 100 121
7771.622411249951 0.9425452006256527
5746.346605091081 1.1651963213323484
9413.331612478252 0.847934042494427
6394.056977056445 1.052068569305074
6875.573468352249 1.1830589532280515
7138.066359580145 0.8419454818200992
7937.687571458331 0.9450789194073084
6900.090016494784 0.8932688873975444
8561.154412390542 0.9796146369989097
7428.179067768431 1.0022557745778742
6037.15165803201 1.1486032638103376
5644.770319591345 1.016039121718894
7648.974614891824 1.1507023976272421
6517.7896406350355 0.8319025180337474
6044.549936766868 1.0330948231217822
7707.774908843748 0.9514219761231342
4912.4543943619865 0.9835742289828372
8480.664310713448 0.8800253329132852
7712.651133366413 0.8931088170489146
6789.665585395797 1.0432044101788536
6518.1764924925155 0.9393810567946828
7020.622257963628 1.156075579740821
9093.998112413343 0.9844907705944008
6097.053889113045 0.9640040659529397
5105.567069488612 0.9244918183285855
8849.851501646806 1.1204213349485639
4753.294497135896 0.9372992913470176
6688.666289143345 0.9345271075840617
3466.927809985944 1.0303982630691237
7687.1851196263 0.8961217231991078
10112.536137766801 0.9261653663356347
5158.117800310403 0.9700893806122358
6475.939800714953 0.9836128699190764
8289.119646512658 1.0782533396512415
4532.649130086388 1.025641916407031
4653.79935010965 1.1573206679265353
8024.612159686308 0.9687024219307014
6103.443995180296 1.04636625951632
8394.079871371203 0.8156925343583288
6427.8681944775335 1.1171154141131268
8375.54099087883 1.1509272679194082
6329.324962550577 0.8276738468826511
8074.817553181544 1.176280286180522
7272.427429221927 1.0102235692773074
2694.644893144683 1.0389737591251624
6331.526647985068 0.9106999563541677
8823.753146674047 1.0712379632632811
6439.556086064761 1.0655348037640369
9009.800436040874 1.090213407635189
8979.537501863015 0.943446807552607
6199.850570018613 0.9383510469938219
5224.464842684987 0.8979572358362029
10055.56979618651 1.0951185317316892
6599.469795649298 0.9068861031126417
6997.855674804897 0.8374773106042743
5992.131508008072 0.9457342084158014
7082.547776224509 0.8562006899361825
5551.2574652768035 1.1715700156055766
4944.298025484503 0.863752261470191
6653.82816509135 0.8608795762965303
7018.177336963293 0.8657588207175985
8532.52830779621 0.974846639302514
5369.561029117368 0.8126232327901721
2968.768954592145 1.007394763033715
7603.174677773951 1.1349027836525796
8391.877870307077 0.9579158859153887
5243.7163337604225 1.0846901612750763
6752.216056069101 1.1494338811040647
9171.484010787195 0.8799703707435642
7216.624204012492 0.8834512098364207
5657.428074427549 0.8217665598536397
8115.067552353208 1.0290006777305154
9478.81165279129 0.9174087646961305
7213.777838429344 0.8542304513242359
3526.9293035113574 1.1332748313698298
8465.874315430588 0.8350274666477228
6750.263400289867 0.9420678685521924
7950.6313613769435 1.168000799980487
6044.006875968032 0.8731574716939711
8687.112576700398 0.959490970303134
9158.295438387182 1.099868921706736
5609.655995381028 0.8434459841356123
4290.093640047499 1.022033950775619
7581.989627281682 0.8720918259281697
6297.897392894842 0.8680669851257413
8300.017407738622 1.0260752790301229
7261.334230511697 0.8142870575837051
6159.5633338857115 0.9798906381568921
5643.376635116095 1.049323843364738
6902.165727836749 1.075919896911842
6558.317527783265 0.94952795520188
9913.155670568929 1.0418146545693812
6602.214487923093 0.9201476205274616
8270.518042469987 1.049741872869028
6377.894449616914 0.9454611021101661
7920.028879264593 0.8247081891010786
6501.707819457328 1.1338807725777336
7181.053265363554 1.1909122793728488
5660.842416386163 0.9720240420903155
8548.897218550577 0.8785090772972686
