6 100
0.8142790558402841 167.90690165367616 506 133 137 101 105 138 126 120 134 129 108 108 135 125 105 107 116 119 122 114 138 138 119 120 114 113 135 113 104 133 118 122 112 109 111 120 138 116 119 111 122 127 130 125 109 117 102 106 128 125 106 127 117 126 132 102 120 139 115 113 105 110 114 115 127 132 133 132 113 131 114 118 103 111 133 133 118 121 134 133 112 114 123 127 139 115 114 118 130 109 111 125 102 109 133 105 112 112 121 115 115
0.8408523641272895 122.49831028877855 544 98 68 91 64 70 68 71 91 97 64 84 62 76 86 72 67 91 81 63 69 68 72 61 86 80 88 69 74 87 81 97 67 63 92 98 90 71 70 75 85 78 84 87 92 77 75 98 87 76 88 76 92 87 88 89 95 64 94 94 81 92 90 61 80 91 82 69 75 66 99 60 90 80 86 90 86 62 76 62 95 77 89 83 93 84 71 94 91 73 98 85 87 85 69 82 82 95 80 89 94
0.8763250228590779 148.37347200160286 671 79 87 69 82 71 60 79 90 92 98 94 74 98 81 99 64 89 87 95 85 91 89 98 98 75 74 79 71 82 71 80 81 68 64 71 65 84 91 77 90 93 79 77 82 81 63 83 69 75 67 88 64 99 82 73 60 60 69 69 88 63 93 81 67 82 71 71 66 85 79 86 91 97 86 96 96 66 84 94 78 74 63 98 82 77 74 78 95 95 87 64 63 83 69 68 97 75 92 89 90
0.8524902169213394 164.15652392004964 791 115 134 137 108 119 119 102 100 108 115 131 136 139 101 119 128 108 103 130 104 124 131 105 130 108 103 123 118 125 139 101 135 115 115 127 136 128 134 121 134 105 108 113 136 101 110 121 109 107 120 125 132 131 114 131 113 107 139 109 111 100 125 101 118 115 118 102 111 129 125 111 113 121 100 106 114 105 112 135 120 126 104 113 111 124 111 137 133 132 129 101 125 137 129 107 105 127 115 125 106
0.8299011623442817 151.82903953522936 793 120 110 112 111 108 102 139 139 109 114 126 121 136 138 110 116 105 129 125 116 105 117 137 133 136 118 108 105 121 114 132 114 128 112 119 132 122 105 132 112 137 123 100 136 132 125 111 118 104 137 110 137 117 133 132 133 106 129 128 119 132 135 117 105 123 138 117 139 110 112 137 112 102 110 128 134 128 113 103 121 102 123 137 124 121 127 112 100 113 114 126 132 129 119 127 136 118 119 125 119
0.890594110160474 135.70407584529787 825 68 77 72 63 86 98 71 83 77 60 88 88 93 74 89 78 97 62 88 80 81 82 65 86 70 88 93 74 80 69 89 79 92 63 95 68 86 85 73 94 86 86 90 93 99 66 93 96 65 88 96 60 75 86 96 89 79 68 66 78 93 78 83 66 77 97 72 69 70 87 88 94 62 81 97 61 72 90 96 70 77 64 94 74 89 71 95 81 82 62 98 99 66 82 74 98 83 85 79 94
6630.286324831886 1.1256884579398285
7467.2702890017945 1.188243757035591
10014.15625513671 1.0637775886813277
9880.77160441899 1.131816354059147
11372.494888515608 0.9602522221395939
8063.574131872383 0.8519078340665209
12001.131342412424 1.1615869222697097
6486.42443063821 1.1726193289595959
9967.052588882176 0.9053192364343668
9858.898293679104 0.9161490091371031
5835.67288612411 1.129823481011437
9493.05414426841 1.1484350574425748
8386.817024129447 0.9800799562371655
7505.1103863585495 0.960928933184116
6708.094137753438 0.933344875658596
5297.934322310881 1.0086976733832154
11454.790945455425 0.8702677742225999
10719.546914359757 1.0942431711585316
8607.396845031108 1.199684608022694
4999.661990026201 1.135284457618319
12341.231074267387 1.0328223533714538
10781.258005247195 0.8172417266544604
4513.463614039601 1.0491794488472614
7607.553283851232 0.9067600036990711
8891.89231257508 1.0835875283749756
9441.692349300845 0.8890125594205804
10388.650629888189 1.0289438389241474
7340.473043035652 0.8484629862414527
8838.87306119918 1.0976041732871908
4387.970103413014 0.8760776005082875
9765.155006128709 0.8426716363125306
3202.254629213394 0.8776475906531594
8959.655133779293 1.0271964945795704
8808.039844903762 0.9146293615653682
6314.046814702391 0.9377785496907688
7365.874113857541 1.0082459309041603
10956.721628011164 0.9063434992672299
7824.429638596852 0.8751093613980104
8872.032812057128 1.1024532220549967
12184.827843332965 1.0746149620086816
9423.383962839192 0.8327436044203889
9367.042208589522 0.9202456338324857
10981.577378961189 1.1141775675898158
10346.224178948118 1.051820039610493
9488.36212353258 1.1658143452822425
8715.293028973289 1.0283904688249605
4313.517455010087 0.8425215583461096
8904.330749497101 1.0556280388433306
8157.180075552812 0.9935285170934861
7166.917727061793 0.8882430200381061
5779.995751783985 0.9961996584417802
5855.205264596643 0.9010217509806938
6087.434504331998 0.981056753164414
10357.306931709667 1.1827591428245565
8635.784946181953 1.1133190505006922
11663.853448908658 0.8828606688192635
10432.289762164535 0.992688509036788
10347.843701669026 0.8938172703963824
7703.463665186482 1.1994694440636287
8110.525180384406 1.0605189958008814
12171.232425965132 0.9372851227374487
7484.537904791917 0.8666724494947499
7162.588921066933 1.1579618742841231
11027.196718694528 0.9984655241591234
5464.206176764673 0.8605861127849731
7699.042829615355 0.9832827754899987
8267.167154046725 1.1758944660665112
8005.397665813471 0.9382602397934754
7737.586365963224 1.1913631435623366
9540.555082494073 0.9135462215491142
10305.714135602335 1.0496820512205682
7087.406941886705 0.9534812029426072
9358.2034842438 0.8512272300621885
10467.023397928793 1.175540679828051
8585.198414537248 0.8413440536941563
9697.671602512844 0.986716430464586
13354.651394334871 1.0742891094423528
7729.243299064124 1.0422949867483726
6565.175700460798 1.0888499324043683
10540.220905470207 0.9741641572052775
6186.408181029248 0.8285807900459622
10650.228785808602 0.8374510236511491
9624.469874020127 1.0136176480629482
9288.572268784585 1.1262798577551272
6343.265301903271 0.9128660958507667
6840.544172182499 0.8501469535016255
7926.310214140789 1.0057507850534273
9063.011688743134 1.0883261543439309
9041.27155454144 0.9844235860939115
8736.551631410899 1.0340829492006294
11601.063601942817 0.9294155361215926
7004.0614308199765 1.083754306605382
9082.231882011421 0.9865179256001202
10110.313471910931 0.8765850322288882
7113.160727354395 1.1117297779036013
6919.252956901422 0.8855778280512644
6976.467975220471 0.9692926404672756
8998.925747677455 1.0098632398411613
11321.997713748247 0.9674254133734163
8579.589119808968 1.0956104605974253
