6 100
0.8872202072413041 153.2029552550767 582 89 60 90 78 79 95 91 77 63 96 90 94 78 60 88 62 62 96 63 79 83 62 95 95 99 75 66 98 71 91 94 61 82 81 63 78 72 97 87 72 62 86 61 99 66 66 61 64 87 68 73 86 98 84 73 83 93 92 91 62 63 85 73 74 93 67 84 65 69 77 86 71 86 94 86 84 65 66 80 87 68 70 79 99 91 95 89 66 95 82 88 79 66 98 81 79 91 64 94 70
0.8772890147518075 128.43112601479504 802 81 89 72 89 74 90 60 76 98 69 98 84 99 83 79 85 66 96 84 79 62 84 99 94 92 91 67 72 60 97 96 62 67 80 96 62 66 80 99 82 77 76 63 69 73 83 68 87 77 68 82 81 74 93 67 95 63 60 91 99 68 90 72 71 74 96 65 69 73 83 98 81 80 87 84 86 67 93 61 70 67 65 67 77 79 80 98 95 70 98 96 70 80 64 78 76 77 96 76 96
0.8270780656165175 170.067822993885 856 88 63 62 61 96 71 91 71 89 89 98 83 65 61 98 82 94 83 73 99 73 65 68 68 68 75 67 68 96 60 63 79 66 93 79 60 83 86 74 62 80 84 93 65 72 92 92 71 60 92 69 92 96 74 68 89 83 75 77 66 90 83 74 80 98 67 79 80 94 90 98 82 98 76 94 61 93 66 66 69 76 93 87 93 75 80 90 72 99 91 67 74 95 61 98 61 65 84 76 88
0.8092639708277739 135.0084621416338 859 110 105 139 127 113 124 126 121 116 138 102 117 128 124 111 137 113 122 131 116 115 123 138 131 127 121 104 108 128 107 135 129 122 105 137 101 111 115 117 100 137 113 117 119 111 103 112 104 118 106 117 138 133 109 100 101 114 131 114 111 109 118 133 102 128 112 109 133 117 104 101 115 123 101 132 111 114 103 113 124 134 136 125 136 139 127 131 129 125 131 135 104 128 138 130 139 130 120 105 107
0.8600434919819584 128.3323135331784 868 115 107 129 130 137 127 135 122 100 113 115 121 128 135 123 107 101 109 110 125 123 119 101 103 102 109 135 107 105 116 125 103 112 118 115 114 110 115 124 138 104 107 121 117 126 119 101 132 136 130 105 115 114 104 107 106 117 123 103 111 128 134 133 129 107 133 102 135 103 108 137 119 135 121 131 121 138 127 119 106 111 101 110 135 127 136 122 120 105 118 103 106 103 123 121 128 120 106 118 132
0.8812905575061039 144.49721790614973 961 130 105 129 121 113 138 111 129 113 127 115 112 118 126 133 109 126 139 109 123 103 135 124 118 104 123 104 121 127 110 116 133 105 119 100 126 108 132 111 119 109 118 129 131 139 103 123 103 129 109 123 114 137 127 133 102 113 134 118 129 117 132 134 102 129 109 116 127 113 138 121 113 109 118 102 124 119 100 122 104 119 115 111 113 121 100 100 135 121 106 133 107 132 110 132 128 139 113 101 112
9999.5853943142 1.1932358891701027
5474.504516912066 1.193897845271988
11096.366622755368 1.0783976304792127
7846.698163158786 1.0895756021040806
7334.462112992952 1.100174702182958
6886.772879369325 1.1734784818662343
6897.926681119165 1.151243294421869
2150.2107998946312 0.9981907382286492
8999.139152354053 0.9880590641997224
7762.622882402835 0.9701772792019593
8733.25794682619 1.011150312315662
5901.341007996142 1.0177998078404147
8747.741119949353 0.930753176224102
8318.579307347049 0.889789497899709
6729.9240319692835 0.882487965901592
6329.786536599798 1.063212491059331
4010.952341245693 0.9899865295968041
6918.091705928451 0.9781555352737368
7792.602764779468 1.1883960246879877
6580.290008687885 1.126427835829524
9096.727538891484 0.9290341629920424
9303.44324860459 0.9082991321715145
5510.533847985545 0.8230351819626852
6836.2595845981095 1.0044093845716746
5831.0195046897725 0.9855324691155886
4693.282153347501 0.8460444006761647
7743.373214719179 0.9496217085376223
5542.717831572722 1.1538142972708814
7908.692986756454 0.8529953286348804
5257.223455017406 0.9619871490510047
6443.424983378211 0.8203542091612698
8113.54871924162 1.1220984955584754
8658.373055140375 0.9711479660396802
5337.407841267339 0.9584773019257157
8448.925369837803 0.8218151079152753
4860.778075378639 1.0683479098026532
7713.114166409738 0.9922840210200485
8321.327513957614 1.0949499375452474
7119.746487444709 0.8630419767557111
6700.8670488647695 0.811354779307873
5803.446802679358 1.068905861522486
9670.525630218212 1.0558584354961436
6409.854549129762 0.8687119492075781
6398.602223939472 1.0722964963749417
8909.80646584965 1.0025666958805761
5435.965272493124 1.097507376212976
7765.292442641092 0.8690162560049082
8846.205801358048 0.984697591972071
9307.470210252903 0.9828526816479937
7229.868523170382 0.9702275539441605
5215.200551395906 1.1668229393930183
6197.684382006339 1.003225423111623
7365.896222992606 0.8779766924037187
6739.609329590203 0.8302509395882094
8294.870678800016 0.9061169398305952
5880.39070668341 0.8663579649744999
8247.409434848647 1.1248868821296496
9482.122146714863 0.8062287002452968
5149.955350212025 0.9336471464765063
6484.458690081461 1.0568318624568267
11455.434217256588 1.0275359821849532
9002.657127608018 0.9749574751720836
7608.816026613066 1.0648784798979964
6668.353342752577 1.077331385093736
7155.928486664258 1.158554797191314
6952.419405020277 0.8889196132025787
4333.316332614053 1.027828042980148
8169.33806460186 0.9983794729297691
7404.9894953574085 1.1653178774982647
7236.694200272478 0.9130835682271455
5810.832697322117 1.124562713521639
6951.753998121784 0.8346576687512985
5004.529198515844 0.8759043058098447
5990.860812158083 0.9605663615603297
4731.914510878428 0.8078089299327933
4733.394225632464 1.1617047785819912
6419.795611657111 0.8793369370920021
9608.64960479397 0.8512125123781057
6481.645886202428 1.1296691853309233
8008.276494430885 1.0467216930560312
5888.953463378672 1.0781789289539003
7432.32418656683 0.8495243892400501
8638.276591948203 0.8860606285688283
9973.821387640712 1.0387668136291333
6834.274374502253 1.1533536722730595
6861.692758171042 1.0120699476806108
4437.180445262211 1.0684681977013981
6219.065219194132 0.8026108176431804
5117.777166703545 0.8774175461137304
7655.482504843099 0.9102014594934185
6991.371443606317 1.0872153316430837
7309.921939858171 1.0765079376997013
7942.663841159666 0.8236443681981983
8360.106171377005 0.8059707002800031
6782.6715234670355 1.047542022929511
4920.050544247426 1.1111152322554947
6258.8776906433195 0.9727332522879741
5222.506715272713 1.122324811988669
8346.402965320278 1.1824327967090538
6318.208425058089 1.0295887531540344
