6 100
0.8868481264239463 126.75290446025488 551 137 108 109 129 116 125 127 139 116 105 116 124 107 126 115 128 101 107 133 132 133 121 114 108 128 136 134 135 129 108 122 115 110 126 130 116 101 108 117 123 114 136 101 132 116 115 106 109 139 116 124 108 130 103 100 134 101 104 109 133 134 102 131 135 116 119 104 110 131 119 100 116 137 139 118 120 119 101 127 115 133 134 118 127 118 101 100 128 131 135 121 132 106 136 136 111 130 100 125 111
0.8392639053505012 176.47985927281667 677 121 136 138 108 112 138 109 138 126 118 108 135 101 127 132 135 126 136 113 118 120 102 129 126 117 137 139 105 123 133 102 120 115 120 132 111 122 130 133 130 103 101 126 100 120 121 118 136 124 132 119 102 106 117 120 104 129 126 108 106 125 129 117 127 127 103 126 119 107 101 124 103 104 124 137 111 124 136 103 122 117 115 107 127 115 128 138 134 123 132 108 130 109 112 126 106 120 113 106 119
0.8444231942774889 163.94190460693258 701 63 81 61 73 89 88 84 74 80 68 79 63 63 96 91 93 78 73 95 86 72 70 95 61 84 88 69 60 96 94 88 77 81 67 76 65 98 67 71 64 65 98 77 74 88 93 85 78 97 99 73 74 97 63 63 73 93 67 94 99 77 63 88 79 70 68 78 72 84 97 68 62 89 91 96 78 91 99 88 76 85 75 73 92 92 94 93 96 72 93 67 98 86 76 84 76 83 86 99 90
0.8703382565386936 152.74072321654705 740 73 71 76 83 78 84 66 96 98 62 96 84 78 71 82 91 71 83 89 66 63 79 86 60 76 71 69 73 88 80 82 97 77 78 70 75 92 60 98 84 93 61 87 64 78 90 94 99 73 66 98 65 72 82 81 85 90 71 76 64 79 79 95 69 83 88 67 78 69 80 82 93 89 92 71 85 76 66 82 96 71 74 77 80 68 79 77 96 79 62 62 81 99 69 91 88 78 74 80 83
0.814681542181584 149.86492715990624 862 69 75 81 66 72 82 61 93 89 95 96 92 76 83 81 63 74 79 69 60 87 63 70 74 76 98 95 88 79 73 77 62 71 66 60 77 95 60 96 83 78 92 99 99 68 64 62 63 95 61 74 62 98 65 82 62 99 77 69 61 88 87 97 63 87 79 79 60 93 93 74 81 90 81 84 87 72 61 99 78 94 99 84 69 83 61 72 98 80 63 82 66 72 85 75 90 95 96 85 88
0.8859604060155734 174.86896884023994 998 125 139 132 107 121 126 134 110 139 113 105 119 130 137 134 100 103 115 104 102 127 111 103 101 127 100 113 116 130 132 138 111 102 114 136 121 107 122 115 131 137 126 138 118 102 134 126 139 133 129 137 114 104 121 123 128 113 133 102 104 116 133 121 131 138 106 100 133 117 131 120 106 107 108 134 103 135 138 103 129 110 109 112 117 121 100 105 132 131 137 124 137 123 109 123 110 123 114 102 125
10192.433570827685 0.9216708178869942
7371.23724230887 0.8271611356972101
9062.230801603406 0.8842589097808977
8050.109383158444 0.8595099230080552
5617.951549777214 1.178239982448693
7606.180787367761 0.8240200724254965
7502.688520563879 0.8643784263705498
10732.375986293797 0.9325823389724985
6720.563187939466 0.8900982090420719
9620.04558944085 0.9411814091208741
12825.622195246182 1.0311955319995818
9764.470958709015 1.110181616885616
9956.811218841962 1.065783293862197
10165.280443029871 1.044989330598581
8265.039654035438 1.1056211241721312
8215.755362027452 1.1115775058903514
9695.007708601006 0.8512532572732228
8476.58220416314 1.1764524732494057
5348.745933346196 0.9814498810761483
9303.45257813538 0.8199411798602363
7227.337872949005 0.9910162461208872
12032.335012836807 1.1079697559246329
6944.215202993148 0.8891407967332666
10226.463945904272 1.0282077171922235
5809.6101908477 1.162662199472429
4638.959857562488 1.0564895684162738
6554.492308982404 1.090175604477669
7392.467086620453 1.1302931071812985
10613.881299074386 0.9852057564981748
11002.511439448317 1.064011506678787
5223.411097685208 0.8174644443088339
7651.527383037186 1.0331336094048864
10982.58573316441 1.1732696994346647
9117.26255863266 1.1905933093329113
6693.479130578911 1.0752580639527225
9298.899011051113 1.1928936044504894
6341.452927887831 0.9484111884376378
10182.881675276549 1.0728262870673277
8531.37931081176 1.103742109921989
10618.45540231063 0.9229615661469384
9745.963180695113 1.0993533988545254
4746.832567375566 0.9610939482148497
9957.533392124975 1.1325296740879374
12409.292339624822 1.1100457254795657
8512.757819976494 1.0003050197972496
4017.077281871442 1.1288349811848963
9283.230804249279 1.1085621295886663
7223.968494202822 0.9909867665523776
7630.028468609226 1.1257062607207886
8854.224885144082 0.8350568756276212
8632.101482994984 1.0611612994117448
4778.384334807386 0.9299725120007062
10603.768949866695 0.8963047821822023
9002.427029006476 0.8652432964362298
5890.44289297664 0.9880434890812178
6857.362713391905 1.1806829197955042
7316.154939681251 1.156279778045642
10509.90407411928 0.9593277691824068
6648.358177464848 0.9348224276799593
9030.920885906495 1.1283260705364204
8409.721502952636 1.0662855353029608
5130.599230909887 1.0038453407961574
6103.946722385096 1.1025279832174144
8890.979458122118 0.8010151374988927
7667.194169734765 1.1610631922132768
8102.839205946923 0.8415340018451811
8585.945978387697 0.919808119847044
5884.195359445663 1.0779881494702868
6216.997453860509 0.842484940774225
7706.085964581324 1.0331314801327645
3279.167895196764 1.091039362702356
5555.770437363562 0.8902671127829231
7231.887211655415 1.1371067594721087
7452.113017330293 0.9877335316060021
5459.945061827109 1.052690138130946
4382.641319480263 1.0904380775583171
6504.646555493788 1.1876996844148382
11377.147650523739 0.9014976001531464
9793.082843678447 1.1901195073236668
4485.24725923505 1.1314694842370654
10899.534485373719 1.1139653364481423
7742.042130392478 1.0657682824212555
11243.56407264093 1.0840346019097082
9938.191478695482 0.8034596121115967
6026.73691010364 0.8000459953502217
10261.865857228982 0.9144704980498954
3792.8553604932713 0.9446975707303175
8705.8614743437 0.820053724745404
8346.718859425693 0.9943427588740917
8268.62810698028 1.158845748846346
5042.002781900435 0.9113785350768238
8336.708032666778 1.1720873833885643
4828.227308432281 0.8972191344603772
8215.987088491975 1.072855034771214
5895.695050900587 1.1213682207203273
7718.875440933496 0.8780276350321314
9602.38344782624 1.1249179079325666
6747.066583631968 1.002414918218349
10687.55318958859 1.0608211163415762
10362.051567531009 0.919408152066106
