6 100
0.8736573173950144 167.74373177284411 699 91 67 72 79 62 60 87 60 99 94 95 84 66 90 65 75 85 77 61 79 64 84 87 65 79 61 74 72 88 95 84 67 96 73 96 86 77 72 84 61 66 80 68 99 69 79 90 70 83 94 91 82 68 82 98 78 73 82 62 99 93 90 74 84 70 99 66 61 65 77 83 83 75 75 89 99 63 96 60 93 84 60 80 67 88 72 86 75 96 75 76 64 78 96 80 70 88 67 89 65
0.8900685605969415 178.01625167786727 792 108 105 119 122 139 136 139 134 110 133 130 101 130 122 103 105 109 137 122 104 103 135 129 104 134 123 128 105 132 112 103 109 111 115 136 115 131 136 126 110 120 101 105 106 122 117 102 137 130 117 129 107 110 121 106 114 136 138 137 127 126 130 136 136 137 137 108 112 135 131 100 130 115 107 134 139 125 102 138 114 118 114 113 111 104 120 134 121 127 121 133 138 116 131 112 121 121 123 105 133
0.8101319328884178 131.5627163352354 795 101 115 113 106 107 133 119 115 125 105 121 111 108 110 105 130 100 131 134 115 138 112 111 113 126 120 113 130 116 131 124 101 126 122 114 132 112 113 137 112 117 139 107 104 129 103 132 133 131 121 107 133 130 106 103 105 131 132 130 122 137 115 122 102 126 134 135 103 120 121 117 135 101 134 127 113 134 111 136 130 133 110 110 115 127 111 123 134 122 109 105 136 100 127 126 125 135 136 116 113
0.8257323093835953 152.361885572991 848 102 103 113 138 139 109 119 102 125 105 136 134 112 121 106 120 134 133 115 114 138 134 108 133 122 123 116 105 128 101 132 122 105 114 102 101 109 103 116 119 110 116 105 106 132 118 133 114 124 100 131 117 109 112 113 134 128 111 123 132 123 102 114 123 134 130 105 109 113 102 117 107 139 123 132 135 125 112 123 119 130 106 137 124 121 127 136 137 133 134 116 100 123 120 127 121 113 116 128 103
0.8050772896506987 162.7557848445853 850 65 69 99 67 61 70 71 84 78 93 76 73 84 63 80 99 72 62 67 84 80 70 87 81 65 79 75 84 96 61 77 93 76 79 92 92 91 73 76 78 63 91 79 75 95 67 70 91 88 96 77 64 83 82 62 89 81 62 89 67 91 89 80 87 73 91 90 85 99 93 80 90 84 75 76 63 78 99 72 80 71 78 93 64 88 67 62 74 78 81 75 85 99 76 92 89 88 61 72 84
0.8386043183008549 127.52532676125495 998 67 89 75 64 70 79 77 83 82 97 97 71 66 60 99 61 75 85 99 80 66 95 71 63 76 61 81 74 99 77 70 92 96 74 76 63 85 81 97 76 77 74 96 75 80 63 78 93 84 66 88 70 81 94 86 69 68 88 88 60 79 90 64 85 94 75 68 99 63 64 94 74 87 62 86 87 92 80 74 90 78 88 77 71 98 98 63 66 81 74 94 61 60 97 95 99 96 93 97 82
7769.666510873896 0.9101438013426736
4653.845264369399 0.8258122322306994
7959.742043479755 1.1511363803140238
9996.45442306299 0.9559263062953892
8343.865991495572 0.915560342721091
9066.981384901741 0.8480864476529434
7889.296150028324 0.9200766480131142
9529.743050740888 1.1204325454553132
5371.994435805236 0.8179940467023779
7940.4328284826925 1.1130937257465958
7350.190059376574 0.9252435320240978
9434.365329775428 0.8781746967178412
6272.664123237053 1.0293040167186176
5578.116482053692 1.0408994549913329
5748.628463462677 1.056461470307363
6792.8279625456225 1.129918818127618
9851.274584963194 1.1921850882883995
6873.5772277312735 1.1404529300653932
9261.316812363497 0.8329744803093382
7366.70288686101 1.0680306103288963
7090.768197104276 1.118326019297458
8723.120964976131 1.1274712982454531
4355.074887271947 0.9812489101128825
9779.163209989883 0.9416273187836492
5865.532072163986 1.1991397011036562
6196.8600966516915 0.9394733880118824
7902.322474145702 0.9839756497392442
4631.055392721817 1.125570991807661
8912.339117290694 1.1414281016750045
10704.389570016905 1.1378424755742393
10868.79220329979 1.1874762924719804
7960.7819920122865 1.155297771756642
8907.425574604209 1.0560647667537229
8246.434445175224 0.8676509010216102
10673.774486343566 1.1410303547395533
5486.0781150899675 1.0417093631141514
9766.929494630971 1.1674290410350239
10252.2863294454 1.0915665181172063
3019.2656260141166 1.1904184668177478
7382.015067016149 1.053629418315559
8225.748233061307 0.9828503578822696
8165.3683661031055 0.8125623725322613
6912.600777080221 0.8274114745644596
7102.269821845277 1.060420816860883
7104.399878558461 1.0289603562546648
4889.397732522841 0.8453237313246389
8179.751103216981 0.9231479309081535
11558.852165155986 1.0838476149244158
9381.745739078491 1.0631553489023995
7774.0669503601775 1.117650557523856
9103.207578312564 0.9247343182029732
9225.393791112747 0.8590862258293044
13926.15793053235 1.155734850511573
8246.495798533764 0.9707795384510245
9138.704331818237 0.911205654989451
8449.801943533825 1.1268035797788276
5244.297548513103 0.9000234813142639
7089.227693520038 1.0880676233546671
8033.64297812233 1.1583556075217163
11990.419621820058 1.126116014697418
4894.264704369734 1.0801574800501552
9957.31262811345 0.9171088661474901
3890.0392423281887 1.0650757149248988
8596.053236197742 0.8658121303108937
7712.326935285617 1.0134932433541277
8005.919754745439 1.1404500838077265
6946.710283996992 1.0716865057272882
5586.135755136464 0.990376254431513
6227.968821853486 1.0169770620507144
5329.45201024555 0.9818530395718046
6486.075072317033 1.0781698473820118
5695.528954728055 0.8339221395277867
8773.887315124717 0.9366421756247232
7327.8134310478135 0.8380125820106512
9745.947000494221 1.056424215870896
8282.423904731075 1.1557088543226066
8924.649333076959 0.8369823731626299
11037.709864017294 0.9678730787477989
9379.691312882915 1.0455061574257636
9828.462286327065 1.1255701524185195
7293.450460814033 0.9608526134526438
6829.948365511424 1.1420048843869892
10245.334457148185 0.9233111973100941
11118.91964947321 1.0641803447856868
7175.805378691057 1.138251292273603
7708.434406864323 0.9053605120968594
6781.835913559752 0.8646010745554432
9692.26547813433 0.859145529156541
12293.770174710557 0.9636407454587277
4033.109218637136 1.0356410784875825
6589.687751872089 1.0947204913502504
6964.386614836798 0.9241851069800302
7657.48104835794 1.0409462838994534
9007.014823747159 1.1363397571889313
9238.017412805893 1.157104934638532
7538.050418737911 1.0959653539812375
8878.361369643922 1.006938407676859
5638.1191517016705 1.1424678450439247
7659.160774814082 0.8763829345805721
7740.467502723722 1.1214652684407524
