6 100
0.8184310217362692 146.4748666509898 582 137 137 108 126 110 109 131 130 123 101 120 122 135 132 108 120 115 121 126 130 118 124 119 139 102 120 112 109 132 113 132 119 116 121 107 123 135 109 125 137 134 102 108 124 102 114 104 134 105 135 106 123 104 101 131 114 134 135 112 133 114 114 123 135 103 115 115 114 132 139 119 114 109 105 122 120 134 108 117 134 115 124 106 109 122 119 110 130 124 102 131 127 114 105 113 122 101 105 124 125
0.8219463960302712 164.40195950799867 597 79 77 83 62 77 90 82 68 94 83 89 85 69 90 94 68 91 79 98 62 90 82 93 89 71 96 99 83 67 86 77 79 73 66 92 67 67 60 84 77 88 76 81 70 87 74 84 72 69 70 85 69 64 71 98 89 98 65 70 89 70 60 86 78 93 64 90 84 81 76 79 82 61 61 85 78 78 76 76 74 79 71 71 89 83 74 71 68 80 60 72 60 91 60 61 60 80 78 69 98
0.8437443272299016 130.67960281385464 712 129 112 125 110 109 128 103 127 110 106 118 117 109 120 105 125 108 132 133 130 125 105 102 127 107 128 138 105 137 111 113 138 103 134 128 133 112 117 133 130 133 134 136 111 101 105 104 117 100 117 115 120 130 134 124 107 139 114 125 135 135 137 126 109 129 126 101 122 124 122 106 139 105 107 127 104 122 131 133 122 101 136 126 132 120 108 117 128 123 117 110 131 111 113 101 115 100 129 100 138
0.8857006732623011 179.8178029162414 812 84 65 64 97 61 83 62 74 60 65 89 79 86 93 65 91 72 86 83 84 86 71 63 89 61 79 94 70 72 68 98 67 85 67 94 91 71 94 95 73 73 87 61 82 87 62 76 80 92 67 60 81 87 75 73 86 95 75 60 71 88 77 77 94 92 66 61 77 65 97 93 92 63 94 80 71 63 63 69 89 77 84 94 77 76 82 69 67 80 78 89 60 86 91 86 98 95 67 75 69
0.824710099969445 127.49047712314804 996 132 115 121 104 107 127 118 137 130 122 132 124 119 116 130 116 113 126 110 119 112 124 111 131 125 131 117 134 112 134 118 111 137 109 128 127 138 122 110 128 100 121 115 103 109 136 109 133 132 131 104 136 134 101 106 114 127 118 132 125 134 111 116 114 116 101 106 131 125 136 127 138 100 128 125 107 123 124 120 137 107 102 130 101 118 115 122 125 108 135 136 107 134 120 107 104 133 134 137 132
0.8642508019904258 135.94938577795793 999 70 80 78 93 63 89 75 71 77 96 93 71 84 71 66 92 74 91 83 62 65 96 97 74 80 70 79 89 95 83 82 64 60 68 79 71 69 86 82 81 94 72 98 77 98 90 94 69 78 69 66 97 67 65 66 99 89 67 63 75 82 62 84 77 60 81 64 91 77 78 61 85 88 63 97 84 70 88 86 79 70 70 93 98 90 83 79 81 86 82 70 92 64 68 76 91 89 81 70 92
8610.611149775152 1.190625606593882
4985.456280210567 0.9136055198196859
8962.7102004999 0.8173984369731441
11452.015962226786 0.8454604062848465
8043.261731932722 0.8763713843403007
6952.021524701566 1.1010387146991707
8075.953441435071 0.9540437800897343
8246.397452334824 1.147472205439737
6741.20353560084 0.8123153841742351
9373.700386531378 0.9110078455532914
8635.697492750707 0.938003051712736
7023.258530349043 0.9617545684240769
11287.732701627232 1.0097800690550984
10565.913293375228 1.1536354691766073
7185.218953565858 0.9549096193586059
8622.618503981941 0.8272410189686501
8435.151484075042 1.0977339126429064
6716.522314896287 1.1020905446626144
6651.284677763964 1.1947481719732485
8068.030576882976 0.8384520503567418
7249.817656693068 1.1144677950407917
12445.564724299878 1.100506036032057
9679.71111691188 0.9519428833908039
5083.56648000897 0.843289405162586
6713.403942007844 1.0284325572266368
9995.016102316698 1.1626239406285446
10235.64137544798 1.035887559351461
11102.746241800009 1.0756917738486047
5845.236269771105 1.0498521413437147
8532.411114752453 0.9853479368573703
9535.352450639844 1.0203144470323608
5776.450664664349 0.9710864831859872
8857.267350583616 1.029756579450688
4205.338522641818 0.8756875135000147
7548.093127029937 1.136769419600033
7646.940195204414 1.0109543834932395
8275.902108679154 1.1467101810831002
10832.094713838971 1.0157371211267208
8364.283456531855 1.0832917072014183
8915.194953801734 1.166575381004787
8713.04425231873 1.0098011506491062
7989.454049956969 0.8414695536426554
7972.081221142225 0.8231244597050034
10382.511716834033 0.9213973324634355
9373.79386848141 1.1468892557629893
10944.153615073388 1.165992554564945
10901.673184109537 0.9117849929758246
9180.790661376015 1.1132513684279925
6616.662450372038 0.9306792410100098
6569.372731431942 0.9112790471684643
8377.736276395432 0.9649594712833387
5001.008307175316 0.8706757127651242
10115.03035929127 0.9722152110320222
7630.629535278062 0.8728810459526269
4522.988635676702 0.973498321422566
8529.959198017832 1.1526003930925015
7194.657208903454 1.0662867048570717
12061.653439976577 0.9445766404226459
10202.441034969213 0.8681071462529378
9526.308870622059 1.0776548249304148
8752.16733849343 1.0594432706955612
7040.101428702676 0.9815387613996769
9275.41451869355 1.1185133644832166
10177.387798249758 1.1153756271716084
7655.1065481082105 0.9329746299802127
10450.475569624115 1.1908712330020468
9098.517756090005 0.9028282896369592
7914.268221659242 0.9523965315789431
5535.286380670791 1.0789182974154794
4770.093675975905 1.0580115011362843
7011.051068480338 0.8904318641834585
10729.97923252279 0.8704262639373956
10115.917703891551 0.8918941611492891
6418.0078568416775 1.0304213531715045
7584.1782175615945 0.8167513105950704
7471.689147559348 1.1013699446298169
5141.98168717569 0.9750960977606504
7004.933792890568 0.880819901951435
6417.07361973114 1.1180529524602114
5214.046391649083 0.9866508572159002
6531.074669009023 0.9783200480173428
8692.680281091501 0.840758599319838
7504.132246051415 1.1832565899392116
6898.539908616248 0.9773279045226383
9511.176218615134 1.1645918561631818
4906.276996591154 1.1372459073557284
7199.854445266435 1.1152697542560812
9344.35828160632 1.1235363583764317
6810.220169221354 0.8834130691321873
5304.249231751412 1.131797183915136
9294.966078769703 1.1252458784953954
7048.255839025117 1.0771492293247011
8376.094382352618 1.1681119879531998
9204.328515458157 1.1141276496597325
4571.671150252605 1.0049367266843987
8231.757786146345 1.0940731383262499
9327.63810240053 0.8402327226836838
6226.347550372933 0.867886468988054
8429.348383209275 1.0906084215763623
7620.865798394572 0.8545003762269168
