6 100
0.8289506337382982 126.00478717765866 709 136 117 101 124 107 107 109 134 124 125 122 118 107 139 134 134 133 109 139 139 126 132 104 122 135 120 107 100 131 110 139 115 110 104 114 103 102 122 124 111 111 130 138 123 139 136 116 115 129 131 130 135 135 116 100 120 123 133 137 129 102 135 115 138 134 135 139 100 102 131 119 100 103 137 106 134 108 101 109 125 134 119 130 135 133 127 139 119 132 120 100 117 125 101 120 104 116 139 110 106
0.8227924130261383 148.86039802531414 714 114 131 109 117 128 138 100 137 111 125 138 100 132 133 119 125 135 126 112 116 103 101 105 129 110 119 106 112 111 116 132 102 112 137 112 120 128 133 118 138 107 128 137 127 132 123 126 103 129 123 134 129 133 103 138 130 121 121 132 126 124 126 136 134 101 126 130 126 135 133 108 121 105 111 127 134 121 121 119 117 129 138 108 138 107 118 110 137 113 127 128 112 127 128 138 134 139 107 136 102
0.8818164959867959 133.29571190719543 785 98 91 66 96 67 94 70 64 89 81 65 64 69 99 95 79 87 78 65 87 69 90 85 80 84 65 82 77 67 79 92 67 64 81 72 66 82 88 61 99 83 86 70 68 94 94 66 89 92 72 73 77 71 70 83 73 90 97 82 78 98 92 74 92 78 93 86 66 83 86 68 83 76 87 79 93 80 77 81 79 79 97 60 76 98 95 86 83 64 68 70 79 78 84 91 65 63 94 78 81
0.8780176635900634 138.15644856397108 818 88 83 94 71 69 82 63 77 92 65 79 86 87 78 78 92 91 87 84 87 93 80 64 88 95 61 62 79 87 73 90 64 89 89 78 94 96 89 64 63 90 92 88 64 65 71 78 90 73 81 79 91 77 77 75 92 98 93 88 89 68 76 73 95 98 77 61 71 94 89 73 93 90 67 95 95 86 73 84 87 73 79 73 93 98 91 67 64 65 94 93 74 66 79 73 99 62 88 66 88
0.8303430189881984 170.8998774277032 923 102 115 119 125 126 126 139 139 139 102 134 121 139 125 115 109 103 100 113 129 109 123 110 128 108 106 128 129 107 136 126 121 104 118 104 126 114 107 116 135 130 107 130 133 115 104 104 132 133 106 113 132 106 114 131 109 139 103 126 138 124 114 111 130 111 124 132 113 131 126 117 132 132 101 139 122 127 109 129 124 137 123 137 126 105 105 132 122 107 103 125 129 119 100 118 139 113 116 110 128
0.8236441511913314 145.6996047429655 935 86 96 98 90 64 93 78 72 72 92 67 80 96 93 65 86 84 70 86 60 68 73 94 61 87 97 64 73 61 86 86 98 98 92 91 75 71 74 62 87 95 96 92 73 65 71 89 63 75 70 87 90 95 99 89 67 84 85 66 93 66 83 72 98 82 72 89 71 74 63 70 80 73 80 68 70 66 88 85 70 83 66 83 87 62 70 92 94 89 86 60 94 90 77 72 95 99 75 85 77
10619.729851214672 1.1844242464013335
6042.861046063646 0.9344657861082415
4171.325334139071 1.1850071298019849
6136.156205627998 1.0785419043412219
9514.078526918911 0.9460715070599452
7823.114495662938 0.9757391397817061
6641.946930589593 0.9057963480428172
5736.238865964986 1.0730396059186929
6845.288705577659 1.1971722812716048
6981.9103255477075 0.8617092718903141
10788.009554531212 0.9781115145240771
5918.144854302476 1.1313949873446907
8790.479618850994 0.9464935453170689
8967.65386883403 0.8926906064349927
7485.428522324996 1.14987857068837
9472.844095032066 0.9114256126592007
8175.829544694543 1.0095262722378144
9341.378593176196 0.8150786144724942
8719.076264762962 1.0014552304535285
5324.623410100725 0.9400808582390731
11343.136796660725 1.0585784678934145
6299.030782351442 0.982192983962347
6419.6106618900885 0.9570348318178241
8881.719108305397 1.1217259712966996
10894.53141127443 0.9446642640567114
8338.357980668217 1.132412311882572
7574.261159873317 0.9440122585440167
10621.73691373775 0.9654307979321155
4874.980257569376 0.8757676916381884
10682.944872186887 1.1229688254210044
10179.044040273542 0.8534789911375167
6185.0609710890785 1.0983679869710647
7027.688160251363 0.8847789638388542
9302.247835889058 0.8321981886674934
9612.361345139187 0.8235639313986722
4575.1070724709625 1.0163606891602157
9979.053430863107 0.9786049885484721
9434.247112724976 1.0643428213154924
10397.900792839848 1.1904145588060064
11285.286150320693 1.0488114812755747
8627.052260756409 1.0364048846339105
8347.266672872436 0.9905455967389926
9265.655370461509 1.0324103930369972
7492.601545092283 0.838223986105995
10705.343188266203 1.148669173785245
6085.087641463608 1.1286155225294978
7137.872840243936 1.1077881779080916
8274.154296799763 1.1306062151767027
9709.513996216941 0.8403221215584112
9784.94952043429 1.1019413701505574
9673.12813726026 1.136872643686475
11462.042167478729 0.9402091714457035
10473.961206113017 0.9107270636737366
9606.552167840287 0.8776087476552803
6661.287148030924 1.042709914219061
7932.292314030188 1.0314896973455001
11695.944828513871 0.803752287033004
7007.628674392279 0.9664471302335549
7970.389042957829 0.8936001526547156
9132.042527383473 1.0498491924668312
8171.2992292355275 0.8960337841085285
9559.729710279364 0.9023124993699715
12235.012010415152 0.8148044514196091
13011.23604619013 1.0426103671291909
8586.42644188592 1.0317781075990393
6939.320919904974 1.0232691748105502
5522.498075113943 1.1026168539401244
11429.866065631875 0.9206827370721271
7879.008557702399 0.9880100202256906
7490.740145027535 1.0497304223144657
8303.44200261331 0.8665343253367056
6913.076865972369 0.8222164030557039
8765.774825583594 1.074938593668592
4850.450141179508 0.9779001513528335
9069.743683438834 0.9301545836821474
7650.388230134589 0.900120184248478
6656.1410902002535 1.1086318263965318
7999.561583062236 1.07322831282282
7913.958249340042 1.083985663437614
10778.025088175074 1.0054240736408064
7807.435197324541 0.8873194572142978
6661.504331235092 0.9539805272080562
7790.876663201192 1.1078955478223274
11648.228094562182 0.8214109926768023
9480.310658276583 1.0882529398635474
9433.3200371234 0.9765613397884072
7411.526803826702 1.1891624947205492
5484.337184860559 1.1791525552850592
10031.23120278573 0.8988787962056464
10797.233336646066 0.9261053374136664
5916.0905688003895 0.9335623098307038
6982.531536499346 0.8765203537891474
8035.685595829447 0.9821672522894879
6593.577137643945 0.9607686430364495
10708.115918051444 1.034880141099749
5277.652619772587 1.191321077212391
9398.5837594123 0.8836090214810348
5415.054248551769 0.958787055369145
11063.889084023573 0.9397945845147542
11939.061765906456 1.0024600117050764
