6 100
0.8974293996529454 163.28508303550583 514 89 99 69 82 64 80 62 90 93 75 95 86 95 88 80 98 64 85 97 60 98 83 71 82 62 72 62 74 96 80 72 88 83 92 87 70 71 96 82 71 96 66 69 74 95 70 60 83 85 96 64 80 79 79 98 66 66 61 75 72 98 70 70 87 80 82 97 73 73 69 73 62 85 75 64 98 81 62 69 94 90 91 69 82 95 88 74 83 98 98 82 64 79 77 91 79 91 94 67 62
0.8193096195234241 176.32112501497843 523 87 60 75 85 70 79 83 61 88 87 85 90 67 72 74 99 69 64 68 98 64 84 67 83 76 98 82 85 92 91 97 75 72 80 86 72 69 87 72 66 61 60 88 84 73 67 86 80 73 93 73 69 77 88 67 94 68 63 86 61 67 88 86 65 74 91 96 62 99 93 62 70 65 78 93 73 91 92 81 64 65 96 92 83 74 64 61 91 75 69 65 95 64 69 82 91 69 74 98 87
0.8354311119991854 146.58579700300274 531 80 82 99 99 60 84 93 64 60 63 71 68 80 66 71 90 84 84 78 65 91 89 88 66 93 76 96 60 66 61 71 73 83 89 71 92 61 88 95 89 69 89 90 71 85 74 73 70 95 78 84 93 82 98 68 78 63 87 91 66 74 67 87 66 63 61 67 64 68 69 68 60 75 88 67 62 79 91 89 75 87 82 78 62 81 60 67 84 60 77 76 84 72 92 91 76 97 73 92 79
0.8526879673015376 162.0338372673712 675 102 113 122 109 138 117 103 121 124 111 119 134 107 117 118 117 117 106 101 119 101 136 108 139 101 128 113 119 137 129 134 119 138 130 131 134 131 137 111 139 132 101 124 127 107 106 109 125 106 125 108 133 124 119 110 116 114 130 107 110 111 123 101 116 124 127 125 122 119 131 127 110 110 121 112 115 102 117 104 123 126 106 124 123 115 118 132 102 117 132 123 132 125 112 106 120 110 139 118 116
0.8542468974134607 159.8984414159193 699 120 128 121 114 131 113 125 122 100 122 108 120 103 109 112 106 107 133 115 135 129 108 101 137 106 109 136 134 120 105 106 120 128 110 134 100 113 123 139 118 127 115 130 121 120 102 115 111 125 132 111 100 121 133 130 107 132 129 133 121 105 123 111 134 116 129 110 110 102 129 116 125 139 125 116 135 109 113 108 108 111 132 100 117 104 117 134 129 129 124 138 121 124 138 121 101 101 133 130 117
0.8217152441972245 171.46092465581637 822 113 135 116 114 128 131 106 105 124 132 133 121 109 127 130 134 124 103 118 121 104 101 103 138 129 122 109 132 124 114 103 132 120 120 111 102 121 117 106 133 107 128 131 104 103 130 116 102 121 134 113 101 100 131 103 139 120 128 129 103 128 111 125 121 124 135 133 101 135 108 139 102 135 130 133 139 131 112 131 127 139 121 134 103 134 134 118 125 115 136 128 107 123 114 118 110 132 128 126 132
7262.35206966195 1.041636115841043
6861.446942974697 1.010067012294433
9398.909783222853 0.8208252728481698
2977.409546995953 1.010289405760186
6390.005004113211 0.8730089357357742
3959.333980938308 0.9397292307940688
7334.897250371757 1.1304818142562696
6313.280852932596 1.0197212692595252
4266.879754583026 1.0304681091556207
6270.752586538363 1.0068354321833237
6996.030238599167 1.1284347519868494
4810.921029833802 1.1302610973959908
9210.78241230825 1.0457800850852919
9751.976366479987 0.882903262337824
4199.148952855419 1.122457335685026
5807.1051943765715 1.1154960467185906
8415.506145614236 0.9487921731280278
7756.391533243534 1.0966520691548904
5031.028267705353 0.8557319247945803
8051.78610150672 0.8553348055843182
8365.027568493768 1.1672969533058264
3440.5420887569303 1.1829067159631026
7840.611030986847 0.9187484988703578
11683.62803246365 1.1051030718534927
10548.183344699793 1.1774258406720504
5414.461743755516 0.8967471586314001
5362.267123524732 0.907762295741178
6513.787639808698 0.8529077187007066
6482.832674072406 1.0148488453361433
4637.3445524080835 0.8906517663741486
6903.734373724537 1.1556049286693422
6079.093426243917 1.0585618308171105
7133.330866051742 1.1510286679349588
8033.721342213967 1.0136211679672327
4807.121526943198 1.1826725097054909
6603.358990162992 1.0595338525612983
7768.824087992751 0.8726471409644103
5682.949506507293 1.1961667020008304
6477.216526496008 0.9680933558432709
8039.1966411959 1.1795079191007365
3127.072319731787 1.0411099048155406
6537.772017072401 0.9471795916392415
5774.2054479560165 0.8752765465730086
6133.751033719095 1.074888432126479
6316.951537776435 1.028079548476812
6079.926286853248 1.087105893996898
12652.144577130402 0.9184111578374002
8279.198560819632 1.0991530625368187
6543.117189912246 1.0134143899932886
5083.585238994027 0.930020167189414
7232.616473433038 1.0655186818463376
5984.813055267335 1.1875754685526434
5548.526630415752 1.1184203652768043
7866.141371487843 1.0121476572532917
9383.595270460013 1.0932542746638592
5265.8875372040275 0.9228761060141176
6866.579510610043 0.9789362804411059
9535.512100358586 0.8368595533578546
4650.240561259677 1.143689721626313
7827.366832994604 0.8365263922038015
5646.205807863333 1.086744107899317
7529.085034601627 0.8505240527312552
6479.776347550615 1.016541258789934
6735.645090874891 0.8661605586529709
5046.146890621982 1.02976268887632
7891.49740670102 0.9164029159549537
5383.279153571405 0.8881142360599259
6558.270241746398 0.8451417208677778
6113.242156734917 0.9621610587095808
6141.845925520402 1.186649691261382
4904.181975560211 1.0042379149485559
7286.217898620159 1.0350841615687796
10879.84331527284 1.0743245578426799
5492.741938815186 1.191551280913055
2775.254022082867 1.1703969662409075
6968.35068204777 0.8998083328905384
6361.413030221877 1.0443492929553047
6165.496946151139 0.9390068636370108
9048.559662609021 0.8649380531384573
5914.453401902412 0.979230785397074
8280.127890782882 1.1491262388251045
7976.291803794653 0.8890757724981808
6643.170471247072 0.9838881992853457
7546.0962072218335 0.8077915005218321
6455.458791733327 0.8338518254931113
6339.324431649362 1.1998561398939902
6502.215377125428 0.9730119235622248
6591.162535894807 1.0488396330031997
9529.176504554307 1.005614034623518
7121.410679071663 0.8974296371828138
6560.151147358957 0.9485313067338298
5130.96492188985 1.114478755880672
6239.705106477716 0.9648419028201841
7331.225610638122 0.9421175140801763
7612.020919579707 0.9416343613032643
10006.66632693745 1.0344570860143933
5306.953357703654 0.8495183589975027
8366.586460097518 0.868282099726118
9260.499711624792 1.0390151462810342
6905.601970174804 1.1744944237328618
