6 100
0.8912039396559548 141.56142014830905 606 69 87 95 83 71 76 61 88 96 97 67 90 95 90 94 96 89 78 68 87 72 75 82 65 97 62 75 67 73 71 75 79 86 64 84 76 86 99 89 72 73 97 86 79 77 77 80 80 64 74 76 70 90 76 89 81 88 76 92 78 63 89 91 81 83 88 66 85 68 78 94 66 64 91 67 87 71 91 77 80 60 80 72 73 88 94 67 71 64 79 67 97 69 99 74 95 78 85 94 64
0.8826926765923377 123.68575929269595 685 114 123 103 114 115 109 117 126 136 119 125 125 102 125 113 115 114 137 112 127 125 133 109 132 108 113 110 120 103 121 122 116 124 113 136 101 118 122 134 101 114 123 132 126 125 121 126 115 110 106 119 105 107 115 109 129 129 120 138 123 100 121 104 116 106 118 110 117 121 119 105 106 118 113 128 138 120 107 116 124 129 134 135 128 113 115 116 117 129 120 120 128 132 125 121 134 111 109 137 132
0.8770073511085035 141.305698936595 719 79 76 84 74 71 87 90 98 74 80 82 75 84 98 68 78 75 77 71 83 65 70 98 99 67 88 65 63 94 63 75 62 80 82 93 61 65 96 99 93 93 92 79 61 86 70 98 98 78 76 75 89 99 79 91 97 95 81 82 71 85 86 78 86 99 93 78 70 86 99 60 82 72 71 61 78 62 62 77 85 62 65 93 81 97 61 84 63 66 73 65 98 98 78 74 78 95 73 99 72
0.821066659003394 122.72676388034002 720 104 113 128 110 131 104 124 138 132 123 115 108 106 101 106 131 123 111 124 119 120 100 108 134 125 114 104 102 100 104 133 101 135 127 104 102 135 113 139 109 122 131 101 103 132 110 131 122 110 120 120 130 129 102 127 129 105 130 110 127 113 122 132 120 100 124 110 123 134 138 135 129 134 113 120 124 133 138 127 104 111 131 139 103 126 100 131 118 104 102 107 135 139 116 138 112 116 139 102 113
0.8568245966715529 129.4478331976017 740 98 89 88 97 71 81 84 78 66 75 85 98 64 90 64 60 74 94 64 98 82 94 81 68 93 69 62 95 72 62 79 88 69 98 62 81 99 78 95 92 90 79 66 83 77 83 93 61 81 62 63 92 98 62 61 75 87 66 88 66 83 92 73 60 84 85 63 63 99 67 96 77 98 77 75 95 89 86 93 64 82 82 60 81 86 88 68 61 85 76 65 82 79 70 79 73 61 86 61 68
0.8643360590597006 130.262191486116 830 114 116 124 139 123 101 127 104 104 125 139 110 126 126 120 100 104 125 122 121 129 118 119 128 123 123 130 132 137 105 115 101 133 134 133 122 110 121 136 104 137 102 135 123 104 120 101 118 134 134 109 116 109 109 104 109 132 122 112 110 118 114 102 128 131 108 113 135 130 108 119 134 131 135 120 128 131 123 109 124 136 113 123 115 107 128 128 134 136 127 103 106 126 133 114 116 117 101 108 125
6200.494086743137 0.8195754240671652
6451.052793387473 0.9074002986782459
7395.7151125086075 0.9105872073633537
7870.936022696287 0.8626872794506584
6679.085909807414 0.993382037602656
8736.099301754562 0.9263989016694165
3207.703425956458 0.8079772586321561
10379.145773622593 1.0742665100214197
4976.907667354658 1.0418973432609555
8065.588078439778 0.9784685888546802
8154.876432891207 1.1446255817371944
7487.105305861308 1.1104791230392015
8088.979818316833 0.8574497075542055
10093.342350377174 0.8269229104600867
6514.481680235027 0.9274385132030556
10794.41564882452 0.8210399294097038
8733.242866954874 0.8469917999469694
7449.708434106589 1.1357595997532202
7100.81419035926 1.1609904102522035
10917.64610182135 0.8669356932501945
5180.929202399137 0.8087735247318164
7965.608619321158 1.1372661426720172
9471.160899374332 1.1429000346403644
7544.250441696873 0.9096009867177344
8784.491985640914 1.052370085730446
11762.112262034718 0.905975497325336
7920.760667564553 1.1720470950743795
6838.593892317545 1.118731358487143
8877.399924745194 0.8409195304776069
6982.528691433669 0.9707694789843856
8350.038100179596 1.042583188030112
8864.973582865447 1.1604423698780324
4918.214086734804 1.0171113092598045
11476.428694703573 1.0647086021031273
3142.1684156488927 1.0819934719413287
6059.424953033978 0.9565995291350786
6786.170398549607 0.9735509969972103
9403.253370541921 1.0842543949773635
8182.612304511674 1.0119616162462495
8593.393414256727 1.0198381094000886
12859.676642586452 1.0777848607464078
8140.345958796994 0.9886939427900383
9629.967870669161 1.1026046843519233
6979.250891837153 0.9938377146674024
7879.125425686596 0.9657088577329448
5714.348115930616 1.1803243846059475
7462.922726829261 1.1954095630044212
6026.0600158097695 0.927449451158191
4560.669775172745 0.8590074234070693
9812.987233929212 1.1331281058553255
6012.850558406232 0.9766712461747828
9156.268962532638 1.1615761563193987
9329.61962289805 0.9423436135649172
7924.17269450587 0.9501288491154383
8595.307003893122 1.1175452876758851
8114.2421138075715 0.9875004385015056
6623.569355057716 1.028379265296962
7702.756557048974 1.190435627067608
7272.779407769762 1.1454778612937015
5110.966426966803 1.066669011935784
7143.868921515805 1.0155675750872064
7958.995842507181 1.0866313936648353
10095.400084442379 1.0116667646287052
5272.87185074401 1.0612224902494227
8352.644419545502 1.0618176435472195
8339.946491488041 1.0541314553644288
10461.546271282357 0.8404195245415526
5866.134535044301 1.1703264463755818
8194.66275704032 0.881957975689205
9044.869947294355 0.8115617202257832
8977.00786151505 0.8517242758457212
6463.920358498893 1.0698677004927404
6771.532352520945 0.9083459637709593
10368.178066142584 1.1920660346575311
6787.247196939088 1.140872845715223
6561.3944607487265 0.9270757180725695
5774.5921048884165 1.0030303728438152
6556.965983513644 0.8781543094060643
9342.558549485819 0.8433297460631702
7602.695480243116 1.180628637923048
9057.122255485685 1.0767140569706473
8224.498772690253 0.8813541798250503
6133.749018717706 0.8710280036538924
5788.12922890416 1.0714080483501744
6956.920485619808 0.9041918400893548
10209.389181617287 0.8386854248660852
4308.036899559836 1.126355954377697
6767.722311933289 1.0283716261071232
6407.192116463692 0.8737090672747523
10404.550677888134 0.8023411246494196
11419.384503815923 1.0941370525997867
5915.33364932028 0.9148877705534176
6151.942498430693 1.1470923839661604
7883.743926907614 1.1599324447989026
8842.279122180016 0.9409190691566574
6420.2561857039545 1.107389972150929
4381.71073331451 1.0424663587287106
5560.894098677315 0.9743524147537364
10918.184456974725 1.1164954462956302
11214.627887569179 1.0508424508489507
