6 100
0.8588734062270402 139.79636514817366 515 90 73 68 85 88 61 63 95 93 72 68 81 76 73 70 74 60 76 94 96 65 79 88 66 79 60 79 64 68 94 60 60 97 79 85 79 66 88 75 95 96 79 62 98 85 81 79 94 95 91 92 61 61 99 68 94 93 62 62 75 89 93 68 99 89 96 94 66 66 74 91 88 68 69 91 88 86 81 65 80 79 74 60 89 65 77 81 99 78 63 90 94 67 95 75 74 91 94 93 61
0.831058586807642 123.49257272443612 609 127 136 117 120 105 132 123 120 112 116 110 114 110 105 130 119 113 136 127 122 136 129 107 120 139 112 135 117 120 132 121 100 119 123 114 105 117 133 124 125 129 135 108 138 136 134 125 122 126 101 133 128 107 112 103 122 127 101 130 123 115 113 127 126 118 127 139 111 107 125 139 115 120 115 134 133 131 122 138 100 105 117 116 124 100 137 129 133 132 108 108 100 116 121 132 124 103 120 102 137
0.874632990093069 154.45376228237808 692 130 131 125 127 124 125 123 129 130 123 125 108 137 114 139 130 122 132 101 133 126 114 136 105 105 127 102 117 134 136 121 133 127 101 103 127 101 130 137 137 133 131 119 115 113 125 120 116 133 115 137 110 137 139 111 131 102 100 124 138 104 133 100 110 132 118 131 126 120 111 100 102 131 114 138 135 112 101 107 129 123 121 126 128 106 125 117 114 103 139 120 111 111 128 104 131 116 113 110 107
0.8321438874057218 133.62407163510326 695 80 62 73 79 62 66 92 73 89 65 97 74 64 62 70 61 80 80 79 93 77 72 72 93 76 99 87 68 64 74 63 94 66 99 89 76 79 95 90 88 80 93 67 76 96 74 69 64 75 69 97 88 93 96 86 67 65 82 64 81 64 81 93 72 69 69 90 97 73 96 77 79 65 98 79 61 66 99 81 87 73 90 72 83 90 76 93 87 72 68 98 63 61 60 86 66 77 98 83 68
0.8475381600956445 156.1637984801953 954 125 110 104 104 107 112 129 134 130 139 130 121 135 127 102 130 138 104 124 100 109 109 127 116 101 132 132 115 124 109 139 136 123 117 135 111 127 106 118 135 131 126 139 111 135 137 109 123 106 112 138 126 102 121 105 129 103 138 102 112 133 102 122 118 123 102 110 137 113 109 139 100 103 111 135 137 103 113 136 125 102 134 129 115 112 111 123 135 134 123 118 112 114 109 120 119 107 125 109 114
0.8489650566036772 177.80075075279274 964 93 93 81 68 74 94 70 95 63 97 83 82 61 98 68 85 89 73 93 95 90 74 62 78 74 62 88 73 76 65 78 79 82 79 86 76 86 69 85 70 86 61 74 94 80 73 61 71 63 96 75 68 76 60 60 68 83 66 65 80 77 90 63 87 93 93 64 61 76 77 65 73 85 75 64 78 93 98 70 98 96 61 82 75 97 79 61 93 85 86 77 85 69 73 77 75 87 88 60 91
6548.061050777489 0.8696757570480872
8774.689148666293 1.0672804461849836
9321.366002609348 0.9213586819769694
9933.341185853833 1.0769738215186277
6744.347709031331 0.8000250264632539
9275.898905340058 1.036794780095328
5694.709035852467 1.1644852241780927
7798.977301676525 1.1838052042304876
8713.21218235089 1.1756352658238143
11113.022456660226 0.9134758000397196
9279.4680052501 1.1063545508627126
6913.499332497786 0.9263265111853826
7832.064735023226 1.0292984434165033
10281.022103822284 0.8913010665808367
6271.379070649704 1.1852734233496602
6865.8470049573625 0.8992142394740765
8238.58978320572 0.8903160505036006
2757.4759834408596 0.8557711256566971
5318.610293117388 1.1323631312174582
10768.451260798836 1.1262061173280038
11449.173272227104 0.8853397268368196
8139.537254676283 1.0632148268898696
8658.34380834844 0.8031949602597338
8615.28500440909 1.0789284583099699
10882.23056303926 0.964145459560673
8846.484767542674 1.0093380661268734
9244.24471010492 0.8735394914757733
4749.170855004202 1.0336061340991372
9898.692378079337 0.8994174948423578
8838.999600804043 1.158116848545487
7184.58902143012 0.8353761587308903
6890.302519573843 1.0220374983142004
8192.021189207957 0.8051745713516805
5545.785855457173 0.8908051216474477
6164.74305582928 0.8033200913040327
6414.091848711712 1.1470927678465275
6605.4530157314675 1.022470748452222
7423.4315216024925 1.1464601603081674
8208.165126651886 0.9161066816408757
6780.181761841081 0.8123642314964822
7287.025228017951 0.9143520705426467
8558.63221557066 0.9356320418336238
6133.459651088094 1.092515507248911
4963.316921288375 1.191869637500535
9953.655274323362 0.857345047342674
10678.42318014496 0.927733881626561
6299.238113940611 0.9714404145462523
4631.629322786605 1.1238574238588048
6878.433343399411 0.8833307099529516
7734.455443305598 1.005065585737798
7144.414262067287 0.9471271228731154
6320.268459326797 0.9366694852544422
5464.9749164198965 0.946199864498262
9510.910942287552 1.1620693436755491
7770.355116083137 0.8860567202520548
9387.65642147043 1.1395316378893883
7579.002861314781 1.1820148936772474
5004.412638387131 1.0885880879377727
11745.743332610422 0.96066589118569
8216.417802722597 0.9732320996891285
7559.928993400206 1.137196831179872
7715.8071071298045 1.161240358545344
10946.690837752176 0.8876400946071145
7087.973950570643 1.0298474264494817
7118.044418197369 0.9111559151314808
7367.485207743633 1.1821353698342714
7162.594338920153 0.9650506885561153
11252.166545598244 0.9879517630222658
8561.520307317325 0.8726491982776081
8150.499934562397 0.99570390967368
5016.419583200043 0.8934241961669288
9252.320531609985 0.9180414341820331
6707.944311293673 1.1663631303563373
8450.433988854937 1.1117173106093798
7928.804847341157 1.0096748344934217
10868.96064364627 1.0210722800777183
3525.5191653406855 0.8101187012434169
7329.516076487281 1.0591782698941132
7265.38221158065 1.0780169773470734
7703.972628982556 0.9093619776959763
8280.293966650906 1.0435360180194386
7929.229434424257 1.1240723259925935
7009.532142425046 1.1555670301873329
6925.564590869038 1.1394364161353687
5518.237087470818 0.9034101151869528
5814.006011186235 0.9425528966991764
5787.821631340464 1.1945660651891865
5988.54248114787 1.0623527750538264
7537.96802505246 0.868979935397733
12046.006444741626 0.8959269108891688
9191.74307501259 0.8690598622152614
6876.956085158141 0.8937990109847503
8944.877106264752 1.0962077980327942
5459.307851327181 0.9148083865620856
7608.942980871695 0.8756287639103911
6694.346063825185 1.1590445872568456
8033.737540043449 1.1371744364401124
9643.000673675117 0.8739986947463259
5924.190533693388 1.152629423963364
9691.985401322625 1.018638891915199
