6 100
0.814338765216671 161.0840291011071 500 116 115 131 114 100 124 106 112 110 111 101 123 112 100 118 107 136 102 116 110 107 126 114 133 112 106 125 116 126 114 135 138 129 127 102 126 135 116 124 101 107 137 120 109 110 104 128 109 136 104 133 116 107 126 127 103 108 136 128 120 111 109 111 119 135 129 135 134 127 111 117 118 103 109 119 101 104 102 105 103 135 138 116 118 117 124 112 125 115 133 130 112 121 128 124 114 128 129 100 136
0.8988585781622845 155.36078484123738 539 92 71 73 64 74 78 76 85 88 64 98 77 67 88 66 91 62 79 82 98 65 77 68 83 83 88 83 85 86 99 77 88 87 91 70 70 60 73 70 97 89 71 92 64 73 67 66 86 97 82 78 77 72 62 66 85 63 91 64 97 88 85 60 96 88 88 66 83 66 82 86 90 61 85 63 71 75 92 88 83 79 89 71 78 76 84 98 72 84 68 72 98 73 65 60 99 93 94 66 98
0.8844866471014952 173.0721755284239 578 139 135 137 125 112 136 130 100 102 109 137 131 118 136 120 102 115 129 129 132 100 127 119 120 137 113 131 123 124 127 106 111 138 131 107 121 111 131 131 102 118 131 139 134 134 130 100 137 118 122 124 103 116 102 122 100 129 136 120 114 110 134 105 136 105 128 138 103 102 133 109 135 135 118 116 138 118 116 123 129 123 112 113 122 110 138 127 106 125 115 106 107 105 124 114 111 106 106 123 107
0.8679231333340018 174.5556668150984 917 61 76 71 90 71 61 78 60 98 64 98 64 90 65 99 72 77 97 82 68 66 98 94 64 62 72 78 98 68 91 70 92 99 97 95 78 87 74 94 81 77 99 64 60 63 70 60 71 68 77 69 71 64 69 79 97 74 67 65 60 72 69 76 63 81 70 64 70 79 84 84 97 69 97 96 64 72 66 72 81 60 61 63 84 83 90 80 87 62 67 79 68 92 76 87 96 74 61 78 72
0.8344021919451243 179.77974597992642 929 133 120 134 104 127 104 108 103 104 132 100 122 111 120 128 108 114 126 108 135 131 102 118 111 107 121 104 123 114 112 102 112 117 112 103 102 125 107 122 116 101 118 138 138 114 124 138 110 121 112 104 103 102 114 104 127 132 122 136 101 107 109 135 114 123 136 132 135 117 117 129 116 135 134 137 136 102 139 128 102 115 103 137 129 135 130 129 123 119 109 132 107 128 121 115 130 128 123 110 112
0.8540418423664945 151.17625867571144 991 77 89 80 63 77 63 69 64 74 81 80 77 80 75 90 66 65 86 60 74 96 75 93 60 75 62 74 94 66 64 76 79 96 84 76 64 83 75 73 71 96 67 84 91 78 83 81 87 90 74 71 68 91 92 69 66 96 94 67 71 90 83 98 73 97 80 74 65 75 83 87 90 76 63 86 67 83 71 75 60 66 88 77 76 93 96 70 73 67 94 89 69 87 81 96 98 69 83 81 74
9054.721269500576 0.9078909779450111
6762.290670232152 0.8797352084039763
9141.24201740655 0.9972793777133383
9867.72440571255 1.1177368150366551
9929.411233361181 1.133066806898953
8052.223595167736 0.9339100314066879
9695.970685358661 1.1428360470046033
10096.629007877207 0.8138858021167411
5037.417211293574 0.8056913705637577
6968.992060173452 1.1956771805419357
11309.873280504165 1.0909441551605452
6158.349910121725 1.0145801017936893
9712.839032935717 0.8695562278587297
11889.92122767049 0.8161398012752478
9495.770092713488 0.8297082737192674
10851.092387253611 1.1223741876110653
5299.109702565143 0.9400377950515287
8739.273970793756 1.1899086175672648
9866.48510810376 0.8415747768197209
5310.734152018278 0.8531367483366852
11148.448837511176 1.1230288904232641
6306.264037916614 0.9137636640795112
6206.891596352398 0.884963791705829
8264.800146411428 0.8080483255051047
6273.445051351313 1.1218032989722277
6654.963057464252 0.9808948825987771
10208.932937486918 0.916649720621726
7220.339825523511 0.973907227109097
7037.348441150994 0.9496420361631723
6441.634125101062 0.9175381246284512
5479.013879077428 1.0354321125502357
9597.127177716135 0.8124802280468433
7037.525380822429 1.1702063131934677
7282.267510535692 0.892401915385972
5905.703632726987 1.0503242540613411
10820.40269361388 0.8878081159053841
8868.793475086311 1.0489711966086395
7600.663612463917 1.1741938691120763
7720.244701068905 1.1255422617830735
6350.515918648394 0.9276999816177489
6191.495023027101 1.1243469375454327
8634.065489172515 1.1363924835032937
6911.1259916583895 1.1181329332977397
8320.308296132567 0.9612243611369237
7203.169381904912 1.1019439588310778
5431.785631243543 0.8257512794137424
7742.25661489222 0.9729687799620702
7601.1112212955795 0.8638612739908818
5654.664240104416 1.107698203891419
6737.970380151939 1.0805881008621
6260.028599685476 0.9697679691349639
8100.087146582704 1.1051962177505015
8700.78985305359 1.045865025784292
7907.466889668172 0.9251144342957079
10099.988156223853 1.1285841493588384
6630.043068638072 1.0910338103792894
7370.714511513231 0.9438716018865412
7161.557623324109 1.16450094359242
9657.937039184146 0.84303787058351
5142.419252364276 1.1198519195570238
10011.042520627505 0.9898531104484136
8529.055690363157 1.0157870098202286
6000.107458197574 1.1375404753582
9593.31684315717 0.8765176654969735
9212.521354708886 1.0339960511382769
8427.300931290698 1.090587972703126
6297.451916090757 1.149605798651252
9131.585534693673 0.8547351567331891
6491.506317922544 1.0530073740924641
11872.4677986972 0.9072554770598883
6217.011029762957 1.0849296964423478
7337.394130172215 0.9328267724269138
8433.667124502377 0.8210837883115182
9747.073040183339 1.0084803260427257
5902.1498795819425 0.9493109412984923
5179.717875146246 0.8583919370118398
8731.856794647321 1.04778160536534
10485.660491298187 0.9293384554098507
6833.398755098515 0.8720037401666256
8324.50608657532 1.1580356287985372
8347.430432994037 0.972908864398131
4838.172580877217 1.0360985825679776
7470.714658885231 1.013378508949479
8925.97153400871 0.9202488227063117
7625.5948754051 0.8033630761742919
5773.0133686393 0.8662631842257451
5152.931866158149 1.1156045628266282
6695.423687483644 0.9074842868456262
5794.363225231724 0.8002367373759508
8314.761377749455 0.8460390307129169
6141.147828689087 0.920205377901607
6579.847823985152 1.0391954102769367
6345.0752256484575 0.9268411094216935
11052.591507493227 1.18895030215308
6545.77952485553 0.8905758669047392
9092.339791747961 0.8957691515178793
6294.769758293571 0.8888554693437384
6386.1041471465 1.08273457059587
9629.798416592159 0.8438775998497758
7589.351306601602 0.9728649516364348
