3 15
0.7847135335578734 157.18461987472145 579 132 109 135 118 108 114 113 123 118 126 137 121 132 124 125
0.8359856121508998 146.8283266654054 855 70 85 97 67 80 99 62 94 62 63 94 66 90 64 77
0.8411898991542112 140.2061700833603 952 60 87 91 80 98 88 62 84 64 77 79 78 88 94 71
1728.3491193198386 1.093891336824958
1654.514420942656 1.031951934027647
1652.759001745922 0.8587303854706785
1961.6330688930022 1.132570250095014
2020.7441252571512 0.913253214828497
1608.4285231650485 1.1643608003328323
1234.601085712664 0.967331762138254
1954.5348490577287 1.130568590990205
1426.983421942463 0.983154884452783
1997.1633122807586 1.0818781404491566
1622.8626453475401 0.8392683292876763
2007.911827483176 0.8552089457626264
2389.0923159786985 1.0561105240988935
1361.8571938107445 0.9589324482998045
1327.7001193135857 0.9734597722277556
