3 15
0.927895391291251 123.82872822581983 526 100 136 121 129 116 137 135 133 130 134 136 101 104 113 113
0.8162051143253904 176.68513443747648 550 73 65 73 64 90 77 90 66 86 84 65 62 98 67 66
0.7939090520216092 134.36203585093332 996 96 95 66 66 83 83 89 81 60 62 83 76 64 71 61
2452.1620205208537 0.8569001011739827
1980.8146179463251 1.1966522149048195
1567.460500496948 0.9417881385573709
757.6755144559289 1.1943462385314898
1738.0172330584137 1.0866653757626592
1793.2195866079628 1.1796351391560709
1843.87774441833 1.1133430432609104
1479.3303861427314 1.0318602890161788
1164.845926687847 0.88424962146174
1743.251223480207 1.1048060611240955
1238.5526206872735 0.8499366510881803
650.1440872768998 1.1846059622019542
1768.1901216721637 1.0675595231855124
2320.7619733430893 1.1064049969524148
1208.0205958872225 1.1623488853986725
