3 15
0.8824390990502431 148.3325013486247 631 127 120 138 125 133 135 103 124 118 110 113 130 138 124 129
0.8635076349262075 126.3241632102865 697 79 71 70 76 85 82 74 71 91 76 81 90 76 69 66
0.8973767826439514 156.82582840760313 970 71 67 80 72 87 69 88 77 61 95 68 93 79 76 89
1110.1464725721019 0.8948293149428237
1835.609992801339 1.0251202121355993
1647.3212938801364 0.8482209097111942
2104.7443622472474 0.8457910693586086
1569.8459290124115 1.1254877061221782
1819.580890408629 1.1899442980878618
1961.445961794765 0.8980228349454252
2076.265629902126 0.8259271401196749
1517.1880290976264 0.9797424018645242
2234.855691764865 1.1544274433291128
1606.7816583391918 1.1491887475138118
1365.759156543458 0.9213335100162914
1374.0491048622741 1.152838392395537
1563.1340879793681 1.0958630654942942
2441.646134624817 1.094316950524435
