3 15
0.8365033152506905 173.48551557565236 682 100 108 100 126 100 130 128 125 136 114 103 138 112 106 131
0.7941812031492891 172.15859210029936 936 85 79 81 84 62 80 87 76 79 88 84 93 92 98 67
0.8502117400033673 142.8210417538958 986 95 73 95 68 87 74 88 97 79 84 95 95 86 74 61
1801.3276042855316 1.053050293012651
1986.1580024522325 0.9352430230742742
2054.1108610219935 1.147815109874191
2360.581944326486 1.0432828176104276
1993.2438564776426 0.9749667046033909
2408.0944028477984 0.8985067219822409
1940.5124016598604 1.0089430391274612
1248.5511074265382 0.8355137321340211
1589.7533512144146 0.9066681562172427
2430.7316334933685 1.1678967519594605
2545.9967226032873 1.0469604025854373
1568.6351379884686 0.9980285774715069
2024.18587134555 1.1452566621008091
1255.7677833293099 0.9171432039814869
1144.3251659990085 1.1100685696698707
