3 15
0.861179234322819 153.87717207135515 507 83 80 88 78 80 62 77 71 91 88 93 73 93 73 82
0.9095407515391144 120.41421697348333 637 138 118 126 135 116 128 107 126 103 130 113 121 123 105 107
0.8298211319172671 153.41522405209423 852 73 61 86 72 91 74 85 97 96 91 66 88 80 77 89
1326.4539074506579 1.1528475538085114
2115.0281969943194 0.9497045607006495
1674.2403653009296 1.039989180141487
446.8556587570913 1.0850419870739805
1120.1328381631947 0.8378893009773241
1244.198826405448 1.0934382901298019
1751.0896225958818 0.8132788222945887
1860.4861841525608 0.9961721289730331
1173.644750217296 1.140119664306211
2023.1787754960499 0.8630086738240772
1368.5898193235305 1.072066676711763
951.6313517212877 0.9861845025770131
1953.2370244870442 1.0491027062408518
883.399757783297 1.0082386693999377
1737.850462668099 0.817640433341893
