3 15
0.8108339472163256 128.7618922994039 789 94 73 86 61 85 80 80 83 79 90 77 93 73 91 74
0.8255525764582723 148.69604359631276 910 75 80 64 60 75 89 61 66 69 98 61 99 64 91 76
0.9041248932529984 148.52161114271914 996 100 136 115 115 119 100 114 108 128 126 106 106 124 131 133
1924.046231588897 1.1380018506003118
2038.526677901505 1.1594746188577727
1661.861050194342 0.995282078301049
1289.9271246285523 0.8719055957451594
803.6518866621111 0.9526231672167416
1313.8055466154178 0.8297821987809532
1843.7031957669922 0.9283728103390829
1482.7243105643383 1.0456910024310766
2042.9044024634643 1.0583563681896053
1971.410976215791 0.9967564698828487
1809.8375537028 1.1642701809725062
1029.111365945991 0.8492182636869899
1633.9536747217344 0.9324130153319705
2038.9420037388315 1.0847758187745395
1675.3628502587692 0.9878122708087009
