3 15
0.8023968887772099 160.79745561601703 575 70 62 64 98 79 95 61 83 90 72 67 89 68 81 74
0.7733217188137685 153.85057967227795 702 120 114 104 107 136 131 127 128 134 117 105 105 107 116 106
0.8636890761575962 157.10971312205243 854 62 61 63 90 73 95 64 66 68 79 82 85 99 86 75
1999.0280552443871 0.8673715898907364
1843.8309986686197 0.8378314335269341
1970.3592092043689 0.9594149662500109
1289.168583283129 1.1922801434265367
1085.6480332104175 0.9635167605103833
1611.4835423221125 0.8680088630836765
1109.8745719900132 1.1529523322221344
1056.2461794164415 1.1488916424018154
1931.4865885384904 1.143726715242534
1012.9547012260409 1.0402880315103495
1319.9772840924984 0.8560192010803218
1326.4168688403688 1.1165330024001507
1102.4949467180827 0.880291719842678
1989.5893417707177 1.1447126708887667
1293.3884533764003 0.9057010044095327
