3 100
0.85 176.5165854068892 707 75 98 67 61 96 60 65 77 76 93 82 93 94 66 87 73 99 98 70 86 61 61 63 95 68 71 90 83 61 79 96 92 66 70 60 90 61 70 76 95 66 85 89 66 63 83 84 88 64 71 80 66 62 81 72 88 95 70 86 77 69 70 61 85 82 73 99 88 66 78 80 76 72 66 79 84 68 75 66 60 63 65 98 73 77 93 86 99 84 80 74 91 98 71 87 73 91 68 92 99
0.85 162.02009259343697 773 128 109 104 139 100 133 102 107 135 101 111 104 125 115 111 102 120 136 112 121 104 132 128 126 130 104 100 138 110 125 124 110 105 102 106 114 135 113 114 133 125 106 137 131 137 124 105 109 106 134 128 103 117 119 102 132 134 103 115 119 127 131 137 107 114 126 113 119 124 136 127 105 116 124 131 120 132 134 111 105 125 127 136 110 116 121 135 111 123 139 100 105 121 122 131 101 108 118 106 118
0.85 173.4096425076948 987 99 97 65 60 68 97 93 79 91 66 67 89 98 60 94 95 85 67 63 90 96 60 74 99 90 78 77 99 90 69 71 62 97 95 97 70 99 86 75 79 87 64 88 65 62 88 83 67 95 89 91 76 64 86 69 73 60 60 60 84 90 76 76 62 69 60 90 95 68 97 99 67 99 75 77 74 93 61 64 95 75 72 81 74 82 96 74 62 88 62 76 73 92 68 82 79 86 66 69 64
4979.813468204417 1.1196497799454002
8724.226409734623 1.1437316607647618
2970.9228837102532 1.0556230744171367
4503.094454359736 0.8843247427950145
6436.895501890836 0.9902501165082334
5444.4200009902415 1.1189247987393298
7792.948723159664 0.9259926473016917
6874.960538503273 0.9858953013754442
6046.373103262182 1.053860301817169
6169.380507390009 1.056962102616491
4062.868964901311 1.1249511264573733
5950.312382633115 1.02329682999743
1431.4644549578607 1.1039891909962145
6118.725228314701 0.9251449522131023
5114.188106739717 0.9733330265181992
9664.074756705919 0.8544185806622421
4505.178625562235 0.854807673458947
7474.798263176279 0.8999483916568819
8183.756427159185 1.1141028797512527
8549.103945279436 1.0817859750800707
6666.682620597146 0.9717818624946051
5348.175802105263 0.9680900522471192
4725.280441866987 0.9160930341099758
6434.105430191418 1.108308226536173
6368.761051414208 0.9186755424605674
7617.633718896675 1.1559688348226467
9007.427506704758 1.1027267352033108
8043.086949041721 0.8902711270793301
7996.370950451021 1.1811782120297527
5774.57002066866 1.1351529242081482
3499.4976868006747 0.8419831940793625
6211.673205989165 1.1975312154449325
3326.6049430681346 0.9694988621803342
7284.698718584677 0.9055551593519423
5905.417957791777 1.022341984233746
7257.205519705217 0.8015824210987952
4681.401707253378 1.1614609942592742
6074.161471074187 0.9835032401347905
5237.9577962730855 1.012000353472834
8977.458196478983 1.1289072669102738
6538.302083039807 1.0941149276392872
5822.737318048144 0.8786235549567317
6070.531552559822 0.9532249800701496
6348.2759143560315 0.9541425676041669
5838.665827879178 1.0169794444783773
6847.86859761082 0.8769590097541882
6389.459948052924 1.1422720204393304
7421.163860510127 0.8799707466803052
4944.745067279463 1.1115740420102234
5304.69625521293 1.1313833965805495
8103.663630967143 0.8048658444772674
4609.024126875802 0.9863203676583776
6491.232044057167 0.9779530849286417
7002.933164503412 1.1865558730882861
7547.699234943857 0.8215476461491601
6113.030970078807 1.0235819615031627
4951.773267017474 1.0973711120274685
6622.2263639298035 1.037135518440843
7840.372835195206 0.8484491237794144
7377.617972265382 1.137442691422151
7316.953393212474 1.0636112837497216
5688.000970000295 1.02150220648731
4822.126398562163 1.1996262740695478
7090.483673939871 1.1686060978138004
3059.152372472427 0.8835660883527516
4001.0493551159043 0.9469911631994662
4462.148317180917 0.9679680889068338
5097.713319648676 1.1946808846793089
5651.1050104570895 0.9132187892447229
8660.239529942886 1.009325622007947
3383.2263365484046 0.864288105935379
6675.96951787432 0.9560216909150431
4897.624850745509 1.1197734391169125
7799.868823035062 0.9675253546183792
8275.36324015111 0.8332733370251917
7953.190116450005 1.1429061183199205
6666.7501364438185 1.0817243638197973
5096.142434675967 1.1136732836873742
6116.451267619531 0.9107624512209591
5657.513974113432 0.9456295812246163
4141.033589233176 0.9885652508182536
2725.7149059290387 1.1951261527080963
5705.285186962565 1.078372326040303
5475.179960246331 0.8986520912421274
4528.960912567792 0.9256483413113155
6567.472720209877 0.9165242486348665
8115.01378690012 0.8893399633920915
6188.037858991485 1.0063688468332068
4795.2030227925225 0.9228737905162336
5320.388084742111 0.9609021991609162
5136.739119846678 0.9815213461373506
6127.294255479091 1.135608059031122
6399.2714399640645 1.1767482502966442
4163.449909443637 1.1059129521771376
4573.472382510788 1.0539298018490635
2930.976143421139 1.1847526304746536
5178.281644046532 1.0637141025796475
5893.659027478054 1.1558641829755298
6746.130764652029 0.9381472007423167
3991.4608832886174 1.178083597989738
