3 100
0.85 175.8905940550486 539 97 86 64 64 76 97 99 90 89 80 98 83 92 90 99 74 66 81 94 84 68 70 72 75 82 72 76 84 82 78 83 65 64 81 73 67 90 77 70 60 96 92 99 77 95 81 62 73 89 61 61 76 97 96 82 81 93 83 80 78 99 67 69 81 98 70 88 74 61 68 88 75 86 69 96 81 82 78 91 79 89 81 69 64 64 69 95 98 66 89 83 62 67 83 80 71 60 86 94 73
0.85 149.3874660914517 948 113 135 107 119 128 112 105 110 112 123 113 106 101 100 133 130 132 135 138 110 139 116 107 107 128 122 113 112 128 130 113 129 107 134 121 104 104 114 123 122 139 102 115 100 105 119 114 106 116 111 101 104 132 120 118 115 122 105 102 117 139 115 131 113 132 119 112 127 134 107 132 124 120 106 128 135 104 116 124 128 133 120 122 121 136 126 101 138 138 121 116 110 118 120 104 110 109 110 113 117
0.85 156.23702717493862 995 76 87 94 64 90 76 81 89 76 71 62 98 99 62 78 92 89 61 70 91 96 62 92 63 96 93 79 78 76 98 92 96 80 86 93 93 66 73 84 71 86 87 97 68 71 64 79 79 98 95 77 80 74 68 62 86 63 87 71 76 71 84 80 63 66 90 94 85 99 97 87 81 89 83 83 97 99 70 97 70 92 83 71 91 98 81 62 95 90 68 88 95 83 76 67 92 86 71 65 66
7485.131282284948 1.067825375899781
7069.214938721495 0.9789615812660662
7237.710331301291 0.9333346639659558
6376.871354202387 1.1754246647013158
3924.7847463529356 1.1259700321095516
9028.928200916775 1.098601529706947
5868.901619268778 1.1589558085380494
4118.7719563542005 1.111189303205264
5210.866760510645 0.8183321838809001
5681.505285334511 0.9365690987785281
7325.901668153867 1.132231513804502
5269.328497082055 0.8295664742253264
3412.4750371730756 1.013655418850731
5195.5322199081575 1.0632261991325713
5842.811127169627 0.9046172286032362
5031.259729795202 1.1949890784984585
8009.247270468886 0.9380302251811587
7056.455031933083 0.9493144423090497
7437.972387659517 1.157441632821139
4087.0313886873655 0.9071649599586801
8017.781434079137 1.032518613128412
7514.791282844457 0.9570081932960475
5085.710824275353 0.9193683482322536
4758.836201010687 0.9675815368984887
6098.132047818091 0.8639660403636211
6044.7863819602 0.9084040481007277
6856.095584175059 0.8160434309034376
6631.531460856884 0.9677601818275321
3669.0025694640285 0.9850285422156141
7345.6428277597715 1.018585135018752
5654.317095750138 1.195685910977503
8295.160727458146 0.8429962739986773
5979.2187675186515 0.9999667130978365
7030.847205053922 1.1996304776221516
3294.9728200291697 1.102613949617365
5690.333746397444 1.0710455718439578
7312.871567116895 0.9090517483437046
6561.527431884765 0.8512003096484044
6354.292927811673 1.0062212077985944
8873.867942487479 1.0550887593230713
5592.596538473872 1.0382376613816326
7015.30498071557 1.1297654955216736
5430.433132961638 0.8066099868060046
5116.768941837832 0.9333165438810187
2922.5255148360375 0.8634628676800847
6058.372233763141 0.9235984306709047
5349.9341556272875 0.9054942835394044
6281.386332559452 0.8579426093501857
6514.020455913209 1.0902835504820905
4380.888210078099 0.812437231675415
7474.20793443229 1.0073879115398534
8470.945650617467 0.9179860865738689
5325.1138680623435 0.9898090949589741
6689.302454294904 0.99376086514887
8213.70323167431 1.1167073064837671
5113.994567123996 1.1093395814488618
5878.669389046095 0.9365351010210876
6147.7221000930995 0.8307917352612014
8866.698141919376 1.1316696823591776
6311.8499077651195 0.8145071080651677
5665.038232545076 0.9816014335007358
5090.677265307052 1.100387657202306
2439.6882908791868 1.1988730211629066
4811.768003334619 1.0922703432701524
4123.051087961261 0.8266074989907257
7963.536409173503 0.8100736104715384
7028.771931370297 0.8972094159032712
9494.272881803754 1.1666485551315708
6427.149029662245 1.1967773537495048
7452.192610053564 0.8517955946131945
7863.671223764676 1.1810441895675927
7610.318619267604 1.0794335109008188
6301.810555276957 0.8680520361519198
6404.252961507815 0.9147379639173091
5268.328510340323 1.1215573007549449
6786.538639440971 1.1183596408422143
7369.83749958778 0.834863502915487
8346.920609901703 1.116079865426671
6524.882230330871 1.1681731605463312
6280.634448552349 1.0336585896574018
7732.8133368830095 0.9580080622982128
9288.273696401748 0.8722416044167495
6584.074329434487 0.8704080599747417
7268.688237242425 0.9802460715898387
7604.801524520555 0.8537905327682968
7635.9878327372135 1.0606581499319352
5584.088061272785 0.8965751617956313
5138.434235534646 0.8472781217976001
6957.503783335 0.8347425833015247
5865.6581463093535 1.0952224429763198
7639.275858630466 0.8752675548310507
3622.7653077643945 0.810590196887694
3947.3441014993246 1.0091988636695666
6864.355742751514 1.0769001557394229
4568.971826363456 1.1793307876835821
5746.047819625932 0.8227533082123363
7829.871231748634 1.1786730529529874
4075.4947000627913 1.0393176886609177
4989.317658392212 1.085439494594956
8962.651598813569 1.0399258792883
