3 100
0.85 162.99460937823287 586 89 76 92 83 69 82 81 73 91 89 89 81 95 85 80 79 64 88 86 97 95 87 70 87 85 87 62 76 61 86 75 76 65 62 92 94 77 64 92 77 99 95 79 62 92 94 82 75 83 76 79 96 60 70 64 61 91 63 92 92 94 78 63 97 86 61 78 80 77 65 87 81 95 60 98 78 61 83 60 98 85 64 84 67 95 64 77 87 80 76 67 62 95 69 79 69 83 72 64 67
0.85 120.2141225576972 739 132 122 133 130 110 125 105 101 126 130 121 103 110 108 111 107 125 101 111 133 126 120 135 122 135 134 112 134 117 100 116 131 108 125 118 108 127 109 107 115 113 114 103 102 102 101 133 108 138 137 125 124 121 120 110 115 118 112 116 132 103 108 127 103 109 108 131 108 114 113 100 107 119 129 137 130 127 130 109 102 107 106 134 133 131 134 132 112 114 123 127 111 114 133 100 118 111 118 106 103
0.85 130.2060649861403 859 95 80 74 60 85 73 96 60 95 92 62 65 77 90 79 87 91 78 70 77 63 85 68 87 86 96 69 85 97 96 75 94 81 95 61 92 94 66 90 87 66 62 77 89 86 72 78 94 96 69 70 94 87 74 82 93 81 60 86 98 93 81 99 83 85 86 98 85 82 91 73 99 96 87 81 98 61 80 66 74 91 80 82 63 86 69 88 74 89 76 78 74 98 62 98 95 75 76 67 65
5893.955828437073 0.9402463276920036
5730.588552070056 0.8872452722207474
6919.846253896333 0.9900095854868208
8066.750148153869 1.1968690379469535
7585.651667224844 1.1138333600943469
3134.3810943677076 0.8239112951038841
6276.216681415019 0.841043118515121
5399.657134238513 0.9560494400245569
5116.267900049811 1.0147444145411921
7319.687106706509 1.0784056158408089
6237.010619754198 1.1710074359316869
6909.862463071213 1.1438356593293815
5800.936543459861 1.024979026875187
8126.927271218567 1.074781046133287
7811.016286878743 1.0410453733442337
2836.359024925112 1.0781050131250445
3948.9337204837716 0.8182554216033747
6634.252201786052 1.018750192322518
3149.1881392110477 0.9106793074569256
6799.167110426352 0.8166960654854207
5372.699214171189 1.1532935905670267
6311.453763027179 0.8078644549819969
5339.113531790196 1.0673406509505878
2337.7061561749765 1.135493986273508
4290.0367481553385 0.9001274781822219
6157.374490472972 0.8990795248516805
5914.241215916696 0.9584831631108268
8643.922525764998 0.9657804117442707
7298.667286264645 1.0268218536945997
7694.031404521585 1.1120346297656996
2422.8582654703087 0.8468955896998934
7249.682557890203 0.8431150843031715
6710.0178290149925 1.0266719856950843
6587.459395843682 1.188749401479023
7786.577683832878 0.9752902763835678
6878.580378790309 1.1594024970234031
5109.918082435887 1.1749131538629556
6696.3079360435 0.8227451791650396
2646.300713647882 1.0431499373914044
6347.478599192143 0.9931079895632592
4498.082011812638 0.8887228422022494
9857.423676295442 0.9647973043960945
6228.937011104402 1.1163498157308593
7435.544332536061 0.9025173894827561
9012.892213358615 1.0073298489385947
8107.330536639833 0.9123805522312581
5342.686585559248 0.9092893149127304
7337.887043450044 0.9224073887116091
5285.895625381499 1.10708890561015
5005.550264189682 0.8445748804063513
8546.698332603799 0.9724083519741945
6797.655204830724 1.028521686238495
3378.013011653946 1.113720019163139
6170.2863254578415 1.0149601991036992
7784.656411500948 0.9319928598044865
3942.9811240597523 1.196453640215419
5372.874439809057 1.1589558782827196
7940.7037341926 1.0353951164369024
4862.797066074423 1.1457118178078292
8336.078217197206 0.9836468964859613
5198.468442288864 0.8893229797170555
5391.107966901986 1.1644812249271042
5627.1274249564585 1.0319786692005943
4143.045876632254 0.8827742262597967
2953.0651293197957 1.064522235853612
7350.0063319171895 1.1403004061604696
7388.252871518343 1.1655635164720728
6461.45244063069 0.9053615579102444
2723.162200371337 1.0402278242884737
7115.520139561152 0.8786059948358592
9376.279424811157 0.8077141135300979
6045.1389416018765 1.1335608550745189
7482.877483442779 1.1316176936112454
6547.879116611343 1.1495691310148544
4774.2787470027715 1.1511930096952447
6938.167607218931 1.1929011976394868
7177.973550309352 1.0384924465096208
5061.907697091747 1.192439932183524
4972.92407703688 1.1661927382613442
6815.706737831146 0.827976526232886
6445.551955900714 1.161732832636524
8109.78308696314 0.992856061437203
6423.298863624495 0.8450476006638854
6808.381832912737 1.0582002090298395
8077.427448737757 0.9253178275930234
6914.872570197949 1.1264063771782036
6689.238666841321 1.0275610473082613
6599.444333881689 1.0682026007478442
7424.031005344797 0.9076013670870845
6146.759334946901 1.1742103640514552
6515.42747520466 1.1952885357897558
8103.643919729142 0.8862680750746837
6816.271351130674 0.9265029554216906
5173.574329940789 1.061779047079301
8015.047785858309 1.0750207877397795
6994.228475796805 1.0859485941929572
5681.092844995226 1.163962498388382
6861.623259112595 1.1288907096833776
6106.4238332387595 0.918877615563917
8431.28187475826 1.1912550745027874
