3 100
0.85 131.8557863136991 500 134 121 107 102 105 115 108 121 117 126 119 101 129 120 106 126 137 128 121 121 130 126 107 108 102 110 112 107 111 110 113 129 128 110 100 121 139 102 125 131 126 105 121 101 111 110 103 129 126 120 116 101 125 121 120 126 129 107 106 107 129 137 106 118 107 120 132 112 139 130 139 137 124 117 137 114 106 102 129 126 105 129 137 109 122 125 125 135 101 107 135 100 120 108 137 131 139 132 104 139
0.85 175.46413504318906 603 66 89 87 69 69 91 71 61 75 79 60 77 68 74 80 73 75 94 79 85 74 76 67 94 71 65 72 81 64 61 95 96 99 76 61 79 91 60 60 88 88 88 73 76 99 71 63 82 99 82 79 86 78 92 87 89 67 90 80 70 65 95 80 84 66 93 73 65 96 67 68 97 92 99 84 72 81 90 89 79 99 99 89 60 93 63 85 73 92 87 80 89 92 90 98 85 97 92 76 66
0.85 172.77203921616604 697 90 82 78 91 86 76 73 60 87 69 98 67 77 66 69 96 92 85 75 80 76 72 85 94 63 98 96 68 91 88 82 91 88 73 73 81 61 92 70 75 70 93 66 98 88 91 92 83 96 81 85 76 93 72 60 60 86 66 89 70 90 94 83 75 92 84 78 71 99 78 77 93 88 60 96 81 91 85 92 64 82 87 71 60 64 97 66 88 80 73 93 87 66 97 95 62 95 61 66 98
4335.1445246257545 0.8109228922819538
7537.944640043951 1.051699502976808
4730.478609084313 1.0069668963821288
5812.519346285362 1.0813923328297224
4221.460721772517 0.924473483525923
7067.661095298993 1.0962740708414098
8267.533652988703 0.9927877920179234
6664.657387791766 1.06419659829735
7210.462401861677 1.1122041409731598
7368.4430093262345 1.1313721303928963
6886.327443919842 1.1209811249420494
4763.78726835556 1.0344822886666847
3462.188909248556 0.8837293155311949
5669.133373985033 0.8220869446781387
4422.828112229212 0.8059988736749331
7169.314834320601 0.8767692364328948
8438.54083374043 0.8106166388305938
6881.351809729175 0.9070448285271252
7630.141961581259 1.0825838503192478
3509.738240781512 0.9468576629967166
7395.07842047546 0.9486421681296047
4687.826855365799 0.9037849332082281
8516.768306693799 1.1719699164054365
5783.305073942467 1.0865248002636023
6513.231060233958 0.9541557966508268
5055.250979620011 1.1276531235303298
4813.50850937409 1.0249687488504324
6129.311102472727 0.8649850850805207
6546.243337119359 0.9292896772731171
4990.548687686774 1.1669212811133605
5004.921209915221 0.8626636716763244
7228.260072827353 1.0331264410568892
9008.003385680468 1.0705660402156227
9311.224712643958 1.148504919173051
7453.169993272897 0.9903810891014055
7636.320088058463 0.8146577797544281
8669.049632695695 1.0895948102221396
6094.879264229521 1.0448432010256967
7526.8421223085525 1.1205647262797487
5728.93106550988 1.1957056148410072
5335.987678795147 0.9089701212258946
5586.600815366685 1.1417424284202016
7530.888271452552 1.1413405039794862
5636.716891117925 0.8277649141344462
3746.215086914862 1.0295690817375454
5336.399675521749 0.8141105861792104
9019.263368260934 0.8877559498441125
8480.50149413529 1.0407979217457057
8797.840885031721 1.016088670430136
6647.4794664027995 0.9571212996618774
8929.553901701467 1.1125224068797068
6666.575064392944 0.827802203185909
9295.779044707 1.1387081003626758
6409.475129296127 0.9665381279356807
7002.120826757785 0.8250050934895802
8380.429101961357 1.0176947718604348
6416.392101420223 1.070033240958983
7330.650668991744 1.1317052309851403
5674.278301528011 1.0007120931692335
5018.729748892454 1.010732431155061
6329.901014418311 1.1715238743070981
10526.3211547981 1.124508460358068
5148.323570810822 0.8556605580322447
4812.985616215408 1.1187402236936155
4672.793254343487 0.8841860618527251
5972.216033861019 0.9348542079777764
5371.131108783105 1.0950589254890335
5668.991151488434 1.1551410091209775
7702.679599518582 0.9273273307684022
8387.388568227914 0.8707561614096931
5651.2211827838 0.9429781273639385
6993.749755433894 0.9161968358120921
6585.310351276708 1.1218434058090343
5410.219285789182 1.0838466452726645
5915.86537118772 1.189764936107181
6494.487864049081 0.9488693897663278
6654.533002376121 1.0931624446359174
6687.558230038647 0.991582289864241
5352.9085335957725 0.8932778176337727
8586.290577814247 0.9229030829135069
4523.642692190242 0.8535929647806733
6353.350820321223 1.088240086244806
8704.332059331822 0.9760588930844032
6236.322331729913 0.8511349975851907
4189.37329387223 0.807500400300871
5030.590031782954 0.9915072406483465
4878.366440616151 0.9606057510008515
10170.09426152087 0.8257863653971533
7134.749100380124 0.8543018359540109
8460.336303649525 1.0876439985100876
9157.90650715326 1.0387337087257382
7680.104603034655 0.9892059385859171
7883.906505484238 1.0557426300498862
4558.605382076181 1.0712895233732307
6833.989161584319 0.977435540204995
4456.777334839484 0.9624278895189156
5664.955933065158 0.9181479699149203
5922.547556016975 0.8840812311245392
4228.532383634169 0.9348872607934784
7818.103404319182 0.9522190105172252
