3 100
0.85 162.86372883335372 648 106 118 125 100 103 131 102 126 137 117 118 101 125 110 104 126 108 135 105 108 128 135 126 128 111 130 113 124 116 135 109 128 108 124 129 137 125 127 126 119 106 110 117 102 133 113 104 118 108 105 133 108 136 104 105 123 103 106 125 111 112 114 105 107 135 113 117 101 121 109 114 104 129 114 136 130 139 102 135 103 135 128 136 123 124 126 137 105 131 102 136 131 129 127 112 123 119 102 136 103
0.85 144.37010371303143 673 86 74 83 67 91 75 96 78 85 88 73 73 93 91 64 86 78 78 79 67 64 67 83 78 66 70 65 62 67 67 70 70 91 60 64 71 61 69 79 62 77 69 60 63 92 82 70 76 80 61 80 75 84 68 86 73 96 99 73 68 87 79 97 88 88 71 86 73 65 88 93 96 69 80 80 68 86 90 97 98 91 73 60 95 98 69 69 89 75 76 91 81 94 63 78 97 71 86 67 91
0.85 127.2982859408582 911 78 64 86 97 73 74 69 62 63 82 80 80 70 78 83 86 83 97 64 74 69 72 76 88 61 64 97 92 75 93 69 93 80 75 77 99 90 86 61 67 90 60 62 98 95 69 82 94 91 87 88 97 86 98 84 60 67 74 63 81 98 94 81 79 95 62 83 97 79 78 78 87 81 93 62 90 94 65 87 88 61 68 92 81 74 68 72 81 76 67 99 72 98 88 61 97 92 95 77 87
5430.537712096067 1.1304976021464859
7309.199315444088 1.0799971736703213
7224.251362521477 0.8529399378479718
5749.2779869827955 1.0270294989290387
5498.378462618088 1.0400630095271959
7367.5876544395815 0.9170611329015653
6155.333861399458 0.958486020377047
7690.069899607772 0.8697271600377486
8731.086258555157 1.1645942934570772
6129.16847220851 1.0700271650824875
7566.521105411892 0.9433152799888376
3314.113172705931 1.147333649339453
5884.880903214832 0.9964986107386236
5874.9555797628 1.0181888152650977
6981.6732614245575 0.8769636184131799
2867.933327353579 1.076849542873404
9130.95446146707 1.049146834740137
9149.206972618915 1.1357751661869913
6384.771440754359 1.12451183429278
3714.8570371439782 1.113980712534861
8097.271506799043 1.0776006725069252
9577.660743010563 0.8187255804149227
5703.892167229362 1.123685031081978
9905.164106799719 0.8350716338368287
4592.515135887928 0.9879574351027721
5500.739602481625 1.0763136228736574
7114.82751891029 0.983282479063372
6920.432521030068 1.0480537882943286
5411.222644331521 1.0092170283840454
7131.67866872205 0.9730017141626277
4908.865745615293 0.9021771366781081
2869.8612673033604 0.933498954917096
7132.532207527069 0.9047651349994449
8772.448298650996 1.1465953569160643
5406.854910348622 0.8704619464730836
6081.382730467922 0.8110407397260558
10050.47112436216 1.0448492595228258
7838.9602404008165 0.8691151852746021
6668.605963656889 1.069477484297882
9538.58100375697 1.043660645102543
5179.884574601119 0.8463516568090275
7817.453597615684 0.8264409512513528
8568.72112730174 0.9476687465341959
9887.540179449828 0.9967544160228935
4751.646832037208 0.9082399171663401
4514.642536459016 1.1058709650319871
7967.294326012938 0.9671959027922598
5875.2765846406855 1.0750859079327169
8796.181856133479 1.0025002313218405
6346.743600614392 1.1157861511912635
7524.682979744302 1.1756044357629785
8296.35090008229 0.8328671313423684
5381.869880223692 1.1368294975344528
8101.2316954714415 0.868097570474426
8038.816139093602 1.1508558501622936
7156.457552972631 1.0760315915392287
7211.221045843802 1.0303596582660222
6050.666721020832 1.1740210594895615
8021.2364155513205 1.0943188369211116
8456.127514009617 0.9955440776410476
8178.477882542407 0.8714729285565186
7575.5154793794845 0.813000308044977
6674.0205363765 1.1755537517056422
6601.327949749429 1.0003448556796783
6658.243979766071 0.9229209651092565
6986.5469044795 1.0895132960805967
3585.0380021237456 0.9941192400844322
7268.719178815931 1.0439220308635049
7072.022976961015 0.959498212589762
8886.202350136424 1.0701160086740487
6701.689539488866 0.981821629010071
6914.4883688443515 0.8068141491393314
8166.73984005725 1.01026456815792
7938.273439334076 1.164419620039036
5204.755141303415 0.9034485619086544
6986.105869685209 1.1522859176856717
9258.752914195049 0.8341978652851799
6843.637116015905 1.1525054984410983
7156.784468200378 0.9260839369195628
5772.256586904825 0.8938381780622808
4984.292732733987 0.9839998788038358
6830.933160328994 1.0858045322398144
2860.0334594385995 1.0376241158035375
8158.155226354894 0.8171395753706016
10004.038374773874 0.9035224724262504
6268.771661030149 1.0198255754690642
5434.852076458753 0.9750279449008888
8265.884884399411 0.9408161427988966
4044.930200194543 1.0379228847000983
6621.093224501861 1.0720995844534966
7394.112715492963 0.9785486958953546
6473.906840251911 1.0482806298259995
7752.390375696806 0.9847304289645663
10108.66915897279 1.1450414621296074
5192.736933679634 1.1270352723559427
7911.523981138437 0.9786198431869846
6727.119018983893 1.0106585135517874
4225.312477751819 0.8425494488756018
7940.028556106825 1.1646405593204079
5817.444358335984 0.8706165050853263
