3 100
0.85 156.61282253829884 629 95 71 97 92 84 95 96 90 67 89 61 71 80 60 85 91 98 62 60 90 73 72 71 78 71 86 87 86 69 87 75 69 87 88 66 84 99 99 90 98 66 60 72 83 60 86 66 96 71 94 73 68 73 94 63 94 72 68 97 63 77 62 72 81 69 88 89 85 81 72 75 79 62 77 81 81 67 76 92 85 89 80 72 61 96 94 60 66 62 79 79 87 75 95 89 83 97 73 80 96
0.85 138.52640395618306 658 106 129 116 115 125 116 100 129 115 105 130 100 111 136 129 116 107 121 123 137 114 132 108 116 134 104 126 115 115 110 123 113 125 103 131 122 130 129 122 139 120 106 129 132 111 139 125 124 101 130 123 138 131 122 129 134 136 101 127 134 120 129 108 110 137 107 121 119 138 117 112 120 107 132 133 130 114 103 119 131 128 118 125 123 119 111 116 104 123 123 126 135 117 133 110 106 137 134 116 109
0.85 129.1248448681712 722 83 93 61 79 93 77 73 67 66 89 86 74 96 71 99 94 87 62 80 87 88 80 80 97 64 89 97 99 80 85 68 98 75 63 71 81 77 61 96 98 93 75 98 91 83 65 64 94 90 91 95 67 69 76 74 80 61 95 93 85 89 86 91 99 70 75 60 91 88 86 97 83 78 64 99 95 86 63 68 90 81 77 66 93 99 68 94 97 81 94 63 72 77 92 90 68 78 87 78 98
6481.81571275225 0.8978258866351724
6620.005485675883 0.9000677432953503
6696.1858350698985 0.8989957935150447
6584.09555865903 1.1994793276708484
5684.789566318679 0.9805832618591459
7695.531555776749 1.0072608500718858
6250.690601101413 1.0904798506849636
6585.474959125522 0.8473183103352798
4913.806110436595 0.9334940960424586
6126.936262549446 1.1425704152512168
5385.715386895183 0.8011271282306025
5934.92733372132 0.941509439562062
4790.231760618727 0.833326465634814
6723.235151738299 0.8976882590308493
7609.260121286593 0.8853614955151268
5530.564254286907 1.1163369361467634
8719.577177717574 0.8682891262455854
6874.594967306981 0.8934561670149636
4436.947601982129 1.058607712184087
2907.3929907539737 0.8066814205889472
5445.207264227534 0.8970479282537652
5916.827283007229 1.1915096563220389
6113.7989274235515 1.0168036106157166
6806.755796264659 1.135323408201455
5297.737393546182 0.9510375368894166
5443.4322543043145 1.0060899444941682
5853.908110564315 1.1325254734969497
5965.858044564299 0.9875780600731566
6105.292409299633 1.0910667152235096
6981.052161953129 0.8299263203455025
5417.659655949065 0.8607694269017453
4161.185203381601 0.8201347481885555
3763.580067244543 1.0628939994696676
8809.981081791582 0.8875738573293666
6561.825753039414 0.9768921968948789
7085.616489179928 0.9107234087016212
6489.667099028778 1.0995061218469282
5869.209344414574 1.1815317034967956
5675.180953171453 0.9372475757719552
5669.657946889412 0.8160665960578634
4549.97408812263 1.1952251201564332
7276.521752540657 1.1527819324572803
4708.281246076718 1.1509169143058071
7290.320957210331 0.8923779304849809
7523.884281280242 1.1394140436488842
6236.234398742411 0.8524245583559666
7658.817048841922 1.1993230007203721
8623.893969800938 1.169292230133789
4221.458155447587 1.069984099956557
7115.014329217192 1.0696352049505666
8773.684363971277 1.1898528971934288
6049.281604969458 0.8039139562054239
8234.804409276396 1.1618868182007263
4557.21583546436 0.8283436839535077
5371.314540256284 0.9044000894643414
3087.226786702416 1.156057687410779
6785.709916296242 1.0485232004640588
6199.501218604982 0.8392855060908542
4576.0704840483195 1.0192255790594342
4990.024052284561 0.8811891441503588
6039.183170065812 0.9352630119839432
10628.271712055493 0.8380191761961082
8367.087467796518 0.9312567621311976
7612.34925809269 0.938087540876121
4531.406732044305 1.1950797445511208
5715.153381824441 1.1205621471740863
6272.00688851589 0.980294037759309
6147.8235479613895 0.9570284967078038
8251.854875933821 0.9750243329805681
6688.544354736472 0.8139965714136171
6741.416375794826 1.1457470676317132
5540.344202744921 0.8680578246036633
2987.8449076412926 1.1381514888323891
8766.270747261533 0.8358422471231123
4733.357141667015 1.0337607582274226
9331.671462157887 1.0866728095555431
5312.687802281521 0.8155608516325057
4864.569265624726 1.1456287281957807
6730.724292168793 0.8054834699338713
6620.341362067817 1.124663098492506
7469.374287599292 1.1890475451711109
10952.839892145064 1.1913713933671213
6699.370836291975 1.1776284216023807
7364.869295838925 0.8662832379769086
6045.42420425533 0.9563454318331996
7619.375708135998 0.9000659869913299
6587.318524802318 0.8861968161930663
5417.623307377255 0.9695586870049452
9297.429232742832 0.8170642061079797
5908.055066631739 0.9115550327426827
6726.609897991291 0.9394342766303303
7249.092459020646 0.8516766987177979
4337.077977187195 0.814954606720516
6657.934235436185 1.0901666933694434
6268.614927096772 0.931917970643837
7009.492853612337 1.1513796891301469
8795.725883360952 1.1257727732451022
6164.239407814862 0.8114825148224117
5435.751140384817 1.1566102361677055
6532.004198250605 0.9662940663388477
