3 100
0.85 130.0489500891593 564 62 95 65 98 76 92 96 88 71 61 86 94 68 90 68 99 80 60 86 98 67 62 91 98 86 67 68 88 80 73 93 78 63 93 81 75 88 85 97 87 83 77 65 60 89 82 64 95 85 93 80 73 73 76 61 75 79 63 74 93 91 68 69 62 73 87 77 99 74 74 83 83 63 79 85 79 62 78 81 73 91 78 88 76 92 77 85 88 60 85 92 79 92 67 85 73 73 61 97 75
0.85 169.54401674605455 649 67 99 79 94 90 83 75 64 65 94 95 72 96 75 95 99 73 74 68 79 95 65 68 78 77 75 89 95 74 92 79 96 87 81 98 69 91 76 78 65 63 76 98 81 74 83 88 70 91 62 66 88 77 68 77 77 61 62 65 71 92 60 60 67 60 99 79 68 69 68 66 94 64 65 68 87 99 61 62 72 63 86 63 74 65 85 98 65 89 65 81 99 93 95 78 65 72 99 70 87
0.85 170.07245618861413 882 112 135 107 111 102 128 136 135 138 128 137 130 134 138 125 130 132 132 134 100 123 129 113 100 117 139 107 124 108 101 138 134 100 120 127 125 123 106 125 136 137 111 133 114 113 129 129 126 111 136 110 106 124 127 138 108 126 102 121 132 113 139 122 105 116 131 122 111 107 135 107 103 101 100 103 136 120 107 117 130 113 136 128 124 138 119 108 104 126 126 109 126 127 133 106 124 133 135 102 132
4564.076975390154 1.0203614393847915
7373.149496232914 1.1120163567929824
5872.907107712729 1.0912054080832099
4195.786383332304 0.991745581013868
6734.12187804425 1.0688888461714505
5342.6841013601625 1.047512404389548
3750.5161618530988 0.8612978458058721
3193.0692650250407 0.8972896058570073
6344.640781463257 0.8740918397217932
7677.504572325623 0.9144283927940716
4771.205866654382 1.1006589499152915
6823.153494043934 1.1392596502972039
5221.280367302822 0.8128988742735604
4083.26730116879 0.9956568193950308
5422.799968475269 1.1093072125826289
5764.029386706998 0.9896481840690602
5973.267342353515 0.9799097955451401
6042.61595000021 0.9938037910640043
5229.683937975606 1.0337084190076156
6645.346468794525 0.9155476036165686
6539.966457715371 1.1026629652894262
6411.549887921303 0.9802919334448593
6497.670888685316 0.9663845267286076
5239.586126436073 1.079547295881081
3994.122754381732 0.9777346520251048
4525.609736806458 0.8218608139100616
2132.3182571802945 0.963213630188402
5360.636686353209 1.0720068877052167
4520.593998444491 0.8617815259025471
6703.505918196812 1.193266887251558
5139.9955037744185 0.8700682154846449
6318.201565729568 1.1295240445767303
6880.633215948979 1.1418623515041262
7178.63577024884 0.8599186678712084
6988.973331265242 1.009910498597539
3743.449322388467 0.9608183990276413
3552.5427680869793 0.9272154194128307
4839.3134818221915 0.9033465346003414
4704.434353854294 0.8917913762981654
7145.904198935221 1.122857841082732
7068.807669507749 1.0711346709838159
4249.559580375098 0.9560015466180819
4066.8925452266067 1.0416545576990928
8444.163431689649 1.0438550577475243
5330.215040857385 1.1479337997745678
5683.504846154049 0.8829348371916995
4310.45891309217 0.9899588896401852
5650.693365113005 1.165753083049745
4640.429591821637 0.9922921738780239
6668.065184843832 0.8574013938817729
5017.6475576169805 0.8856138480932876
7495.5601415029205 1.1487208578598933
6403.342371385421 0.9500754153903896
2023.495475238828 1.0259645006436935
4287.271951819755 0.912658321939804
4863.78339502595 1.07910095812819
4026.5466212476313 0.911457356320724
5184.059602743012 0.9439312466245152
4821.794622946725 1.0895013583425641
7530.908406810737 0.9276435924216433
4909.666038070104 0.9662708988661708
6687.48518538008 1.0173058542636875
1885.4827967880801 1.0680232122062452
5427.1079200751965 0.8533634917336477
5541.606804673281 0.803857025842908
4414.730800109326 1.1307456722374098
4426.331717546211 0.8286402662130746
7616.355830606295 0.9364008095476064
5532.23288369294 1.0321937769180873
3574.497888541544 1.1882287409577774
5976.283284389676 1.0415156235927208
5620.44839576228 0.886746925607705
4954.543286041615 0.8056593949077705
5304.359172614409 0.9762591225887995
6215.172511370966 0.856841324420125
4714.332754074412 0.9245095146110449
5637.787665225482 1.181526749853509
4253.282539650365 0.8193732571313862
5855.583736546536 0.9214956760873481
1958.2988092660999 0.857929110153718
5308.731827236698 0.9641514500029983
6265.5917749008795 0.9812423535602655
4555.807816978219 0.984014386113624
4883.871928472507 1.0533622882565061
4334.511594236039 1.0081758711697997
7817.089910782084 0.9378195690398515
5403.109390220052 1.1349108037507616
4467.074769137507 1.1661589593089505
7657.716565336735 1.0542758666174463
4482.503932768515 0.8038850457549735
8990.519763661474 0.9915205553430284
5439.204218565527 1.185110828454157
5832.248283369107 1.0494099197258635
4577.994524731546 0.8678647084185899
7504.424995870217 0.8401817390420382
5595.044682778802 1.0350644156018751
4177.102008622069 1.0981747135055522
6981.266294968613 0.8719590907089823
5539.828608102302 0.9355309241641974
7215.884472828406 1.1186836399613946
