3 100
0.85 126.87574528188594 530 62 85 97 71 78 86 78 98 79 91 62 64 61 72 85 62 92 80 61 85 68 66 98 83 78 70 65 99 96 65 95 92 62 66 60 80 77 71 64 67 86 60 87 96 73 78 75 75 63 73 88 87 61 80 85 81 97 63 96 60 64 68 95 92 93 92 90 73 82 62 79 60 99 68 76 88 71 61 96 80 86 89 87 87 83 84 83 83 72 65 61 72 68 86 69 70 74 67 95 72
0.85 142.60575536774053 720 80 76 77 60 95 94 94 83 97 84 61 76 61 99 82 87 63 75 97 96 91 60 91 99 72 80 74 92 69 83 68 92 99 90 70 97 80 91 67 72 95 67 94 62 64 98 99 66 75 85 60 85 85 75 68 80 70 73 70 78 70 63 87 70 83 95 61 87 97 86 78 67 63 70 69 99 62 77 70 61 76 83 92 63 98 91 95 76 65 86 91 83 80 69 84 94 83 79 74 78
0.85 137.29710581903112 749 131 113 129 137 100 129 116 120 139 131 114 134 136 104 113 139 127 125 120 130 108 139 105 122 105 104 101 110 110 115 127 124 113 114 101 109 101 121 121 121 109 112 131 121 132 136 128 133 100 136 124 104 102 120 124 120 113 117 130 117 130 128 109 115 100 118 118 104 118 130 123 129 101 125 105 103 105 109 103 115 126 117 103 105 128 101 130 115 128 118 124 106 116 122 108 105 116 103 136 107
5313.69923432712 1.1459111504035735
6115.168657636748 1.1371112560954262
5279.238416836698 1.105038835726428
5821.113989786322 0.8797183928276265
6191.184814301588 1.1642970905862637
7043.790859485283 1.1118980777632674
6794.9318001316815 1.1077337241268954
5990.259977801721 0.906234287040825
5971.622238245328 0.9012857455967076
5171.971649192642 1.1172440504717585
5620.387425539898 0.8189687462313018
7834.390816438841 0.9124954759210702
4841.105033900587 0.9817000002710006
6950.666584251958 1.0499550209687945
6356.06240891963 0.9629123275236685
5485.864806578954 1.0941909373794978
6303.075249773103 0.924809815551438
3594.350876326316 0.887062641331345
3059.1446078229396 1.1831971285426532
5941.509500445965 1.148687083906128
6100.154640179379 0.8442424031206553
7133.016279491123 1.0943356379517457
7773.106267918838 1.0496080144124038
5822.065159036937 0.9553025710791928
2141.3431404353723 1.1277215443344282
3845.6673812818544 1.1588353796447295
5809.379723905962 0.8210031978029279
5806.834130330276 0.986351063908367
5785.670308912586 0.8982588397450033
6421.5043579507865 0.950284519722632
5595.904521000842 0.9522694997111869
5312.304371406689 1.0026367041269184
5589.300064335334 1.0602472593629286
5433.9861159229185 0.9164232870481935
5433.848625163524 0.8632957563074953
2821.85536036287 1.0467248943768581
4668.852007359894 1.1967767955122197
4497.66449429475 1.0243151464393563
6836.108223956636 0.8676860369185267
7836.960052740122 1.1256446171744505
5141.033408608774 0.960913748110584
6073.23913495104 1.0894869344270506
1787.430533292203 1.1051743710446824
3143.2996607404893 1.1672452733672716
5521.556489728553 1.1018630652960717
6861.728640465695 0.9030111254710812
5007.137999064662 0.9644660512723189
5739.171695004678 1.1488952650816109
5508.349496566124 1.1902903909509903
4550.795325348038 1.0590814573535101
7489.735991645777 0.9050523442125497
3547.4854625135895 1.1829076658827153
3484.826737922819 1.1389105015636236
4941.211992405946 0.975988705583705
7293.135232409921 0.898064953287299
5003.433962684832 1.1778694573444715
7049.466942016225 1.1754998062927213
5371.748614463007 0.8396015782128535
4076.1310925711023 0.8969285748331418
5401.205363616933 0.8258837329681776
6124.888296575501 0.8419178597305215
3677.8129027335362 1.111045588117731
5417.295272943836 0.9131341028559387
2756.9289838101304 0.8825495000230331
6039.778324802328 0.9964004925035175
6805.792257357052 0.9487835468038882
4534.9704583578305 0.9357756841333297
3309.4077508231603 0.9774711592390859
4699.71228267635 0.9337337149493421
3850.451745917385 1.1975230467451365
6755.881982477321 1.1965545951460685
4988.652082146118 0.8187227134113596
6013.208770699319 0.9493253879206948
2869.746903541412 0.9882211722987334
7231.503833941827 1.0513318342325928
4693.844197706909 1.0464407903651858
4359.898450084913 0.9926251438643977
4132.786558981314 1.0750383751015327
3500.518560850529 0.8115593274802653
6331.305698589287 1.122741024600255
5794.924093205547 1.071669714207571
3929.4852971182454 1.0863863354718517
5673.518956324275 1.0558477970628053
2997.671873150957 1.0204897386876393
2870.6114172791745 0.8605591540574731
6591.814187042659 0.8865367407633259
2665.9764847831675 0.9264715197407486
4698.450760042402 0.9397095910057222
6100.448670790438 0.8003821831542376
4475.2860028375235 0.8138005326671975
5595.243367398112 0.8494463428299389
3489.650338272594 0.8100722954719914
7016.159383211007 0.958087515657816
4022.1662619997533 1.0187595263076932
7148.670697287358 1.0299443094404162
6138.002638630466 1.1244278590447543
2957.598541210352 0.8585397730628381
5811.6766309849045 1.1263527976095364
4237.631717122973 0.8692657965946108
6665.706563089413 0.8754476814324293
