3 100
0.85 161.37534544878616 503 70 69 75 79 79 78 69 81 95 98 93 62 80 97 73 81 98 74 63 93 74 64 68 73 78 81 99 86 63 83 83 63 66 69 98 98 98 60 89 70 79 92 91 88 84 92 87 79 62 67 67 65 86 83 77 69 79 69 93 98 69 88 67 65 84 77 97 69 89 94 98 80 83 63 70 99 68 98 92 73 89 98 73 62 64 98 73 78 83 82 67 80 77 61 82 91 73 99 77 86
0.85 171.6128358835275 765 129 116 138 117 116 109 102 136 112 128 125 110 105 106 118 117 100 126 113 134 127 108 122 130 139 106 115 120 103 126 136 137 118 117 101 106 123 132 100 120 109 107 117 102 136 124 129 100 117 133 132 102 131 124 117 116 108 115 137 133 123 102 124 113 127 123 135 134 107 100 130 125 120 104 110 100 108 108 138 133 104 133 125 126 123 138 120 137 138 132 104 128 100 115 109 109 101 116 139 103
0.85 143.57927200168888 951 94 61 82 82 60 79 77 93 92 66 86 97 75 98 79 64 71 82 84 98 61 83 83 90 67 67 71 72 76 63 92 61 67 70 76 60 83 82 84 83 79 60 98 73 80 77 62 76 73 78 94 93 67 86 61 72 68 96 71 93 74 65 91 64 63 64 64 82 84 97 63 94 62 60 77 68 66 99 79 68 78 65 69 60 73 81 94 81 82 89 96 66 83 91 70 90 82 60 99 92
6048.879734758313 0.8417806599205075
5588.775337205168 0.9187678348530232
7543.324046970749 0.8136877492072946
8711.915272765209 1.170897828326447
6748.718240499785 0.9899845949155084
5766.95969980637 1.0355581587447376
7131.72674422073 0.9887906729463035
7876.226358548747 0.93147857486808
4764.456964146742 0.8822800531804772
8441.07484975193 1.130147040773946
4769.323366759449 1.193046614603106
5694.617220065338 0.938512650614613
6739.712308709674 0.8637021290685398
8112.774405945585 0.9621686695145741
3036.895029895164 0.9257301508412247
2490.6184184894937 1.091797622456601
4891.254899887992 1.133086293792899
5969.69118866481 0.9135414570481485
8953.667474446747 1.1762061476159467
4607.927345966271 0.8473585368904859
5123.724128927723 0.8485192061865515
6151.2152173212025 0.9635703671943855
8217.209156261604 0.9454755585997675
7647.937581349807 0.8123178396994989
4515.760119111414 1.0823691850001471
1504.6248741350018 0.9870127763211032
4846.288203624815 0.9112807984195299
7639.598910886568 0.9495510324114346
4354.202451400285 0.9134801427171113
6447.4594482379025 0.8467536141198518
3139.6225904430216 1.0560398627035452
6479.233618924647 1.167333789238396
5560.844673448611 1.0513133556587586
7589.492584465074 0.9384360346057015
5271.786223692777 1.0525256398366751
7779.230974228922 0.810947735391166
4404.439851408708 1.0305037971076496
4091.1724628864868 0.9384473981301453
7025.0584243514895 0.8950880587462214
5163.849588266235 0.9861642538598536
5227.500201836672 0.8886588005414874
5913.12018132388 1.151637456153781
6525.663907765633 1.1947174411298993
3571.158725417434 1.197713838440061
7694.214918751466 0.9396301881772819
6322.595758750718 0.8888693275395416
4983.634770351014 0.8255875041812177
6745.495292564888 0.8288814286538845
7027.452793646119 1.1815880186092922
5878.24070449226 1.1619354440591425
2073.6850948464594 1.0202539108795132
6976.230966337536 1.0061969942021383
5265.592189924236 1.1871561579647438
8344.419880635112 0.8983872115877201
5460.538863311044 1.034917782877899
6283.229868721072 0.8018527277708726
7761.103848736746 1.1753939425279682
6160.398606747979 0.9512763831708134
4813.309692468878 1.1512593798367041
6280.378021307305 0.8003376069685375
6171.783341763835 1.1671568206628296
4222.073543852885 0.8832466452928919
5451.054628187757 1.0812684150190992
7333.433341942573 1.0430124048594878
5187.569957985938 0.9326090743319903
6816.671215422418 0.907238012162061
7195.144255409112 1.0509876330097248
7719.412312051238 0.8336567391169539
2421.7972845044965 1.1822458637833355
5875.5586847981485 1.1859220919745146
3739.544297518007 0.835217884124224
6252.513858060878 1.0084147970259083
4463.8197416009225 1.0219686413636928
7253.884387522675 1.129208021560557
5767.983106887849 0.8869471054398722
8526.163368967076 0.8220817915397604
4003.3999823902764 1.137248953232066
6454.801584868906 1.1878800240289524
6433.88806714579 0.8845321238496976
7397.76136894431 0.907184752982893
3160.0559646393363 0.9088396108452896
9243.045567645542 0.8740672391731075
5815.019014929719 0.9020952485088198
7454.2194015261175 1.1400292241199428
2987.433265713613 0.81454213567762
8155.4490889828085 0.9889951860681787
6449.190210754256 1.028809352683819
7110.3378355539835 0.9674317561238162
4546.181970835969 0.818130740651037
5909.97449667455 1.0060274483134373
7238.5094887563955 1.1796535361688734
6849.234545312641 1.1459248598624967
5570.786702790562 1.1643887445477943
4837.15747851828 0.9000318901105846
7558.900735796367 1.079770261063253
7556.7697064075855 0.8737227971117941
4312.561115353688 0.8174337755585581
4669.15562311851 1.1284882614520613
6892.891451366251 0.9252278592957668
8603.097725181171 1.0256635190756924
