3 100
0.85 142.75159596503886 721 81 64 75 98 68 79 68 86 92 96 83 78 79 96 79 81 91 84 95 94 98 79 77 92 60 61 86 98 86 83 63 71 71 79 81 62 67 94 89 65 88 64 81 69 87 72 66 87 93 73 95 73 94 90 78 78 64 69 96 98 72 75 88 60 68 72 66 89 95 66 64 65 65 95 99 93 82 72 65 95 86 77 97 83 74 92 71 71 80 71 73 69 63 88 62 61 66 97 77 62
0.85 165.57977874312175 765 112 124 110 109 122 139 128 111 114 106 139 116 104 122 138 108 129 124 120 114 113 112 102 126 139 134 103 119 111 126 122 101 115 114 108 135 116 103 120 126 132 132 139 132 128 129 120 139 104 135 137 134 108 116 115 112 114 106 110 116 111 136 115 109 123 112 101 115 127 113 120 109 139 116 101 103 135 131 129 105 126 108 107 129 122 118 119 114 124 107 137 121 123 129 130 106 119 132 121 120
0.85 152.59178438883484 975 88 80 67 98 62 66 83 91 92 87 76 83 90 78 92 74 70 65 75 89 97 89 67 93 73 91 65 94 68 70 94 86 99 83 94 88 64 68 62 60 86 63 80 89 61 69 64 61 70 71 99 67 78 65 73 97 89 88 91 79 70 93 88 71 68 60 84 94 69 92 91 71 97 63 97 64 85 91 72 69 66 67 87 76 85 95 77 99 79 77 79 68 93 88 92 97 88 81 78 65
7771.996352469355 0.9454273498110733
4041.353469188912 0.8669802214478726
6154.150704579567 1.087655841858793
9823.530296110333 1.130106322620811
4706.260374929099 0.9315694960369267
5540.0661646552935 0.981318731587585
4995.295198788864 0.9142477715835541
6398.086383154254 1.0028034046959264
6986.166110007687 1.1241478680892305
5478.793929019523 1.1696133904040908
5917.958572830871 0.9871933510516073
8149.3055703592945 1.1676510622105931
6209.065256005456 1.0710077491152274
1872.2744849939081 0.8221439724365335
5918.018066814427 0.8554612531908411
9095.348660796059 0.9531452100501623
5919.386955910324 1.1691503023392997
8085.74473616674 0.8439283521357609
7531.509248508206 0.968807375684598
5450.470708685237 0.992080255438774
2358.0274970660407 1.1008949075572012
5179.711614467318 1.1950220596734562
5234.801868762629 1.025988510478821
6515.877283335848 0.9232891213184542
3569.8886915368093 0.8538225488470416
8466.63096630228 1.1536628241040296
3486.085565326292 1.0679485945129232
7964.303408792442 0.8692098302099833
4539.131802535155 0.9411020916212969
7171.750506810896 1.0481975565914665
5762.137403887442 0.9596568124685224
7286.86843495104 0.9157081755325689
3814.3638793935597 1.1568901479206306
4663.14360781007 0.9623471065047304
8153.745983351712 0.8741763870943478
7767.06040378718 1.0168804966801013
7931.037443535522 1.0106467507577672
5744.735062713524 1.0343425177119068
2786.2624618008826 1.0327355094601673
4424.758549889482 0.8846006810984668
6232.410900795939 0.8606097105638736
4185.6617544424425 1.1921914354420535
5952.134830165661 0.9771517967338565
7033.82631655248 0.9161354565153533
4877.289020450114 0.9486030251801898
6734.156884853837 0.9171550629931534
7324.181344293367 1.0921923323724136
6309.220250328935 1.1512754913470458
4721.672793659853 0.8662396791042754
4009.2733572551183 1.0624253953799074
7131.572795966992 1.0475155873202668
6371.580742406089 0.9895838481045959
7312.382882695811 1.1314013974672545
7569.023463074419 1.0415874082414527
7881.767946755979 1.1166865750204704
8528.110835699918 1.1441999602481985
5916.69529724534 0.9567448660398226
5282.258794097425 0.9137082440642303
9680.196895980247 0.8739268252778994
6302.673221683752 1.0018083742150312
10954.174973478857 1.130250740753053
7216.193121065082 1.1709028977475842
6167.944634089403 0.8056888208950364
6730.367936893273 1.1703729387168358
6105.248034253302 0.8692580587519158
6915.274817630602 0.8156421067552841
7791.293628116774 0.9189543327398081
6214.716645890893 1.0300409411487703
7583.042766111479 0.8675714704228068
8342.689898934366 1.0831405968072771
6174.658816523557 0.9815058612873847
5263.59007328789 1.0488031306940615
7853.6860398897 0.9635259862526379
7695.769653473352 1.1723796003010374
6086.252901719323 0.8291627798718199
10298.209302864747 1.0886111729910528
5094.930686633068 0.9280886527787546
7511.3587768695525 1.1192691360070275
3093.1430479118803 1.1408415406089003
7027.738733257462 0.9172745691846079
2750.0199669973113 0.9658484815073703
7020.683376640378 0.9751295561092123
6149.769213959124 0.9968389603695886
8173.181633694536 0.8606993397254066
5695.8909975124025 1.0886138379236368
4193.914516889575 0.9241797319021335
5633.016659468876 1.081192033111171
8310.16505762512 0.9979852848599167
3880.204287150714 0.9244405139354464
8436.763949773387 1.0058394298983298
7329.094957607571 1.132757722985969
6674.393078157838 1.1689289631683464
5232.479514190552 0.8396222376497976
7262.592739223357 1.1236264160063951
5641.52988217653 1.0614996459996087
7661.313529906313 0.8224863021524241
6121.521831821307 0.9969152821461833
5276.6222424375055 1.0257177233702022
7067.184087003789 1.0657242648976615
1502.913954552595 0.8719552587846966
