3 100
0.85 138.92153195512404 618 115 126 135 126 112 130 130 122 137 112 107 136 107 114 124 128 135 126 121 128 109 130 106 103 129 136 111 139 100 103 127 117 116 101 126 134 106 120 107 118 138 109 138 136 114 129 107 109 114 124 127 118 124 102 124 133 102 131 123 108 103 129 130 124 119 129 112 134 111 128 102 121 112 134 125 109 136 122 129 105 120 138 123 139 116 104 136 105 115 135 116 124 114 119 127 138 123 124 134 129
0.85 141.10220708383446 789 82 78 95 68 66 67 95 89 63 64 68 75 85 72 76 63 79 83 73 71 71 95 93 80 95 76 66 60 60 65 64 63 90 88 89 82 66 80 74 77 76 98 68 79 85 94 67 87 66 61 81 61 65 93 67 67 69 89 70 90 92 92 72 65 94 60 94 66 76 75 85 71 88 68 60 83 64 90 76 95 89 67 93 77 65 99 90 66 81 81 78 97 70 67 88 94 79 90 92 77
0.85 125.24850085142612 838 63 81 96 92 91 80 94 91 96 68 95 99 85 88 72 85 72 96 67 63 64 83 94 66 76 85 88 70 84 73 74 70 86 88 86 78 82 95 95 61 78 74 70 78 75 88 94 82 60 67 82 61 68 72 86 77 85 93 89 80 68 73 85 94 99 84 98 79 85 63 89 64 93 60 67 70 89 87 91 78 89 78 87 86 72 67 79 62 75 67 77 97 87 71 87 89 71 99 72 94
6089.744074174538 0.8024583541064753
7838.808090941925 0.980507765227819
6991.273847840381 0.8864504861753245
10546.218249027579 1.1786753717214808
8174.004143583355 0.8576396292018458
4984.41339397806 1.0495141958198968
5817.435891454166 0.8141895470365564
8696.292199248295 1.1504596060885297
6794.051869845416 0.9965903345204952
6399.104665792695 0.9451406359850814
6161.254830017785 1.0513072230689466
7629.747049139519 0.9416510984057487
10904.671485709969 0.8492664880601254
8282.79629689783 0.9711734872534292
7324.172872596098 1.157688785035785
8622.342050650708 1.1647629557630932
8188.409504853285 0.9352388845566776
6831.9230845577085 0.941085799337079
5600.13909840035 1.1313133348349567
7543.903154870175 1.1569488814830156
4635.629351765259 0.806988647299193
3699.0903874936544 0.8019264261922283
5958.985192710907 0.8125108145654387
6381.651703285544 1.100182875527672
5857.232585830047 0.8774681811834866
9028.415887027044 1.1620431407262206
4396.198316653389 0.8714973760873024
5916.311930368639 0.9976756954900601
5626.971622345372 1.0772918455837122
6993.367305828567 0.8288853765134013
5448.937229975864 0.9192899056225523
8272.53461487448 1.0496280351631713
5469.997671224487 1.0610130566426192
7967.019200696546 0.9623048434376344
4991.954050764954 1.0662112713587457
7435.450220263242 1.0473539303781074
8962.554397089414 1.149019403076216
4790.991849097553 0.8006219826181239
6102.024229143225 0.9892119686289497
7195.275183140835 0.8052220440453801
6955.819624533526 1.1904117544568742
6767.493379729844 1.0961752591542706
6131.208617796944 0.9274143690387227
9412.260901298752 0.9156065620853012
1790.744000034667 0.8593874543436986
6974.214349228498 0.8674707455696732
8207.738728824803 0.9682616538903155
7736.399898535842 1.0864003105637534
5555.441874251409 0.9431123465586446
7275.692832224163 0.9017694176435955
9058.50964181365 0.9573106853179494
6284.950992349212 1.1900037361891684
6940.079758117951 0.9878245513269592
5807.800247353571 0.9613014499505844
8454.837328524165 1.0707584508480852
6292.99128192145 0.9933079957039852
6118.2797813656 1.0407521529061001
6746.593818943622 1.0321942158668367
5800.422667179814 1.1342988911273735
6905.949961450939 1.0237763278118648
6173.094813606886 0.8996720641164491
9969.891032373976 1.136891729400347
7947.129573424865 0.9816906420339102
4918.071066399217 0.8908475698065573
6396.429687443069 1.0260439945535205
8610.821972496566 0.9387221483152419
7369.526033472264 1.1112405024229073
5207.750853948452 1.157281866560932
8225.485699202674 1.0814809728370842
6175.438727462002 1.1204744451248647
4958.663933045343 1.0655681670116488
7963.622169643657 1.1284260863446183
6400.396710980799 1.1781865243653955
8921.0888189385 1.0695813336206499
5049.752032895947 1.097658186833786
8237.302918288553 0.8683680241618048
6486.777345982958 0.9581953748704242
9979.730185994204 0.9663437885606985
4129.8907373365055 1.0820141975100668
5061.576385039508 1.0497484819022502
7376.429221827434 1.1951403109113818
4819.7943606644585 0.8740916108214
8200.334146290497 1.0993249428415597
8672.846708047755 0.8766473830808293
7145.40544086833 0.8556304104624288
5758.424223553544 0.820091156929348
7241.441839999117 0.9874418728919387
7574.3024746110095 0.8952885851444196
8128.817068037155 0.9378143730179158
6033.664248785729 0.85528712820825
6396.694561995467 0.8685729728599632
9228.632682491689 1.1820338769442778
4075.6371310542345 0.9519331915842759
5754.942404758848 0.9791511075562533
8371.771957333902 0.869754515287956
6052.167540524514 1.1778059169915425
4750.057289252983 1.0750329923126525
4833.038558770719 0.9840085683600968
5301.439463299432 1.1821253073452347
6346.336863852273 0.8825647622360758
