3 100
0.85 169.22012294042156 605 73 69 75 84 87 92 77 67 90 65 96 83 76 78 65 91 90 71 75 66 70 98 96 78 77 85 99 98 99 81 60 68 67 67 63 79 90 99 79 90 98 93 97 60 87 91 86 87 88 62 63 97 94 65 99 63 68 68 73 88 89 69 67 65 76 63 97 86 66 88 69 67 86 89 98 85 76 78 64 60 78 96 75 79 68 63 67 65 67 97 74 94 71 64 68 95 60 75 78 74
0.85 177.33412377657197 634 102 121 100 105 127 111 103 135 109 121 139 100 104 114 122 139 132 111 126 133 107 139 100 112 100 123 128 138 112 135 115 134 105 133 123 101 115 114 133 108 106 117 133 131 138 136 111 131 136 123 134 121 106 132 130 124 115 100 107 117 108 102 123 128 132 138 126 134 117 125 138 113 132 116 117 119 114 139 100 126 124 127 131 105 114 134 112 117 110 110 116 132 102 108 133 108 124 119 126 130
0.85 123.30434853850711 992 76 62 66 77 83 68 73 84 79 99 76 86 95 91 62 85 68 63 73 72 79 92 87 69 85 86 97 93 75 74 76 82 87 62 70 87 93 96 92 83 65 79 88 74 78 75 77 66 77 76 87 68 94 69 75 86 93 85 66 69 73 60 71 67 75 87 61 71 69 74 74 71 67 94 99 82 76 73 77 87 93 67 66 61 61 74 61 65 88 77 86 80 81 62 60 70 93 90 80 98
6185.298416388866 0.8584509636514606
7543.449700390239 0.8128914825950525
4342.932295554922 0.9397726178749121
6073.220557231396 1.0029317968065965
4485.600889714034 1.0475211007741405
5236.707754108832 0.8514012619305555
7958.0110711184125 0.9297940508937578
9375.459089882592 0.9566304311880077
8264.193289848406 1.1296463337615126
7876.682064836543 0.9505506963777671
7829.022808816634 1.074418924227188
5102.910498655353 1.0691096567199871
7321.424611367369 0.9333047237281646
7317.54311767494 1.052510907458311
8067.989618927305 0.8500593731693297
4937.617992747871 0.882970941356737
4817.60190533977 0.9805390035873018
6076.55551234628 0.9044420180300322
5408.992141781875 1.1767077778480377
3126.1628753509845 1.0981656520690681
7936.855137253421 0.920275274193622
5623.855600590605 0.8079311249120033
6871.464725580076 1.1788198469829028
4109.833284577981 0.8110537668233296
8817.474857492314 1.1842186113298978
4707.050545469817 0.920128211093765
6809.073821134123 0.9822928783809636
4287.056550592368 1.0640192605997074
6909.521537275429 1.067900395457514
4764.949665306461 0.9891350236910322
5313.934070584503 0.9077734588160732
3870.7502749514238 1.03735946135014
5424.349327001108 1.1935739454677523
8535.84891191497 1.174845308536554
7006.572491007445 0.9213110847926118
6409.212368907131 0.9527497524857058
6486.772019642 0.9319861383784962
6894.647190045239 1.0304182439431506
3551.108570638707 1.1340369203214047
6124.443992576464 0.9154312660780926
6553.824159504637 0.8640954398003868
8317.100700463467 1.0549892421320777
7290.499866064889 0.9510170652988315
6397.4898630199805 1.0296747940649855
6827.78475741988 1.052929844199746
8112.540407560204 1.1977093162958141
4371.031297751519 0.9394997696746294
5843.707919093935 0.8363780856474307
4881.726425041427 0.9462369423266246
4002.7500495914123 0.9706105705303056
4491.090326702808 0.8706470151370755
6919.681242208428 1.1924153119857992
6295.388171124567 1.062270492001005
6074.593582827926 1.1376717441153423
2957.2805969205 1.1511389560888485
7779.682356056519 1.0606913157517672
7794.5700729650125 0.8294610586915254
9656.876772396254 0.9463610003081899
6126.140524861781 0.8255137888324532
7071.6748867808865 0.8695831397696929
5408.443253494341 1.0258227188365303
9017.181064208633 1.1821986983158967
5097.6732206133765 0.9261360606745834
6529.044105577997 0.969561195685092
4789.016073973473 0.8260921878645178
11667.076157909534 1.0821818479085583
4783.937868418321 0.8035780608106169
6155.25325110051 0.8065680242953656
8273.710046138727 1.186356266031708
6600.1976456421235 0.8077840875592031
4291.047278454793 1.0295854617883882
7009.9565441474615 0.9813633943315847
6971.4743877916135 0.8077825503803524
7154.657411317431 1.0414944371576873
3613.2361845864507 1.0614248839300138
7455.720154085515 0.9966194841695869
7548.020928088117 0.870656475044907
6273.004256951502 0.966771415623473
7270.020534508836 0.9216702934028258
6728.52197324358 0.9244624892749396
5595.391988639286 1.087713150777243
3860.662545576283 1.187087777702576
5376.699764003446 1.05798496735974
3837.7334530395383 0.8598743851723032
6652.500652449307 0.8159991848666674
6840.546170991705 1.0851299646739294
5379.925456799752 0.9450631177905143
7087.004804647342 1.0250809789961788
6581.255448022268 1.118564542755908
8662.400658081207 1.1317451963813272
4262.305851889714 1.0203347641170093
7708.581787736263 1.0221641835326158
7807.386265004113 1.1193031545621412
2910.971277033074 1.0784300830441773
6833.4813178567765 0.9919307643708538
6438.916597682144 1.0254210812756768
6758.645313021088 1.126748259655496
7721.70515896953 0.8786413879569325
5234.0425040587215 1.1845533534910104
3493.8634079482076 1.1405072130664364
