3 50
0.8888813697892768 143.52289239770673 527 127 125 125 122 111 101 112 102 123 139 109 123 117 105 115 108 113 119 107 138 129 115 105 116 109 133 124 125 114 118 109 121 139 122 132 115 109 127 111 127 133 100 103 116 122 118 127 126 118 103
0.8233679302318294 174.20244214921158 637 86 83 89 71 63 67 94 87 95 68 69 85 98 61 95 81 96 64 64 68 93 96 91 99 81 99 72 60 95 71 93 84 74 78 77 95 60 81 96 77 94 98 90 93 73 85 85 75 69 67
0.8514718012249276 159.39320598826384 880 63 91 66 67 67 70 79 68 71 93 78 92 61 61 80 89 87 67 83 83 89 88 91 91 74 66 93 89 65 87 66 87 61 94 80 81 91 72 80 94 73 76 82 77 70 79 66 84 95 91
3533.2113211412757 1.0
2655.832444904916 1.0
2686.3349885401913 1.0
2580.021590033727 1.0
3489.25239038193 1.0
4475.058263842884 1.0
4613.969163885604 1.0
3552.1986351290216 1.0
4837.094022879564 1.0
4412.521916915962 1.0
3900.817286467758 1.0
2815.3589064049715 1.0
4350.915161062792 1.0
4834.739361318652 1.0
1315.1691752136844 1.0
3621.2193486900146 1.0
4333.7111131028805 1.0
1379.0684937818564 1.0
2567.2799800393777 1.0
2090.13424011779 1.0
4898.195702616511 1.0
4595.70609353134 1.0
4782.945233216332 1.0
2650.408337160009 1.0
3699.394832208586 1.0
4046.1007246200893 1.0
3466.2347676095224 1.0
5060.161736541923 1.0
2829.499062056112 1.0
4707.979111783308 1.0
2919.9021611832495 1.0
4136.495791856043 1.0
5392.2764012114185 1.0
4928.211366695206 1.0
5491.213101224514 1.0
3040.006258606628 1.0
1587.2926379973878 1.0
2962.793592207978 1.0
1682.7221944911034 1.0
3750.558974352429 1.0
3157.751258502836 1.0
3561.7047850013787 1.0
2597.5842851214848 1.0
4097.921314978631 1.0
4203.799332598652 1.0
3910.5110066370403 1.0
2887.3020135356014 1.0
2648.2715525559965 1.0
4519.638852448314 1.0
3472.298513645449 1.0
