3 50
0.8992840250737459 179.88087659243172 625 112 132 121 112 128 131 113 132 136 128 124 104 104 136 132 128 139 117 126 118 127 132 127 139 110 129 133 116 114 101 125 106 103 127 132 111 130 122 112 124 130 109 100 110 122 112 118 139 109 133
0.8968322066238145 126.45439250195412 647 96 80 68 98 88 93 88 98 81 79 77 62 87 84 73 81 91 84 99 97 68 81 77 92 71 69 83 97 80 68 66 81 94 65 69 79 70 82 63 78 92 99 63 68 77 85 68 95 91 65
0.8999241119008398 132.67646766789653 717 80 88 79 93 71 94 75 80 80 90 63 73 62 92 83 78 99 76 80 86 77 82 88 97 60 70 82 75 96 89 65 78 68 84 80 83 95 93 62 84 83 72 63 73 92 88 65 76 76 70
3915.0622203697567 1.0
2562.33933411917 1.0
4681.774787033344 1.0
3850.9755119106867 1.0
4001.1791423782192 1.0
2032.5867238834767 1.0
3202.7630451035493 1.0
3914.54068911173 1.0
1709.0017097943228 1.0
3666.4934849333376 1.0
3123.989236553097 1.0
4691.446975242195 1.0
3403.5571063906605 1.0
3826.628810251926 1.0
3294.6880976993366 1.0
6099.809491367304 1.0
3446.014983557236 1.0
3985.124621556771 1.0
2984.66609028362 1.0
2892.26654351161 1.0
2082.598210934072 1.0
4231.874533973143 1.0
4441.488065307554 1.0
5439.376067705125 1.0
5322.192604719698 1.0
2666.3383212140698 1.0
3467.5743160635175 1.0
3776.8358041466854 1.0
4645.334562354657 1.0
1523.5373906224186 1.0
5690.215985834618 1.0
2344.3290407068725 1.0
2730.3602846552694 1.0
4479.349249062535 1.0
1051.358442214736 1.0
2570.4457754715313 1.0
3259.282097329602 1.0
4610.955991365992 1.0
3847.86486202196 1.0
4371.621830741055 1.0
3384.128198062203 1.0
3556.804643903152 1.0
3424.573169842769 1.0
3599.3461154954393 1.0
2464.0781703950224 1.0
3122.915958990209 1.0
4390.95080845883 1.0
3312.6418374136197 1.0
2916.91201200851 1.0
4477.224718291817 1.0
