3 50
0.8298822942762882 158.76614778283874 672 97 74 98 62 78 81 89 68 90 62 81 68 78 93 88 67 88 65 92 90 68 89 94 78 93 77 95 92 88 76 98 96 60 78 67 89 84 89 66 66 81 80 67 66 71 72 93 74 65 92
0.8262458564643579 177.74305973819412 716 61 97 63 75 65 66 91 64 71 73 84 98 65 93 64 60 62 91 91 81 97 91 95 85 63 70 76 93 82 96 63 72 80 81 68 74 85 75 95 87 87 91 97 95 85 66 63 86 96 93
0.8376626930428842 149.14977038966111 741 124 116 113 118 134 135 135 120 101 126 121 137 118 111 131 133 135 107 135 101 121 134 114 119 107 103 113 128 122 115 130 105 132 139 133 100 109 119 122 133 129 114 113 123 113 123 109 126 129 105
4560.482488326056 1.0
2494.5082877556197 1.0
4059.6097156095907 1.0
3973.466920089466 1.0
3513.1108608126315 1.0
2569.4380010785703 1.0
4641.444762408588 1.0
2894.4119483603877 1.0
1961.6013089732612 1.0
2491.675705553975 1.0
2821.225544055908 1.0
3346.3782155802082 1.0
3416.5962764323713 1.0
2994.986047356996 1.0
3701.7940662511137 1.0
4363.467143681826 1.0
3446.985705676146 1.0
3037.2443703253707 1.0
1600.4443598139417 1.0
3908.0378651753117 1.0
2819.4742826205165 1.0
2395.0063859161314 1.0
2250.980492768203 1.0
2630.7246838996734 1.0
1081.7207065467644 1.0
2645.7101847852628 1.0
2947.748823049912 1.0
2866.6846618718964 1.0
3846.4250440063256 1.0
1818.2748289556196 1.0
4478.799531070439 1.0
2604.9970551056012 1.0
4202.347347892577 1.0
2730.6928792450244 1.0
2892.874840447539 1.0
3622.8092775693626 1.0
3652.648698199116 1.0
2637.9689865732034 1.0
4286.27306256771 1.0
3482.718333132114 1.0
3655.007080134007 1.0
1068.5167067065113 1.0
3039.8680490586657 1.0
3126.3727142435214 1.0
4340.530599088183 1.0
2955.8265453380645 1.0
3614.1668549292062 1.0
2608.4708380844904 1.0
3432.664844843352 1.0
2678.599875855665 1.0
