3 50
0.8033301579208543 121.15866917372692 914 76 95 82 93 96 97 89 85 93 95 87 97 71 81 98 81 77 92 89 69 77 90 97 88 99 88 63 87 68 72 76 64 97 92 87 84 80 88 97 63 93 94 77 95 75 71 69 83 83 70
0.8759556858631213 176.24991498449728 975 97 98 64 93 76 84 82 62 73 65 65 66 81 76 60 71 60 62 93 63 66 61 72 93 68 64 90 93 62 95 86 81 71 77 67 83 90 72 63 95 99 80 84 60 60 78 60 64 79 74
0.810111831379051 143.82313357669534 989 132 127 104 125 100 114 135 126 112 130 130 111 123 135 115 133 107 104 120 131 106 120 137 113 110 132 117 118 113 111 119 116 122 112 134 133 123 109 106 137 101 116 101 135 119 100 130 115 131 127
4332.446209690163 1.0
3005.769317299186 1.0
2735.003646272374 1.0
4628.3983344406215 1.0
3907.7789116280765 1.0
3558.669996090359 1.0
2666.771883178555 1.0
3643.586168961233 1.0
2568.7048729062517 1.0
3608.694310585411 1.0
2320.8201295665467 1.0
4465.766392161149 1.0
3907.19658326583 1.0
4884.659050940645 1.0
2847.556469970252 1.0
1908.1924042232747 1.0
3944.9962021077854 1.0
3828.6359433312705 1.0
3464.4634011395115 1.0
3665.670601233473 1.0
2762.550236274438 1.0
4387.304536643259 1.0
4162.834585586638 1.0
2359.4345981578354 1.0
3409.350061518305 1.0
3912.2497332300363 1.0
4235.8577766249255 1.0
2877.4151653634453 1.0
5841.14005528073 1.0
4508.227872499683 1.0
3504.3334603788066 1.0
1737.6984278500959 1.0
3217.061593830517 1.0
3393.8316909809214 1.0
2571.4947926973823 1.0
3909.5252191387353 1.0
5009.33030478324 1.0
3116.4148726657613 1.0
3398.5879500700166 1.0
3423.7002083562347 1.0
2770.2751256964034 1.0
4292.918829734693 1.0
3212.5610570579092 1.0
3199.767819751687 1.0
2962.866915740921 1.0
2710.068765703272 1.0
3491.469021963253 1.0
4178.690883244283 1.0
5045.645295828273 1.0
3759.111468103827 1.0
