3 50
0.8221139746715347 161.39820146171115 550 99 62 76 90 61 64 66 70 69 69 63 93 87 91 86 99 65 82 75 96 84 84 99 82 91 62 80 74 62 92 60 61 80 89 70 81 62 61 72 76 81 87 94 97 87 94 86 88 89 80
0.864120873232427 176.6931658904333 783 67 88 75 94 77 96 75 72 82 64 96 66 62 74 97 99 87 64 93 73 76 90 68 75 81 99 79 91 86 62 69 69 78 68 92 73 67 70 77 61 72 69 62 60 67 76 62 73 67 84
0.8643962094979301 156.11300930928445 821 110 132 118 137 116 137 111 121 127 104 139 110 108 123 129 116 131 108 115 128 106 128 133 115 106 113 111 113 130 106 124 129 136 122 106 139 125 119 116 135 100 118 105 114 129 125 120 107 115 137
4972.898682124414 1.0
3189.4352821058983 1.0
1790.004937557076 1.0
3020.641383370717 1.0
3035.328655295202 1.0
1390.7502466186465 1.0
2950.372037395757 1.0
2393.7153983808985 1.0
2293.4964108999347 1.0
3471.097887783754 1.0
4031.066778253931 1.0
2698.2430323730155 1.0
2535.5119835650808 1.0
3590.631770161148 1.0
2373.2381803483136 1.0
3796.976486131011 1.0
2839.011039636451 1.0
2283.459521917096 1.0
1423.8105341462945 1.0
4287.789316682001 1.0
3015.758738049006 1.0
2371.6584494629847 1.0
3273.230958879133 1.0
4792.854408163528 1.0
3204.1312313751687 1.0
2965.155421208282 1.0
3317.280738941774 1.0
3393.779481930467 1.0
2328.0823709315414 1.0
4313.059735730331 1.0
3512.3983304085286 1.0
1715.7294717720004 1.0
2608.8736126044923 1.0
3504.0917987203875 1.0
3948.074433498361 1.0
3349.71859961676 1.0
2758.682102412992 1.0
2786.585067595452 1.0
2861.1278251513327 1.0
2275.107372290058 1.0
3092.624778816608 1.0
3119.017190546178 1.0
1668.7804324360216 1.0
2644.6845677720357 1.0
3498.84379966833 1.0
2845.753248221028 1.0
3110.8053320442527 1.0
3510.835241096369 1.0
4048.787787454671 1.0
2389.0007994377547 1.0
