3 50
0.8913184672729629 170.07826103571392 669 88 76 89 66 84 97 63 76 84 88 93 88 92 88 75 77 93 75 82 70 62 86 76 75 78 72 67 90 72 62 90 80 98 66 96 79 64 99 81 86 75 60 89 65 76 93 71 76 71 61
0.8964241363419686 169.2026747431737 749 101 107 139 136 111 107 104 112 131 133 107 113 111 136 128 100 116 104 134 121 131 137 105 115 129 110 113 102 122 100 133 116 111 125 136 119 128 110 107 119 119 100 120 116 112 108 113 116 121 111
0.8233398684592582 154.53793530851988 827 98 66 96 87 86 84 85 91 92 85 90 90 74 74 82 97 65 92 90 83 81 93 71 82 90 92 85 67 90 81 74 80 63 88 71 64 89 99 72 69 73 90 66 89 76 83 98 87 82 80
3315.986743738205 1.0
2565.25087588476 1.0
4442.141614936197 1.0
2987.317146967664 1.0
3115.1056537831178 1.0
3943.2366815436817 1.0
3415.0960718065 1.0
2862.256161235827 1.0
3982.030938252843 1.0
2937.2182116262857 1.0
4302.871372947027 1.0
2445.998123440975 1.0
2967.0752364338773 1.0
2381.6220027876943 1.0
2424.6662820469633 1.0
3298.4068903171915 1.0
3357.0712557769834 1.0
3595.2059395291303 1.0
3750.336170397913 1.0
4347.0862131217755 1.0
3306.2052772147504 1.0
3878.4922121790846 1.0
3626.87594962797 1.0
2959.872859335358 1.0
2862.403244648409 1.0
3159.8594188119346 1.0
2100.258650003432 1.0
1447.6777933840551 1.0
2466.2282049689848 1.0
3182.628404575378 1.0
4127.795392791336 1.0
1891.6439794994708 1.0
3918.592678321664 1.0
3618.6618021314143 1.0
3798.97385605655 1.0
3694.7087617628154 1.0
3907.199860939005 1.0
1989.8190737479006 1.0
3193.6906729360385 1.0
3333.6541869506036 1.0
2220.172459024596 1.0
2953.0882223793083 1.0
3121.9327496673036 1.0
3804.923750029182 1.0
2847.232437861002 1.0
3108.5572112410446 1.0
1849.9085365283952 1.0
3739.613263793793 1.0
3330.711903934909 1.0
3771.184244564067 1.0
