3 50
0.8458316057488299 150.26281841690516 709 132 132 137 135 101 126 121 136 104 131 122 103 100 113 138 107 120 116 138 112 133 115 139 101 114 115 130 113 101 103 111 118 132 135 132 128 127 137 129 131 107 129 112 130 119 111 121 113 137 133
0.8708873678594227 139.0100946523422 748 79 94 72 86 70 86 61 60 92 81 89 77 89 80 85 72 74 70 72 90 99 91 66 78 89 74 64 77 76 65 88 73 71 68 81 67 70 83 80 64 85 83 73 61 79 86 68 60 66 72
0.8458336497382881 176.41897412451678 972 89 84 90 96 63 84 70 79 93 74 62 83 88 82 62 90 92 61 76 65 73 96 73 70 80 61 68 96 71 88 67 71 63 82 63 64 74 63 77 89 72 96 88 91 90 66 93 94 76 64
5315.8354600736875 1.0
2546.102844162615 1.0
2815.0995051624755 1.0
1867.952589169945 1.0
4476.487068200735 1.0
4356.09421827959 1.0
3307.771185047006 1.0
3577.208787882775 1.0
3681.3446294219393 1.0
4732.881408944591 1.0
3254.5869752254102 1.0
6167.869209938666 1.0
2349.6139261350927 1.0
4757.810364007069 1.0
3861.119492066039 1.0
4900.978790960075 1.0
4991.559341846134 1.0
3757.82386048306 1.0
3905.3870308077967 1.0
7229.45095387288 1.0
2782.3524149464392 1.0
3276.571091486357 1.0
3428.9066077796106 1.0
2794.2433152240756 1.0
6447.349936757212 1.0
3790.9552575793523 1.0
3770.0967274555965 1.0
2866.401556901578 1.0
5532.304529089698 1.0
4007.7925925560903 1.0
4532.923547700779 1.0
2199.494335336124 1.0
4551.109574677909 1.0
3230.456148545968 1.0
5119.7930109335175 1.0
3747.592368486498 1.0
4453.92127340891 1.0
3989.245979781415 1.0
5723.224030017703 1.0
4208.281079976081 1.0
4204.66944076161 1.0
4209.578557753597 1.0
5624.527347893686 1.0
4398.954164881314 1.0
2858.9721816105985 1.0
5231.115203181414 1.0
4345.414716460717 1.0
3563.4216854812485 1.0
3475.659007821411 1.0
4641.605211469074 1.0
