3 50
0.876248306475492 151.89791954241923 565 136 113 106 128 104 113 106 136 112 110 109 102 129 114 123 119 102 139 109 122 131 135 119 107 126 106 102 117 122 132 114 111 118 129 133 129 102 111 136 134 109 122 135 135 127 126 114 122 135 110
0.8482021546393277 121.43470017059619 703 94 86 98 69 81 68 86 98 83 84 90 89 90 82 71 66 98 83 96 94 99 99 85 88 78 94 87 61 80 98 76 95 66 77 72 69 96 70 75 67 79 78 94 75 69 84 70 88 87 92
0.8001776506581472 179.79276619736333 788 60 71 98 97 60 77 92 90 81 90 94 66 82 88 74 93 82 92 94 92 98 85 73 87 79 67 92 64 88 60 72 92 99 94 84 95 62 84 92 76 86 95 84 98 94 88 86 79 87 81
2750.059083753672 1.0
2565.42483032785 1.0
3428.244860594723 1.0
2335.4411087590665 1.0
4010.3645479086804 1.0
4721.299763793077 1.0
2796.7979125515944 1.0
4600.361791849765 1.0
2325.783355809968 1.0
4883.231476881327 1.0
4206.9859950043765 1.0
4169.604942529531 1.0
3816.4588760779325 1.0
3180.641544072454 1.0
4391.8647184734655 1.0
4217.01030357265 1.0
4993.085256489902 1.0
2918.662471046877 1.0
2453.4265195735734 1.0
4057.3180320932474 1.0
3123.6343468218797 1.0
4436.054019574466 1.0
4147.031481165571 1.0
3198.3214605226995 1.0
4556.19966268308 1.0
5871.041807404321 1.0
3504.6900751197336 1.0
3723.3818498566034 1.0
1418.104153334918 1.0
3098.0375865070982 1.0
2926.477505536524 1.0
5797.134364386311 1.0
2919.2584653890826 1.0
3595.692218303419 1.0
4336.481707206258 1.0
4598.914615560389 1.0
3280.8156689148664 1.0
2955.775733348941 1.0
4587.037243637413 1.0
2418.3683007970394 1.0
4951.829737013345 1.0
3085.6648627205595 1.0
5080.416353732688 1.0
3756.755933592167 1.0
3514.958175466536 1.0
3142.7791816405525 1.0
3601.0485916443895 1.0
1910.8272017445192 1.0
3205.6138581329733 1.0
4290.167685622023 1.0
