3 50
0.8164963657328338 168.37955287754465 545 69 65 80 69 96 71 71 67 96 65 88 93 91 70 94 92 83 60 82 75 67 91 92 97 60 69 67 69 60 85 63 87 91 82 99 67 99 76 92 66 61 75 93 78 62 79 69 62 63 76
0.8815013947610046 156.67714371177556 914 104 105 129 119 134 105 104 133 121 129 106 110 105 116 111 114 137 118 116 128 113 133 127 136 136 110 118 118 115 139 100 133 123 117 111 124 128 108 131 116 131 131 112 127 105 102 126 138 119 118
0.8868864391643659 139.7051476031976 946 97 99 91 89 85 99 83 62 98 96 89 99 87 60 90 81 78 77 96 88 65 86 71 79 98 63 91 77 92 64 70 94 88 80 93 99 95 98 94 87 61 69 70 79 96 61 68 98 77 61
2472.8504322805893 1.0
2986.5730414389973 1.0
2340.079400460889 1.0
3030.7466206673307 1.0
4417.511284934282 1.0
3813.4769589148964 1.0
3832.7619858496055 1.0
3649.084187162877 1.0
2548.623666286355 1.0
3528.766976376232 1.0
3337.6717321849983 1.0
3417.167976532606 1.0
4653.33095556203 1.0
3433.944632353469 1.0
3875.750200267535 1.0
3214.6067748906944 1.0
3767.9172382031375 1.0
2833.6263082455152 1.0
2923.3995865881407 1.0
3231.58208800274 1.0
3614.448392318058 1.0
3995.584753849987 1.0
4560.628022899244 1.0
3082.4986399826607 1.0
4028.321862318156 1.0
2853.612408597227 1.0
2705.207735478843 1.0
3850.4811318210504 1.0
2759.522751867013 1.0
3959.2718813129663 1.0
4111.17124836101 1.0
3800.0713375551195 1.0
4312.531823327787 1.0
5396.459997892077 1.0
3129.6950894147462 1.0
3493.9546349124353 1.0
3997.374572328657 1.0
4552.256290711033 1.0
2842.1849061019275 1.0
4100.811489124055 1.0
3846.784335491497 1.0
4276.596936853706 1.0
4271.501033859308 1.0
3612.646967344488 1.0
4912.680684367986 1.0
3330.3640139786653 1.0
4030.79142864882 1.0
3495.601373462765 1.0
2925.4800121065964 1.0
3168.6506067953974 1.0
