3 15
0.8343531783389977 136.58822845432945 618 101 135 108 127 118 128 126 122 112 105 108 117 139 114 131
0.8297411215948102 128.33412959118243 633 73 96 85 88 95 68 81 60 73 79 72 75 88 69 85
0.8985805272159401 160.66396122604158 828 79 85 70 74 62 62 90 70 87 81 83 72 76 94 91
2320.0101765752065 1.0075448102722682
2812.051100289409 0.9029114042005325
1445.5533760759813 1.184555651131038
2004.9060486941735 1.0830737482812975
1866.3504221613612 1.283571984273299
1741.8674492886519 0.8514131379143538
1489.9710069545113 1.3425742597489045
1695.5687768846676 1.2584996462966773
1160.3585666654908 0.6922823054536169
1722.3068713984044 1.139164496846735
1536.823124223094 1.2559570451882163
2285.8792631395336 1.3205400195275612
2450.6092164345932 1.1615796040273587
1120.421284202518 1.0396989859291
2729.117542000417 0.76739775609446
