3 15
0.8138988419983564 131.60900727420645 541 113 104 114 112 114 109 113 104 118 125 110 117 114 130 110
0.8322272393687518 125.15606337188339 722 68 99 75 71 98 84 66 76 88 69 83 88 72 66 61
0.8079777610815526 130.95987699779943 820 73 98 65 94 90 85 90 77 89 88 91 96 72 83 70
2202.2979981502367 0.9557207798797824
1684.692642842297 1.341309994993351
1563.1360465137975 0.6017894218413479
1249.0520226318233 0.807172678249187
1275.0396557507518 0.8515326937426074
2109.584557053657 0.7609967076204863
1966.7942128919626 1.3138194767426756
1102.900856897573 1.0577207287982535
1464.0421171460907 0.8848114368394051
1645.5563146677553 1.2052902773006071
1897.6307792238265 1.326403502068
2122.4074395115913 0.8664850601347737
2495.84880473477 1.2163871376805964
2056.37828055484 0.8678444378080051
1365.490889864163 1.0300981675808958
