3 15
0.8229686870366044 162.93085445348146 534 136 108 119 135 119 111 138 139 103 139 131 122 108 124 130
0.861358598680183 142.8596004083592 649 74 87 99 60 84 86 98 81 85 65 69 81 62 86 88
0.8420368307285662 144.2316713014822 961 87 81 63 99 79 75 99 92 87 75 83 75 77 73 91
1736.9208560468758 0.6223436349299397
2065.6434451458654 0.728334209536506
1521.4333975165684 0.7637011729279889
1669.2043010975706 0.8937189524982718
1708.9653021788654 1.3489890768719517
2432.8090392888826 1.2213437168217365
1333.281467047401 1.3376554776556386
2396.06277794829 1.07363645468968
2783.4132916946737 0.8920068319791922
2523.001240554954 0.7329953793497427
2186.093673802752 0.9205716450019285
1736.363458719664 1.0269792904175572
1767.3111361587933 1.2223719387754943
1661.5371521300176 0.6676883411833777
2068.7585505952184 0.659968227291652
