3 15
0.8059691125606446 149.1074207508744 587 119 114 104 111 125 115 112 137 101 107 125 127 108 120 100
0.8469871068352259 167.68711518679925 610 71 68 91 87 75 68 99 69 60 89 95 64 87 69 78
0.8812585664184189 124.21794190924304 852 83 67 87 83 70 61 92 97 72 69 87 72 86 85 76
1830.4798684393077 1.319944982116563
2903.840157417592 0.7512293081979909
1095.088568831607 0.807173232379533
2615.2641898100246 0.7013635397018392
2447.7992754165452 0.6186198431789066
1603.7989093615383 1.372948752819932
2206.8145073655787 1.106930826521537
1492.8004052591468 1.3530727003405083
2137.420038784452 0.7229534431238113
1400.5428871819706 0.9433126187985998
1981.8949365331964 1.2585670665258677
1326.5896320720212 0.784020737746181
1933.7106219459924 1.1790691265152677
1862.1865789644305 1.2929667394594195
1013.6899480689598 1.3202670821591738
