3 15
0.8673312662474076 136.610162578386 576 90 76 62 61 69 73 74 94 93 92 67 76 86 72 82
0.8784008841369919 165.39260865613426 697 132 103 135 129 120 134 125 136 109 123 128 106 107 128 114
0.8314849851411202 139.92272878635987 812 84 70 80 72 92 61 90 71 79 96 72 67 83 69 81
1511.5657216291056 0.6954958123307842
1185.3109745892357 0.7398616358505166
1416.134684477623 1.387553163199897
1816.2273853921877 0.93412812818992
1987.0967286011014 1.1848339289846856
1875.409304771873 0.9502128294607204
1300.7939467892115 0.8932203288508255
1877.0520170451866 1.0446910107718477
2227.987303533455 0.8125389392147824
1150.615888864377 1.0089532830009194
1753.8849699163063 0.8655390818500824
2396.8964033765724 1.1803147539738337
1118.3220678260254 1.2063493518412924
1727.6312218326395 1.012714694402618
1906.0315627504658 1.025335472846184
