3 15
0.8989411895083204 121.06247449857693 722 63 74 77 73 66 69 63 95 76 86 85 73 89 90 91
0.8879827210973072 171.07582877243166 902 105 105 136 133 131 135 106 106 107 117 100 138 121 135 111
0.8664941459719374 131.4050003924607 902 79 63 97 81 60 82 89 94 98 68 96 77 76 81 67
1345.7761579896828 1.3608961883975668
2387.7120918925016 0.8994119145878949
2327.675132973305 0.6041311401541428
2558.1823748806855 0.8320173887378005
1663.5334103924913 0.7430053071055944
1189.3436498599233 1.0404236034888246
1516.1822536369787 1.0281841030385956
2678.9807687862567 1.254336040999496
2291.248606934376 0.6389602111990015
1616.6806917487186 1.2089530690163366
1833.2685033415687 0.6969061927444187
1609.3690709192813 1.096288143600536
1155.0242619934052 0.9497347206165841
1358.4218945662337 1.3954524753549613
1647.5097533631663 1.19621185761001
