3 15
0.8918105572204894 151.7305892251404 833 90 70 92 82 64 81 79 69 98 93 96 80 96 76 74
0.867719539266415 157.64324402182595 872 91 60 96 60 66 77 88 99 94 93 79 74 62 89 93
0.8858665529863721 145.1147007746796 963 124 128 102 105 113 120 104 127 105 133 131 115 111 108 110
1555.7265406525742 1.340644445724788
1845.0720107530963 0.9569326227515127
1744.428491673733 1.2328819243123466
1877.346061648978 1.1021639193624395
1548.836104217421 1.3479705260055281
1626.6916806827692 0.6758186479324024
2253.405557356665 1.0093403905822274
1859.7580071473521 0.9701192610161433
2321.3190466798137 0.8655952533060902
1110.3113118197452 1.2947524264926682
1586.7048769273788 1.228400826867405
2559.8705195787193 0.9910881846881083
1737.2385426015446 0.9280175743723658
2111.046614357332 1.1487579138431894
2251.6360180797296 1.3981051967704936
