3 15
0.8046055706305184 138.9476842658281 618 78 84 85 81 68 93 92 81 72 99 69 91 97 74 76
0.8109530280596846 165.72928922652835 680 77 84 65 94 76 61 89 82 60 83 89 69 70 81 60
0.867711459991618 131.1634325272251 856 125 125 108 134 126 127 136 136 121 100 101 104 118 139 125
2618.2334458705864 1.0880831180146957
1990.8594177809046 1.2355361986743474
1814.2357672057528 0.647407101513717
1915.4643978755457 0.9921277846336862
1412.2588410552332 0.9527122866212208
893.2659616334186 0.9233540343133205
1268.6091247131876 0.6432132044947102
1097.618441684414 0.7396231885732037
2377.803414281219 1.1747237185574044
755.124086574056 1.30270890093035
1599.4834522622089 1.0034210327265924
1501.572981511484 1.1427406298357368
1921.6948671332957 0.6267856114491049
1972.4258718460087 0.7415396707346796
1310.7083837459556 0.8876708431752338
