3 15
0.856418407084897 120.61331520060499 537 74 85 89 63 85 62 63 80 67 85 69 90 70 65 97
0.8775083249159557 142.24484167508908 745 90 74 92 95 64 81 82 64 95 98 89 96 74 92 90
0.8858806080568529 178.9861321506187 977 128 116 104 122 139 108 105 135 131 108 124 107 100 109 125
1200.8702866602675 1.063952535754791
2073.2151319173618 1.2367493204807727
1350.0832373140295 0.689745415111625
2343.8725794549055 0.6844373098690345
1431.5727590358338 0.8855147292542118
746.1729818826288 1.3453498740966658
1870.8951533061654 1.0361721910313697
1548.883451445248 0.6008255926124524
2242.799169054325 0.8225094004145082
2154.627488538953 0.7414476872229452
1366.8866044457116 1.0270618546558845
1755.8742183940499 1.232269943438916
2008.8301651345096 0.6460973688135375
1885.593432297859 0.6108689722181432
1958.7016640766394 0.7432458718081697
