3 15
0.8197950063647617 131.384440266174 569 79 98 89 97 75 68 77 98 91 90 64 64 96 90 79
0.8947475132120407 147.22048538746563 670 71 90 94 97 92 80 82 98 68 62 66 93 92 79 79
0.8077914324133887 164.64158282501953 683 108 122 112 128 123 126 110 105 110 108 112 100 136 126 109
1467.0527811544378 0.9154109655262122
855.654553563355 1.3352106966375983
1206.6852237826938 1.004380499283435
1641.9112906036244 0.8440416846339857
1320.2194714533528 0.8692355863472122
1913.956097721872 1.0418628263414074
1754.1914595791047 0.7375936075060472
1560.8838085326017 0.6849221497582926
2121.9618195109765 0.6776554227343721
1392.8313873037137 1.0900070826441346
1693.1128569311663 0.602762795084836
1236.224178147671 0.9108352753078722
1725.5284720140776 1.0753799769566463
1493.4970233200675 0.8895225413967753
1485.2799048634688 0.7226161077196465
