6 15
0.8413724924190099 163.45877445985914 643 76 93 65 89 77 61 81 70 87 72 75 89 65 86 71
0.8773790883914143 139.1303428903174 650 67 84 63 93 62 90 77 83 96 62 86 91 94 62 83
0.837763757549305 170.29596283454634 657 123 136 124 138 116 100 135 111 100 103 108 138 131 126 108
0.8659177836334043 155.68138071776286 721 125 132 120 105 108 123 121 130 105 136 139 110 110 114 119
0.8922759268414379 161.33374523770135 805 65 90 91 79 79 66 94 62 71 60 83 60 82 92 72
0.8288091834025392 171.85802401441833 921 106 127 107 123 134 134 109 125 103 126 126 116 138 136 130
2190.3663637966342 0.8685989618457478
1840.7722442191807 0.8151529385639328
1663.4928016651043 1.2766998009798218
1538.2920681687988 0.8994915751779682
1614.9799184062647 0.820648675555392
1435.5483601748047 1.3186528822054133
1813.3165552971384 1.2205299803307852
1785.396458515166 0.8770260548184311
1823.0933182623196 0.7801253093472593
2498.0219379549835 0.8244909435250115
1916.4682888593347 1.2074352751430442
1740.3938730781697 0.6117150275751962
1923.010434353801 1.326320094350084
1961.2423116252485 1.2205557106617804
2108.8664452218245 0.8943785114049748
