6 15
0.8714100990801871 122.92580467570991 521 116 122 122 101 109 131 108 129 126 119 122 137 123 128 133
0.8264264279841823 168.5855631007422 732 95 60 86 79 99 63 71 70 70 66 84 65 73 87 87
0.867496083794665 157.71146225660442 744 139 136 101 116 106 120 127 139 139 125 114 135 108 109 104
0.8334293921832912 144.93912629685082 771 78 86 97 60 76 81 71 74 85 81 73 79 97 91 82
0.8150059319956104 125.04368807775282 918 66 72 92 68 93 70 69 70 63 99 96 84 87 64 67
0.809419048459213 174.8054741356325 948 106 104 131 137 124 132 132 137 104 122 132 113 121 129 107
2051.0732089676603 1.2636410583607343
1964.5032617355635 1.2314401520109937
1908.5536056172393 1.213082236681497
2518.012531996817 1.0115444835194136
2145.935291793372 0.6294472051769014
2013.6591397999407 0.876589924196065
1885.2838257988033 1.2689358440559833
1239.3044655552985 1.3469272427791674
1859.6524284863694 0.9201762358850307
673.7152826599497 1.2767872241860263
1417.5837559864904 0.6926454217654653
1908.5080565824685 1.0176832176310342
2462.205579859119 1.2301225283042387
2126.945889972259 0.7336941284080025
2194.985972349851 1.3830105058112447
