6 15
0.8803540118568878 173.01311138918663 538 133 106 134 102 132 115 115 110 133 136 123 137 137 135 103
0.8473458712188202 128.35560490262168 634 64 92 90 91 97 68 88 68 67 90 68 95 70 60 73
0.8195488624249325 134.78079490315525 663 93 61 94 68 82 79 68 77 86 85 72 93 63 80 84
0.8538909118676975 138.98469673522362 752 101 132 134 120 135 137 113 100 109 107 131 122 100 120 102
0.8413555821452717 144.0700714112094 931 68 84 79 60 90 61 86 81 87 78 81 73 63 73 98
0.8575114489297682 145.89453389483202 944 112 123 117 109 111 136 109 132 111 101 114 110 124 112 113
2128.835520785469 1.1387768697367586
1914.2032341339996 0.745365540155517
1354.81444736178 1.0119425818383976
1979.8438306584187 0.8536417352768191
1675.9803074657075 0.7438370336488725
1195.093977668423 1.0378829230577806
2267.4178588947198 0.9419185952843887
1751.6890894690293 1.1684439920683838
1637.4007681933945 1.2159004660386152
1759.0289455678637 0.9240624151216177
1111.906552983769 1.017258532132061
2161.7259204911234 1.1418084462543
2239.166538586602 0.9802587657195613
1946.471085310795 1.2850313172315126
2233.4661369509404 0.9582106919086693
