6 15
0.8474992190598113 155.01259217637525 549 94 69 96 69 99 61 67 96 95 75 87 99 68 65 79
0.8095083341955417 127.1496198528129 549 74 68 92 70 83 80 82 80 84 72 92 90 63 91 91
0.8398263228665299 162.61229116206857 725 113 100 126 129 101 114 121 124 106 106 135 128 138 100 137
0.8465933481254816 169.60317264861692 808 139 132 105 133 107 100 127 127 118 111 138 121 137 107 101
0.8153741398559737 165.34856950950842 867 121 100 123 117 129 134 100 113 115 138 128 123 117 138 127
0.850415320990209 142.67784425461144 990 73 64 75 79 92 76 86 74 65 61 79 97 78 61 74
1366.7390456475368 1.2081163393588588
1560.536344668126 1.0125897658780385
628.4975669237199 0.9261593984431279
1888.7319302141818 0.8150008773255344
1424.3391595192475 0.8481747738234007
1223.9215186897966 0.703568429009278
1824.3823797340474 0.7270783152926907
2296.7058821110463 1.368081579322545
1871.3515934322472 0.6510426681736206
1895.784828073331 0.9069093450529674
772.5171296870822 1.1703578895102011
2229.9878224464455 1.1963063110068124
1410.1651108541987 0.7460860517000487
800.8940358078597 1.2778040043456973
1957.647306682933 0.8188811728242763
