6 15
0.8080452469929604 128.72879170869118 602 66 77 78 92 72 76 81 87 94 66 88 82 65 89 61
0.8186524851721154 140.37550688055086 819 71 71 64 97 64 65 87 67 75 80 75 85 64 66 69
0.8904778860431617 132.0639235787524 855 118 138 127 139 106 128 132 134 125 139 131 116 126 128 100
0.8174668452476189 174.40429030050265 875 128 101 103 123 121 107 109 119 111 134 127 114 120 129 109
0.895341293823897 166.91397641614216 880 71 63 95 73 89 77 79 94 93 98 72 71 97 62 79
0.8292070411670532 126.23805538066935 993 113 135 100 113 110 129 123 122 111 113 132 130 136 128 138
2245.5949846031094 0.7350001136368558
1517.536693636397 0.6538617266799194
2002.8813541065106 0.8834019370793361
2509.204981022167 1.177190328720369
1430.5022103520973 1.148426425371865
1968.1325728644124 1.3398913195144595
2410.625618151673 1.3340106634765279
2240.051655907333 1.3609967377624894
2311.9050696349336 1.0725285031830127
1690.5679005603429 0.8419709221654273
1124.7923314739974 1.188028970096357
1312.1596859441815 0.7075301844629257
2315.345708064807 1.2483189103574546
1962.7088908896571 0.9194076094073581
1338.768639461357 1.3925591995292503
