6 15
0.850430781008547 150.57467049388032 604 60 68 72 78 65 84 96 62 98 92 93 83 88 96 76
0.8358626965292166 176.6434071941627 753 86 71 60 81 74 70 72 81 85 79 91 79 95 79 89
0.8346254792457064 131.2846391390968 843 69 66 69 71 64 82 60 95 77 89 92 69 82 71 67
0.8418194058053072 160.8384162475968 847 110 113 137 106 103 114 122 119 134 127 138 129 113 134 107
0.8195157375345806 164.76575480919035 955 119 101 116 100 127 118 100 118 108 115 135 132 115 122 132
0.8960853115770957 136.4445450626939 997 129 113 105 107 136 124 115 138 108 117 132 120 110 133 108
2021.8442880815048 1.1263398631883548
1787.11767801484 0.7706154837040611
2213.123851290588 1.1956645774485972
1683.9127514182344 1.0154435117408558
2200.950636245267 1.1120212955619926
2060.4664939489207 1.350681531949511
1795.1130696351406 0.6437980917590289
1668.2148806457064 0.6221613118628146
2156.9241094353047 1.2846803199621766
1645.9718885290235 0.6111712675136168
1618.0052206576984 1.2209687291965037
848.4346910867636 0.682333589507984
1395.8584087848387 0.8271864830436191
1778.7251322116892 1.286589697092132
1768.8109056563565 0.7962128594667744
