6 15
0.8722348404439634 148.97805708874463 662 86 97 68 64 68 93 60 78 76 90 87 63 98 96 72
0.8693784238202975 142.86431148055692 717 101 135 123 105 132 109 120 125 100 134 127 117 109 138 114
0.8063118142358613 129.80888527282013 824 105 113 132 127 124 124 110 126 127 139 133 130 134 104 120
0.8550861513631394 162.00274914012715 867 66 64 72 64 65 87 72 72 74 92 77 73 66 76 65
0.8772990691862721 151.98645779935097 907 66 72 69 70 95 84 94 61 71 83 60 95 80 63 90
0.8377097674052385 155.1935994555138 974 101 105 100 105 106 117 116 116 138 139 122 110 104 111 115
1518.1594246125087 0.8133091576399991
1918.8471904251408 0.7990388288471844
1958.6037844920459 1.3972377878185107
2032.3708476255167 1.2559669441954333
2347.2811198852887 1.208444319787268
2598.974271845287 1.2744094751903097
1707.223011141952 0.7385422301928077
2666.854526270119 1.1507728743315342
1030.4570107036116 1.2873514876727423
1821.7789283252603 1.399413926751569
2114.926906251985 0.9528340118625811
2306.5047887522032 0.8587671206877876
2156.5596799989244 0.6147044287605368
2582.9715976191173 1.2466573824775011
2089.5301627169333 1.1997724046168727
