6 15
0.8062918251956008 144.31341482267095 668 80 62 67 90 76 89 86 66 66 79 90 69 60 82 82
0.8054430864988272 132.44812376210544 697 126 101 103 121 111 116 112 110 109 115 103 123 130 127 112
0.8580210413074368 138.20016292200742 711 69 79 95 91 85 97 72 73 68 94 63 85 82 81 62
0.8912869605984612 155.84973093738182 770 95 76 77 74 92 98 63 85 66 88 94 65 76 90 67
0.8342669325776285 149.02835662168562 786 128 122 102 109 135 134 121 101 117 100 115 136 117 125 136
0.8322196614996669 166.94964714698088 929 134 100 131 108 136 138 110 106 118 116 102 130 114 108 114
1883.4794720489385 1.1111500345872192
1909.2704245916416 1.1502135833832652
1477.501529501922 1.2806111730504317
1671.162535978808 0.6660754297040223
1078.3458553327077 1.0568177464105126
1972.5588477064916 0.9776364597734173
1498.7402378557886 1.0181338328847531
1659.7258731615843 1.3514133875284262
995.4071415837341 0.9969769654754055
1634.7551110270517 0.982507873513228
2177.596479820562 1.1101063205769068
1949.6855942749257 1.253971169206638
1672.515380859639 0.8134915479779516
1262.9524344976005 0.6269518187491605
1271.0180418580148 0.9429472805376424
