6 15
0.8882277499598853 161.29732810826582 817 139 117 100 122 105 129 112 124 105 138 116 136 136 105 125
0.8404213721083064 132.60378347418532 867 90 60 92 62 65 83 96 97 96 93 72 76 98 88 92
0.800279943924744 121.84139958985283 920 125 124 125 109 110 138 131 104 139 119 132 118 121 133 117
0.8876663595288121 151.24176116751642 924 80 71 98 67 81 94 97 70 82 69 88 71 95 99 71
0.8801954427698166 121.19414424729318 931 112 130 123 111 108 129 100 135 117 113 116 122 133 103 136
0.8316019567287113 141.01300205982628 977 74 64 92 89 75 86 65 99 95 93 85 98 96 62 79
1579.4250111558952 0.9674334032823275
1271.8802310858514 1.1741169396492197
2621.281185025129 1.3918375508036354
2373.3934252193976 1.2550127450122441
1511.810504245475 1.0342936242158594
1291.915474587359 1.0350356529756986
1409.5044088036532 0.9205590156884651
1534.3329339067875 0.9536077043989046
1425.0337520328953 1.1325664038808403
2307.63479679024 0.7264156789746301
1831.1469115268715 1.2632446887428368
2577.7835017496277 0.6439169606039578
1926.0601869465697 0.619546421661831
1830.9525912879215 0.7854566050086542
1527.190188351983 0.6844889430853521
