6 15
0.8889063288523811 165.97746072764278 612 84 85 67 81 61 77 73 97 73 96 66 75 83 70 81
0.8914703915212504 158.47680584570116 616 75 70 75 73 83 99 71 65 93 61 65 82 95 80 77
0.815934399011648 162.85126834354918 641 139 112 137 112 102 106 110 136 101 115 124 102 137 119 122
0.8587720552040202 128.37239001307753 695 128 105 127 136 137 134 126 111 108 106 126 125 105 104 137
0.8251323245277618 164.5913765256199 712 68 68 88 99 60 72 82 86 82 60 89 84 89 63 90
0.8492247199315317 136.00505264654905 804 139 112 118 118 124 133 100 101 119 112 109 128 125 100 130
1872.9848317596243 0.7503586826458388
2752.1972290605563 1.2136805687513381
1156.0753597624212 0.7266538016180164
1571.9985031020994 0.9604405897482398
1690.4761254453092 0.694133890157304
1657.6185395461655 1.3984714118203465
2017.7533424719625 0.6137570893518342
1566.6107981260106 1.0833198536687234
1347.047887894334 1.0601947430534595
516.3880184325119 1.34275663212014
1486.0273975970183 1.1229193279059286
1766.2141182898426 1.0152853430577589
1783.3493381537132 1.1509235983536548
1482.1749314860692 1.0021348827614163
2043.1215195993302 0.6854303248339018
