6 15
0.8860631596551927 172.1215417979507 603 138 123 120 105 104 136 131 129 133 101 105 114 122 106 106
0.8837327297258937 144.8896381834773 686 84 82 66 77 95 87 97 75 98 84 62 87 95 90 66
0.8314273917082035 166.31693723613705 752 97 60 89 73 64 80 80 78 95 82 70 70 68 93 80
0.8924307403344273 153.45431017032905 858 82 81 97 69 75 72 85 67 67 68 65 78 84 79 84
0.8228441654115437 138.65110093132537 973 116 115 107 113 106 121 123 124 105 118 101 129 130 117 110
0.8316570264531237 177.41426664336208 989 102 138 126 125 124 115 110 108 119 110 121 101 112 108 120
1359.0917094637432 0.9947643810810712
1257.5282074250588 0.7678353297545608
1107.8097459838496 0.9104816586282511
1283.877954176748 0.8031567826168391
1369.3496806621438 0.6791050871088928
1592.7678041726178 0.7678160326981693
1508.7036123069124 0.6700367893512591
2304.2136271858853 1.0698784100949685
2825.9574315780706 0.8677817523191047
2501.2516052473397 1.3451972458641857
1425.0246388234186 0.630052131219018
778.1377697205899 0.670282467087961
1745.4579437846953 0.77838038587688
2325.802003903397 1.1541602138423177
1691.0922577702602 0.757598713946433
