6 15
0.8330017052612744 171.2341933920867 739 61 79 90 77 89 97 98 82 60 77 66 75 71 79 77
0.8339382585062568 161.7250035119002 748 129 139 137 102 102 139 117 110 118 117 127 102 103 105 124
0.8040875515861242 123.60178734143794 749 98 77 95 70 73 93 73 83 72 88 99 72 61 70 73
0.8597392871373571 121.36477944272461 753 82 88 60 81 64 61 89 96 67 97 73 77 68 66 99
0.8169945224881632 174.98375452311993 934 104 130 102 116 121 127 119 137 108 117 119 123 119 112 106
0.8021859249375691 169.35657042210659 998 125 131 100 102 114 122 129 106 115 138 117 106 125 101 138
2196.3027049317234 1.2321397106152636
2032.5155624101203 0.8802036453768578
1150.2390157166783 0.8729066932717634
1947.779765097443 0.7288833333682645
1355.3546578986534 1.2904529215243816
1077.5473229754377 1.218937738287857
1881.5784494438938 0.7742166774252078
2800.3359552275524 1.3336749846582228
1577.4129448308772 0.97567317081463
1546.4113947528108 0.9692479675337178
1619.2717276869248 0.9232758650541151
1470.475702268434 0.8806406166532253
1441.0155010455555 1.2140123561518839
1838.347608221953 1.08953335812735
2672.766296652234 1.339584401280903
