6 15
0.8778067752051933 129.42987086733066 581 123 137 112 109 107 102 138 135 124 102 107 137 101 114 133
0.8158170926187485 172.77143254092044 639 63 71 85 72 78 97 62 97 86 78 65 99 63 72 94
0.8981533094262406 135.83048398887675 661 75 90 81 77 81 77 96 78 63 78 91 62 99 80 70
0.8519022948825054 143.71715713570515 784 132 100 118 138 115 123 131 122 100 128 110 128 115 116 126
0.8342989485581936 175.2445605459275 795 79 63 75 71 79 76 95 80 84 83 98 90 66 63 99
0.8042801518286795 175.14393221568486 939 120 136 105 109 137 118 130 135 124 126 105 111 137 106 115
1900.9575543440747 0.9614196338703376
1027.4097531719376 0.6356597362398421
2573.857604096672 0.8882687933181818
2392.4872715504794 0.6911101855611762
1481.831083048597 0.9953097997855753
1838.0272158164469 0.9607857861671651
2585.6205924671217 1.343818193515529
1898.6948698499264 1.0520622900767855
1729.228447243904 1.0212711325708195
972.8928203311517 1.0043017156611567
1728.7203669549438 1.0388427081149858
1417.7786163209507 1.3982098642990626
1346.727777697225 1.1266595590494743
1052.5619248283583 0.6488125784605421
1573.7836057316247 1.3670968860421697
