6 50
0.8593863697577071 198.04206121864067 527 97 92 72 98 63 78 65 71 82 73 77 83 60 81 90 99 89 88 70 93 66 76 88 67 66 63 85 79 69 65 71 94 84 88 87 89 87 93 71 85 82 78 74 67 81 76 83 70 84 66
0.8824593603677622 198.07106635288562 532 105 131 139 121 100 118 122 127 139 122 101 113 100 128 113 136 123 132 131 104 125 114 126 133 133 111 129 130 100 131 119 135 122 136 127 109 110 120 124 132 133 111 106 113 130 124 100 108 120 126
0.8178161633083079 133.4071603698926 534 99 90 81 68 91 76 98 77 96 64 89 82 98 70 69 87 82 66 62 82 74 88 66 66 93 75 81 79 65 68 96 80 89 72 60 72 89 74 94 88 67 88 78 60 96 89 82 64 64 75
0.8579523986532482 115.28677984868337 648 127 134 123 119 113 128 105 106 113 103 135 121 128 108 139 136 116 118 101 129 139 129 137 103 116 106 102 115 110 123 107 112 122 134 124 128 129 108 124 137 126 124 114 113 119 138 111 132 132 109
0.8634381747740076 179.0092324563364 872 108 129 133 104 129 111 106 134 115 112 138 118 115 112 100 112 128 108 115 103 103 130 137 120 112 105 121 100 124 138 130 135 112 112 120 133 110 123 107 117 122 109 124 107 111 109 114 123 114 105
0.8551159380697197 161.48445474088135 922 67 61 91 89 62 78 76 71 86 90 94 67 76 62 74 99 75 62 76 61 75 93 80 83 95 74 83 62 63 68 94 96 78 88 71 62 94 72 75 61 61 89 76 81 93 95 66 75 93 62
2349.727111234517 1.1487726602396182
2543.1964837015253 1.1350534989412064
3358.7563671603293 1.1892111912593175
4359.615232671124 1.1979453356247027
3368.118140890142 0.915914745147253
2973.116926102278 0.8676757853910142
2697.7385917154534 1.148178784097264
3430.8202848942587 1.1757646334270924
2052.8611306549096 0.831861451936518
3257.817898171091 1.0216317092187812
4043.4700335792477 1.193021063180438
4070.842550495733 0.8106902318111289
2972.608614284035 0.8996913823784792
3453.368397262505 1.0919168332600577
3072.197647406352 1.1692185804710173
3228.890508040386 0.9547474829248201
2891.3823316548605 1.0368704636752684
3458.444911574316 1.1721733220867623
3061.377464684395 0.9219962093939209
3019.323141227879 0.8079277983035295
5121.169031978071 1.1730237817346185
2324.6288398931565 1.0293855820287081
4648.85393619726 1.0213314248342629
3445.0640914509077 0.869952236103636
4316.171698312938 1.0294023148844897
4954.290489600886 0.912550202315055
6008.453414035543 0.8454217048510189
3773.1076998751464 0.9796807299710628
4739.589078413106 1.1149147677304587
5172.563086334957 1.0288401520320833
3989.7876769211725 0.9654536732038901
4733.925764251164 0.945171208270129
3076.068089996622 0.8356679039104283
2796.89508445192 1.182177028526957
5000.613818111078 1.0594595087646614
3683.7741201489725 0.8044053532174467
3190.396020068314 0.9649669778484308
3932.478557276757 0.904346154733725
2178.0904272442635 0.9194239349320271
3735.6643652392327 0.8509751223879843
4940.5013739118485 0.8097537053381654
3232.5054396588243 0.9532870521264653
4569.629657924793 1.179236329992457
3751.7386867109362 0.9135059304860594
3284.9737690760653 1.0242748903348418
4457.817288075676 0.9496389836231903
3315.8086762348926 0.827694987070321
3798.1711139553886 0.8925314108437404
3423.759104113936 0.8132034851315135
1521.7132523146179 0.8528945745308003
