6 50
0.8208192454586529 128.39763450377603 508 100 134 136 113 104 121 115 126 127 110 137 136 115 126 118 112 119 117 108 134 127 121 118 139 138 134 112 138 125 121 130 107 133 129 135 110 119 116 111 131 134 113 101 106 104 139 136 130 133 111
0.8457848259547911 174.24908151852878 547 101 114 119 121 133 133 109 133 101 115 112 113 114 138 113 103 129 126 129 130 102 128 130 132 112 137 132 116 112 126 135 123 118 102 112 107 111 135 122 101 121 118 129 118 127 116 100 102 130 120
0.802627539944473 198.44846945301538 924 64 71 68 63 86 93 63 98 97 86 89 76 60 88 81 88 86 85 76 95 74 64 84 98 96 70 84 98 61 81 63 90 69 95 94 90 91 73 74 62 85 67 60 62 67 72 90 61 75 73
0.8880204940463028 98.50924808725827 966 74 84 66 67 96 72 70 83 65 94 81 74 97 88 99 71 73 99 91 69 96 70 60 66 60 63 96 98 95 81 66 70 82 95 82 90 64 97 83 72 68 70 70 88 64 70 77 96 96 97
0.8223866281947021 171.49990003004285 970 125 137 117 134 136 111 111 121 114 114 138 121 124 100 124 125 138 130 110 135 123 102 136 119 120 112 100 121 122 109 110 122 117 124 132 138 125 119 102 124 101 105 106 125 119 115 127 136 103 105
0.8440432107766258 188.67568711478657 972 72 76 99 67 75 74 64 69 71 82 99 77 93 92 90 80 61 90 81 67 73 60 73 61 66 64 84 82 96 73 98 83 96 91 63 65 94 80 67 66 95 78 88 92 68 75 67 71 93 60
5316.056698228935 1.1942755508180292
3552.912209857519 0.9935537411603313
3281.1532690706103 0.927984925478627
4485.121036502927 1.1664450955171832
5046.303398506614 0.823936677940784
2575.7121485862963 0.9274170705155318
5461.019678414415 1.1389025215246558
4992.088462220905 1.1389710577861736
3975.5430754899867 0.9798582163612851
3117.5670080636364 1.1463924756546364
2931.9095690340346 1.1629969279764014
4188.128575879849 1.1859783450469226
1167.3339109041567 1.0244694711196813
4074.185678686954 0.9198334559493316
1138.0986892914138 1.1762286609515935
3796.224891051145 1.1026017059973856
4640.431756198661 0.8137827290066658
4664.29429470994 1.1758914498950892
4508.750065378406 0.9908824242643384
4908.742525587999 0.923410335424534
5301.65651880515 0.9287963566579179
4229.789569541031 1.0722732334531155
2888.596852770458 0.8960048089326842
3815.2607729198994 1.0989517955478223
3305.7949361592487 0.9740558726801896
3592.4434397124023 1.0520921621180888
5884.349327669877 0.9086869311850998
2310.2079024043887 1.0220167876146298
1208.5391284304887 0.964286912772098
2491.361254323484 1.0092026548766153
4136.9734896385535 1.062870624696774
4139.863977829128 1.1449165438631077
4200.83592672667 1.124165998311481
3084.3516632767833 1.189103130822053
4219.414827473189 1.01983446630894
3755.588870397087 0.9353469367598248
4118.146452763731 1.0833320563466122
4727.767769041535 0.9703175880757019
4442.725135022384 0.9879589754641382
4076.209275742694 0.9876418769462527
4813.6962342275465 0.9588051908108007
3201.7232193999957 0.8825034780397866
2675.574832168013 0.9762594330796891
4914.335160720667 0.8544176836590421
5122.401825936438 0.9862647395378821
5074.595460953557 1.1802624895121854
4493.486922827367 0.9825552992749857
2897.252785295076 0.8253504247190613
5700.040666711504 0.9256659110705845
2256.9218391359223 1.0026966845444376
