6 50
0.8689265380635004 121.65394043295754 623 108 114 127 119 104 119 136 110 104 128 134 110 109 110 133 110 115 120 104 110 104 130 129 102 109 122 100 112 110 114 139 100 108 124 104 134 122 105 120 104 100 119 122 112 103 102 132 133 107 122
0.805375806782125 98.66345108798765 637 74 78 86 61 79 80 69 94 98 82 89 60 81 79 95 61 80 90 86 93 95 91 69 99 98 78 80 68 71 98 88 66 72 68 61 96 87 61 98 68 73 98 82 63 72 95 83 77 83 60
0.8986974589004322 166.20422552327196 651 81 86 86 64 90 70 73 86 66 84 93 72 90 88 66 89 90 63 85 72 85 97 90 80 67 85 73 89 83 77 98 67 62 86 88 92 76 78 79 88 84 73 74 86 79 91 82 60 75 64
0.8742052278167853 103.48050192051267 752 60 84 92 76 83 83 83 64 72 86 85 82 97 88 76 99 67 62 91 92 94 97 88 91 70 73 80 76 69 82 60 76 91 67 65 81 76 80 66 84 70 71 83 69 75 65 69 81 88 69
0.8072832311322057 198.7330894438681 873 118 136 123 119 127 118 132 138 114 124 131 118 123 121 101 129 109 114 131 115 112 102 113 103 108 106 115 110 114 110 121 104 132 129 107 130 124 137 125 119 106 114 117 103 137 107 106 123 115 109
0.8203888290353414 187.21959716061383 997 106 135 118 137 112 113 117 113 108 115 101 110 116 129 120 129 105 118 108 126 121 109 131 113 129 103 122 105 119 102 134 101 136 115 103 136 105 135 114 112 125 110 110 139 103 134 112 123 121 115
4505.1317723925795 1.1864904210220015
3989.642339412284 0.8435241108031937
4147.949858245053 1.1527972425728699
2812.933590031144 1.0981882366487914
3572.0947921768247 0.8774093521136421
3323.482332726885 1.0894264005054408
5241.549898761254 1.100879676863196
5096.273313579157 1.1198094283020812
4834.13807373702 0.899440994621928
3608.4549017025975 0.8331787820804422
3683.9081619522035 1.1313297376020457
3940.8067401468625 1.192162260977366
4481.630054145767 0.9483104189045812
3543.613996407746 1.0271721644960539
3534.924488054386 0.8351240711809603
2731.2429143130985 0.9427730877961223
3949.807874032405 0.8235919144051833
4065.3151671557803 1.0644502867133148
1586.4984896496103 0.919418662244436
4044.4918260940826 1.14431245782402
3456.8220909281786 1.0314916298208787
3842.882728270338 0.9493182185905416
3320.793060503343 0.8355904361301787
3470.4568768662093 0.9843614577521537
4012.843674035159 0.9203140863205708
4291.9531454571625 1.0023271511867256
2061.3891526404764 0.9817801474882226
3814.2516007284485 0.8909543917588572
4543.261864322354 1.159737926926167
2865.32993977474 1.001628020905037
3998.348802203937 0.8074503706570063
3109.54606316909 1.068021633094584
2342.292101409842 1.131501691050495
4603.123300312628 0.8005291390469264
4494.402702286935 1.0732817884964532
5113.93723672158 1.1230083362283463
3861.6780209543103 0.9411414785618192
2918.5182102526037 1.1134799710670187
4360.839327977314 1.186542526486573
2178.8008314053113 0.8022155731915184
4324.824106415512 0.8003522409819848
5905.508250845462 0.8511499572672382
4308.644140707048 1.1257720550753791
3245.3574224522526 1.1202390672397946
4278.30956785105 1.150875218218006
2183.271154552262 0.9490995594314567
2562.9477507593765 0.892870374706883
4411.8953115198565 0.8338280221667109
3877.7917339544047 0.8761782564900271
5414.238128645713 0.927305276840093
