6 50
0.8012020215238269 104.95127256135527 558 76 80 65 81 93 97 95 69 91 69 75 60 67 97 91 93 86 94 84 81 60 73 98 92 67 99 87 94 75 63 72 88 93 77 88 83 83 95 92 95 64 90 65 91 99 95 94 74 86 91
0.8789852326186977 167.93540290371183 624 72 76 77 94 84 88 65 65 64 85 84 96 71 85 89 65 70 87 79 61 65 80 68 67 80 64 81 97 60 73 75 65 66 81 97 74 92 78 64 98 86 60 87 91 70 71 88 94 74 86
0.8886348907130238 119.00592100108139 668 107 134 101 125 138 126 102 132 100 130 107 139 139 138 138 131 102 117 120 104 132 113 126 122 107 116 132 109 115 112 131 127 136 110 133 100 108 125 126 105 136 135 129 120 105 126 124 129 105 129
0.8427224569716388 124.47601686909391 702 87 99 91 76 63 77 94 86 63 99 92 97 84 67 93 80 73 65 91 87 70 76 60 71 90 65 88 97 83 90 95 98 75 63 80 90 67 74 91 91 84 74 72 74 72 75 75 64 83 61
0.8024371803317931 171.64163163326953 770 115 130 107 105 121 106 113 135 111 105 109 108 114 120 103 128 133 116 128 117 112 137 117 109 101 111 128 109 114 106 119 137 138 128 107 118 119 108 126 139 101 117 128 104 109 114 100 106 109 109
0.8496261704582483 200.7706909568003 887 126 125 126 119 130 110 118 130 137 138 104 112 109 124 136 108 136 124 100 117 129 136 139 114 132 100 102 132 120 126 119 131 136 109 118 139 107 132 136 101 129 123 120 119 104 127 106 117 125 100
3601.0614568523924 0.8299204194003513
3192.805844093917 1.0309771106289807
3049.5772546522244 0.8725393613515162
3500.987613423424 1.1498942414231197
2916.227069045065 1.1462247930521061
1928.7026652324491 1.138650022883101
3859.033424303686 1.0815518700253435
3552.494189190999 0.814739433410819
1669.471618775716 0.8082318849965737
3729.8140050064917 1.0250035952221541
2682.6969482603436 0.9606987579569577
2263.095185969039 1.0720349845713313
3605.5316819084815 1.0163625814360313
3962.540963927423 0.8910653099378415
2847.230731114343 0.8909790501046793
3732.097105853397 1.1413362012451618
2078.39727791819 1.1021533409506672
4465.847590532786 0.8728908807266429
5181.257036264254 0.8666573232445192
3810.9887156303903 1.0216255716378222
3207.492889649419 0.9252170156365728
1246.7572670863642 1.0802902776756604
3260.7572560092676 1.1945835803667042
4814.801123407082 1.1251610242888002
2372.565094013049 1.074785168626756
3427.833535877574 0.9429223250673646
4767.113137869782 0.929261416845802
3904.6267603459214 1.030634536413145
4635.4471442986105 0.9800386872051439
4887.640335541316 0.825011508486609
3482.612453772592 0.9674841266307417
4399.470119529607 1.010658225948271
3271.1437206004903 0.8265641388347582
2632.945923245945 1.1532359726848331
1848.9727908429456 1.0621054454249288
3906.7272393645685 1.106525961131222
1740.9790552386207 0.951947526238139
5247.294402244404 1.1999874830585564
3520.480473719612 0.9975785909709463
4849.737616606937 1.0326097969563661
4304.217337651393 0.8383292921581424
3516.376825952566 1.0298812634281962
3007.5005155228787 0.8579523429750808
2800.7569987339875 1.1792205666783784
3018.749474775478 0.8577429183855303
4046.188069183716 1.1937852952433972
3451.788364307527 1.005544065182992
5125.265962174214 0.8867609757869288
3855.835149039686 0.8806001661104542
3556.470551755426 0.9819901443287101
