6 50
0.8794155392303867 178.950453980129 509 66 92 61 95 85 87 63 63 88 83 78 68 70 98 63 61 72 80 90 99 79 88 60 83 86 80 84 81 84 63 69 97 60 77 74 81 85 91 97 93 81 87 64 87 98 71 78 61 85 78
0.8615731480623317 105.61247830558891 671 135 134 109 106 111 130 134 101 117 106 107 133 123 102 134 131 110 113 126 131 100 118 117 114 138 119 114 107 122 115 133 107 127 120 113 122 131 134 136 125 103 104 118 124 101 128 117 136 135 136
0.8798757299434787 177.32932196069407 681 87 89 92 85 91 86 80 86 99 79 86 71 83 76 84 97 65 71 68 83 66 74 70 63 89 65 92 96 70 74 86 98 65 65 62 94 62 77 75 69 65 93 67 91 64 83 98 94 76 81
0.8909747753243604 139.35688597291085 771 100 115 109 106 116 134 131 128 138 138 102 137 100 121 114 106 133 107 104 119 138 117 113 113 125 120 124 130 104 119 112 124 106 104 107 126 105 108 113 116 111 123 121 135 138 138 114 106 122 119
0.8108734070497595 187.63209708880478 898 95 87 75 95 82 70 61 87 72 63 90 72 63 91 99 78 82 81 90 76 65 95 83 92 79 83 63 79 78 93 61 99 80 76 96 72 87 94 78 63 94 81 79 96 84 77 85 76 82 81
0.8205440345664707 104.09233156541029 975 138 132 121 102 106 138 130 134 126 106 115 124 107 116 103 135 125 109 139 136 107 107 128 137 125 124 101 126 118 101 137 108 131 103 116 110 109 120 123 114 133 135 121 117 136 134 112 118 104 131
3256.1265466376763 0.9391123579898023
3297.475171123467 0.9882546442443951
2224.085609957673 1.0069323163671542
3926.792175050766 0.937969206010983
2985.381223138147 0.9977151523875467
3388.062339464627 1.1757290199776058
4326.6467840859605 1.1031248543932608
2975.309744209505 1.1687054163022226
4080.022434150684 0.815358655050612
4401.776235105125 1.059990450568154
2363.7475366483814 1.0988711187114684
2051.4109162121404 0.9833933525090357
2799.727916776484 1.0935889333282236
2522.2928165070766 1.1634695834244195
3532.9371761801985 1.1969544823753897
4035.34751174229 0.9946556199625927
4544.592906662698 0.8617696364945906
4119.866378866181 1.0268092646717553
3141.512861056076 0.8166018190503028
4744.3970690144015 0.8112822636641657
4191.7395279776365 1.1939068477345212
5029.805028428192 1.006932870165148
4149.089673418715 0.8178081661435582
3108.8978116903804 1.1073333642702925
3810.338635528596 1.1153848109980757
4806.016153760545 1.128128955244775
3786.857916216043 0.9881042161915016
6487.505407046414 1.0639451479501214
2986.97109394447 0.9704414161068919
3076.004494426051 0.8543571891242085
4972.711166789031 1.091689335492887
4125.717209818047 1.0158595485817574
3428.9171166387273 1.0822814853609934
5343.508820478479 0.9405182945097657
4289.145761751942 0.9436601140535181
4182.427252692487 1.136815152722459
2911.94195467582 0.8382874758387557
3230.752349236526 0.9709764074329235
2705.1113569768763 1.1279739587262811
3598.5213336719758 0.8750006581305726
3346.800198822496 1.1426807373056063
4658.0440755609025 1.118184767467449
3723.9301536074486 0.8241818062102978
5148.7115693213045 0.9405062187330426
3109.3283540097345 1.1646583147011174
2908.895695079504 1.1343125521921595
2670.8695676792504 0.8828716149739392
4058.7609902480804 1.162776198593955
3139.6836629199934 1.0677613002802646
3814.6154828394 0.8517339588869465
