6 50
0.8159534819624525 209.48676148072815 523 78 60 80 62 94 68 87 81 86 61 65 81 89 66 79 86 81 70 80 95 65 62 71 85 68 63 96 78 89 84 72 74 92 64 97 66 62 93 91 84 76 95 66 73 82 93 60 96 98 99
0.8589158095381704 192.81943619532177 561 69 91 90 88 93 62 82 71 70 83 73 70 71 64 90 86 92 67 64 65 89 74 89 96 63 92 96 62 97 80 68 80 97 76 72 62 65 94 65 94 98 93 84 77 75 71 65 80 65 98
0.8822826410463982 129.1352456628914 585 111 134 139 119 139 105 130 116 110 114 114 116 131 101 128 119 139 106 130 119 100 119 127 135 122 112 139 103 113 139 113 108 129 126 122 132 115 113 136 123 101 117 117 131 126 102 114 125 107 103
0.8522634077576803 199.29922540617338 589 70 70 92 80 74 60 88 97 86 86 79 67 94 63 80 87 76 83 67 97 98 82 94 71 92 98 88 92 92 63 64 99 99 86 89 90 99 64 66 83 64 81 62 79 70 72 75 92 83 67
0.886043622406052 120.82923462652238 874 115 131 133 110 130 100 111 119 132 123 123 116 118 108 119 112 134 124 107 111 128 112 135 113 113 115 114 120 129 131 109 119 105 120 124 103 127 107 112 101 130 105 105 116 130 108 130 113 115 129
0.8897606077324954 118.8952706447289 969 122 123 110 117 131 124 134 112 121 139 114 133 111 134 128 117 139 108 132 121 113 105 125 116 130 115 111 110 106 117 119 119 125 111 108 127 121 124 103 105 116 126 105 137 127 103 117 127 118 126
1880.684652119622 1.0030903762124816
4431.619505166949 0.9928240034873728
3524.87985687997 0.8403285205967563
3794.1500200755263 1.123969775472436
3572.2645960280465 1.043127706976469
2944.040719146417 1.1880813199895806
4034.4446287824762 1.0278609098126443
4052.912179535576 0.9135014794653518
3299.3791269044677 0.8717550715979143
2844.7447217037843 0.9859081138934835
5184.172015095954 0.8851909168743755
3884.258404435357 1.0703948815501976
2245.78444788029 0.8377961830491553
3650.1173327128 1.0265058122155557
4631.781184907291 0.934260777313825
3197.406536603005 0.9887786423785954
2645.892379717704 0.8515312765345766
2781.7182571757744 0.9685969525349933
2707.73886354621 1.0871621778493339
3385.016614137818 0.9524317262855699
3130.3540762765083 1.1689221439328348
4548.104864740774 1.1458601274625688
3063.406344358287 1.1345100987788528
2218.106406200065 1.130984650053568
5018.730626408467 1.0123488575763833
2647.562139856026 0.9881976532612635
2571.250203186637 0.924225631542255
4225.073800026768 1.0666020593614651
3611.3313910832426 0.8776670187537945
2352.173516103317 1.034750922929231
2924.067779002579 0.9939734730600471
4121.622683431541 1.112606034042951
4669.327375367086 1.1076862797692266
1543.1456474144009 1.012377358212564
4570.307765833919 1.1323519321073707
4750.416099617541 0.9700305492545913
2918.9929746262296 1.1614642851279484
4959.7411164750365 0.8601376005961224
4881.434013344781 0.8196613138782229
4538.440599201406 1.1127220481624847
3477.3406995949545 0.9992281144980115
3381.166971602463 0.8766307800410191
3193.820598646843 1.1659424490469656
3817.500655628742 1.193866332433756
3937.704266776599 1.166821981280781
3222.738140683139 0.9961013085124776
3501.8699666010693 1.1150979207109202
3258.6257467690466 1.0136421261164927
3317.561632627969 1.0485323959210648
3468.421938853675 1.1597514016491708
