6 50
0.8721334447577502 155.49246915843077 690 110 122 128 139 128 119 114 130 118 122 112 129 137 122 104 113 104 123 109 134 110 103 138 115 119 118 122 108 118 115 114 133 134 118 113 137 132 114 130 102 124 116 121 114 130 137 132 132 129 100
0.8092436772385163 98.14870327400412 775 85 70 88 62 88 92 61 97 81 91 76 87 62 61 80 83 86 73 74 96 63 83 60 78 62 98 88 63 88 96 83 87 93 78 73 86 94 89 72 92 61 97 60 79 79 81 77 73 72 89
0.8139936890806135 158.47759199561898 788 75 93 76 95 61 76 89 80 81 60 99 83 63 99 66 66 82 76 80 71 61 61 68 83 99 88 63 69 97 91 65 75 69 94 98 82 61 66 86 60 62 92 93 86 91 92 76 80 86 89
0.847044395993042 208.44386510502798 837 99 63 96 88 94 95 90 73 97 88 69 71 80 80 69 96 86 82 99 99 83 83 95 65 71 77 73 80 80 82 65 95 99 76 83 61 96 67 72 62 72 97 94 91 62 66 93 95 98 96
0.8388627624202131 182.40745266144495 870 102 125 127 105 124 133 119 105 126 139 118 127 101 118 133 128 112 120 112 126 118 118 129 109 125 122 109 136 110 124 100 109 134 126 127 139 110 110 115 134 124 117 102 111 101 119 114 111 103 102
0.8382194721080043 98.08818379418113 969 136 118 108 111 101 111 122 127 134 119 128 121 131 112 105 110 106 114 124 130 108 104 126 114 136 106 125 137 123 107 136 104 102 138 133 106 113 124 139 125 134 115 109 101 110 119 132 119 119 100
3567.0412764222865 1.0191849107693898
4163.886419895424 0.9513647774890277
3353.8901202449415 0.9203054481948378
4793.791512987718 0.8648812300332643
4898.88503108625 0.9781644074771199
3956.3230217987516 0.8314848891631739
3256.2699632781696 0.8196759276437321
3027.306222486339 0.897313422288029
2612.665242205975 1.1131770264957628
3196.3276110810557 0.8306167834529926
3474.181405691712 0.9823388351110747
3684.012494945938 1.0152958815530735
3284.491626944573 0.891286925184234
3912.9585339762816 0.9327229712208804
4054.9976136371115 0.9884706158800087
2927.649783282604 1.0115704117000686
4361.133169031633 1.139639251036795
3801.524766235162 0.8426184818490048
2666.9649932108796 1.1866472956097396
2571.6656239607537 0.8787461869232267
4961.923588816453 1.1888555238808398
6328.267277528654 1.0978720541387745
4420.828631383391 1.1580960668880707
4778.428755019306 0.8665147489043993
4976.674515987445 0.8880603702412146
4328.809487768084 1.0192465519227771
3674.6910070765366 0.938971251047465
3666.283288303671 1.1750627110330805
4988.242991596803 1.0335510532273515
4263.678419437305 0.938794869990313
3586.807424792337 1.025252076809129
2678.778491486477 0.9560769507147877
2334.1535842963895 0.9553665735050305
4347.703385935047 0.9111969776253922
2986.5146862118063 1.1141735458762512
5607.35012126418 0.9477639027061351
5670.6955682357575 0.9924810812922525
6342.232977068522 1.0893886742547534
5328.433351081776 1.0832999667837795
3774.4287893057203 0.8501573005671704
5155.251108124789 0.9571597657566856
4115.818650930203 1.0592380519528781
5249.335901472359 0.8059861698999413
3056.16268082003 1.030470818694321
3940.584187484201 1.0266547837242916
4258.741867178673 0.8357212379242935
5291.891423142593 1.199666699504808
2361.7989305228107 1.1661096832691291
2681.695809853627 0.8983762307277235
3289.6633923322506 0.9941319056795708
