6 50
0.8032113243954022 90.86776246890082 629 139 135 116 134 113 135 113 100 121 122 121 130 103 112 114 135 116 104 112 137 119 120 135 122 103 105 112 128 115 118 130 110 101 109 100 134 125 103 112 128 101 103 130 132 109 131 110 134 118 124
0.813842967860633 100.61958088255757 706 73 80 93 62 98 80 74 81 97 81 85 62 96 89 81 72 76 75 82 91 66 91 66 85 75 60 68 84 67 80 88 91 81 71 74 61 77 64 97 68 89 79 96 80 60 69 94 65 82 93
0.8668822562611906 166.7604433768267 751 77 71 77 79 81 84 83 61 95 76 67 93 82 86 90 71 68 77 62 99 80 62 62 92 74 64 74 63 84 92 69 60 62 81 74 66 76 68 87 70 93 76 90 87 77 98 77 80 82 82
0.843754247747202 131.82267418369855 804 87 73 87 65 69 98 76 92 85 77 60 83 92 90 88 60 64 78 61 91 78 86 66 88 89 92 72 99 81 88 72 93 70 65 89 65 96 79 93 92 70 68 67 97 93 60 60 89 95 97
0.8883307592205473 150.08681516621388 886 136 118 124 130 133 109 109 126 121 126 132 112 121 102 119 112 100 139 112 101 117 103 129 115 135 104 103 101 136 102 116 129 111 126 122 139 103 132 137 131 128 129 119 131 137 129 113 106 116 139
0.8779697394183342 106.7765952791753 995 127 133 111 136 108 121 128 129 127 107 115 114 131 120 119 117 115 127 107 107 113 121 139 132 139 102 121 111 115 110 108 121 103 105 136 133 125 114 113 126 139 108 137 136 112 109 123 115 113 125
2750.656400767739 0.9421856558890731
2841.827387108515 1.094884439227459
3668.7056644625836 1.0287660633307472
4936.215880960255 1.1866822093452318
4577.628783440945 1.1818676767583471
4556.578304609257 0.8434064519254778
3748.831956741887 0.801474408149095
4092.333334809843 1.0239474327933318
5342.180067005678 0.9085948197109691
4840.865753804257 1.1934402872450605
3043.9862200365537 0.8947878425980689
2894.806906717755 1.158761884768561
4831.483894649163 1.184432552092408
3008.220634785128 1.0964005673220096
5627.759702279715 1.067676234474227
3621.1408594176164 1.0164514211269882
4446.309676986588 1.0951855346856818
3036.6939619104796 0.9020450485507474
4912.920905701082 1.1789895032315907
4501.891014313317 0.9220686663483592
1686.1151790367185 1.0113654992705576
3184.317530624915 1.0634548750752444
4300.222097145566 0.9233827041543567
5186.959012302721 0.915430932162122
3691.548530081311 0.8632089783061007
4141.671075578641 0.9288680631704974
3900.9219626263484 0.978162257082116
4286.087760661424 1.074351761151002
5198.548139436831 0.8048611241961143
2805.9882069672326 1.0490585941499766
2983.490993066033 1.036899956124852
4258.245613552262 0.9411746121851796
3605.6179328472963 0.992284086938746
5541.271874729546 1.1134898095952235
2625.5980370878597 0.8541614825591657
4238.594305914215 0.8221060182927826
4021.6931837345146 1.0047417851422082
4121.087836529529 1.157277258793419
4899.568893838177 0.8918467064988679
4213.381789460251 0.9777609069611815
4359.660978818956 0.9238290052158757
3150.1708501417847 0.8456216766737013
4032.416637429688 1.0317795085002883
4030.693084687076 0.9184913267830337
2544.0914762644197 1.1656878339534629
3852.789769419264 0.8949329376241675
4445.218603164689 0.8228329758663548
3667.7952082138277 0.8919137388670071
2893.8003189152987 0.8073126956783832
4233.552430347269 0.9103091392613709
