6 50
0.8409112438452623 190.45384111868785 565 114 118 100 109 115 123 135 129 132 121 100 137 123 116 120 102 111 137 124 101 113 124 118 107 101 100 121 102 130 127 122 119 106 124 112 111 108 112 119 110 134 138 123 131 137 117 107 122 135 118
0.8925846368086602 116.31247766305778 666 109 133 106 139 105 104 123 102 125 106 119 122 106 102 115 104 120 136 113 106 110 105 108 125 122 110 115 125 105 138 138 131 138 107 139 116 121 120 122 113 137 111 103 135 114 106 132 139 119 101
0.815985289021637 129.9528897767511 797 67 67 67 70 84 94 95 80 61 76 92 98 83 68 89 68 95 67 88 60 98 96 64 84 78 78 99 62 68 68 86 85 96 68 91 93 63 62 80 65 76 74 63 75 91 69 61 96 84 64
0.8609497893213344 96.36780760835897 928 101 134 126 129 138 101 122 112 134 125 127 129 139 116 126 114 106 130 100 123 109 128 118 124 135 133 128 135 115 116 137 116 118 118 117 119 132 105 119 100 114 101 123 134 102 134 121 129 105 105
0.8377804814664457 208.0493414678573 955 67 74 86 60 70 97 68 82 80 78 91 78 61 88 63 75 71 94 96 86 66 93 85 78 70 62 61 71 60 60 62 94 74 87 85 62 99 68 91 88 66 84 91 78 78 74 98 77 79 63
0.8560717220857339 118.72011847103678 994 84 99 67 99 82 62 63 65 72 87 84 75 75 78 95 80 79 81 93 93 72 73 83 67 72 74 66 81 99 95 99 65 84 77 82 61 66 79 95 64 97 63 77 82 86 87 91 77 76 77
3692.1446029101608 0.914920471245972
4032.8111350205418 1.188797532534684
4277.647783414501 1.1973478791816738
3962.8552006667587 0.8109305145039537
6476.351916065375 1.1966402776636171
2430.1741991402364 0.8434780673354451
2544.9483077761674 1.0304751650549913
3280.904477341841 1.0718462648597304
2679.878355828893 1.069173102918561
2904.245979502981 0.9439162150592844
3644.7237607253974 1.1847051152565475
4848.5540988805815 0.8850010559238802
3598.81958510068 1.058085425105621
4134.713316539683 1.0555024322052977
3951.0479631083444 0.9353593319363827
4399.262359169828 0.813337800655526
2845.336168134623 0.9783518594822684
3643.2006401780136 1.1087554396355164
3013.3168147834335 0.9718906670064814
5864.874472178337 0.8913327600573075
4620.889350336954 1.011669420583582
3621.191661942048 0.8924893364606488
5033.043186183406 0.9703883174471298
4709.776694557404 1.016835259286338
4227.601962897102 0.8692424102925468
3334.9284330486057 0.8360755670237902
4388.443441679827 0.8879003639622739
3650.9666258449492 1.1107640892160353
6281.812295363974 1.1646625973067617
3338.1920307322266 1.1481683830104237
4393.213724444841 1.0208550141886417
3340.9693730319523 1.0618055968129756
3601.9667901125877 1.157275942844776
3375.9570650656606 1.1550266644543443
5582.441506470159 0.8064289425217099
3724.6075478510343 0.9948271169649656
3724.0768304904036 0.9444478873689476
4015.5289984807323 0.8066562469196485
2330.488964617393 1.182350609841262
5828.957374993921 0.9560931945229827
3800.094777325177 0.9970174911981049
3749.067349148287 1.0051799050278996
4908.7886499153865 1.050836617198375
1742.3899467076349 0.923753290315042
4849.488920249871 0.8179762084787513
3464.456315686647 0.932127365633845
4097.555817196864 0.8518886370837812
4274.891995410677 1.1017915665781914
4886.870849508983 0.8591451456399636
5687.501176455209 0.8720213875314435
