6 50
0.8104904539545458 167.91440456756735 512 65 83 64 91 64 65 65 79 73 77 70 64 95 99 67 80 91 86 83 63 89 63 81 79 61 91 95 79 80 87 83 93 62 83 68 71 82 94 75 76 80 92 66 81 68 82 83 92 97 81
0.8977766907315913 131.45069746533102 517 85 86 81 65 92 87 97 87 62 68 79 94 74 70 64 88 64 77 90 62 75 82 79 70 92 63 60 69 80 87 89 91 83 81 64 97 69 64 76 83 90 70 89 78 95 68 89 79 72 87
0.8652161814343743 139.01237669247953 569 72 89 98 96 90 88 61 99 72 98 75 91 65 83 77 70 85 72 90 74 84 68 74 98 64 80 85 70 85 62 89 64 94 85 95 80 98 92 88 83 93 98 96 86 63 84 82 77 90 68
0.8155654813251934 195.63454781763704 629 137 114 111 138 112 105 132 117 125 111 130 118 120 105 126 108 120 103 122 133 139 118 113 116 105 107 103 126 135 135 127 131 134 134 101 112 117 133 105 111 110 138 124 134 111 122 117 116 134 130
0.8604801916723651 169.33795468838372 674 125 107 113 117 116 119 134 111 125 109 119 131 106 118 115 131 107 124 113 137 114 135 112 115 138 101 115 135 139 117 117 139 138 128 120 112 139 138 123 125 104 127 128 108 138 122 118 111 138 104
0.8253163181124081 141.09144454524932 947 116 119 116 120 131 132 112 133 115 105 116 117 115 124 118 117 117 119 133 132 107 137 119 139 133 103 109 114 121 100 108 132 121 135 107 136 117 124 132 119 104 132 110 119 101 104 123 129 138 105
2363.969380039147 1.1848889225171466
4104.734728349433 1.0407279388817732
2358.4523178759982 0.8914643115101011
4696.123283073942 0.9131236415142923
4309.716741717337 0.8693151311258627
3597.3523681828174 1.179926390194713
3713.445848345463 0.8828875729437079
3801.501505325309 1.1535668868262745
3405.0959948182167 0.8832745857858882
1512.1971927325978 1.1753626979045768
2809.215676487531 0.84825196536127
3974.19597581322 1.1368562415413501
3336.150414971159 1.0670525099729082
4567.138318784559 1.0965059777150725
4333.218018258867 1.0977145554642327
1873.152955931882 0.970102527514247
3170.9249356549303 0.9524888819948939
2054.4332061595505 1.087784803759523
4121.289145998419 0.9020742834260791
4107.155840440017 0.8523335498158062
3040.691537349295 1.1393074556913738
2454.303362780444 1.1454051591460888
3047.1879425380007 0.8307668953528657
4862.1847702060495 1.0346131894333146
3638.7537899191393 1.0350467785859137
2161.095603664192 1.0534673357106705
3900.4814903414317 0.8722030391672463
4083.582815777553 0.9320158624868925
2629.2187962140342 1.1807494051585423
3475.561071873446 1.0104496348816385
3198.8908471886957 0.9640961524975917
5106.200504505202 1.1904930742943622
4979.533556216168 1.162114471753061
4447.806776404488 1.1228251385184669
4186.286700340427 0.9507144151312954
2051.9657458419742 1.029574359547109
2570.874759359035 0.9292772014624444
3345.1177351742313 0.8388989859125847
1879.6630986958626 0.9332925367399795
2830.3941207492853 1.1276464264025194
1858.9088506306302 1.1767127654739933
3113.5731545219737 0.9585742459034042
3572.114637535384 0.9322736881617889
3821.517928832103 0.9373158869119177
4156.047638855109 0.9151244725523965
2424.5175682060362 1.1913979819869696
4044.8982274520836 1.1586500183756845
5625.030891852555 1.0823261634365824
3384.6832890052565 1.0996210636493369
4942.078254788386 1.0506407648112666
