6 50
0.837514308443739 100.34741816552123 592 100 108 137 127 137 102 106 105 102 100 112 133 119 122 124 115 116 101 107 131 139 105 106 116 102 138 130 118 105 111 137 137 123 110 112 131 135 113 106 133 132 132 120 127 110 121 105 120 136 122
0.8956795397354751 146.1875942082068 739 69 62 61 95 67 96 61 71 96 87 84 82 94 99 74 76 98 62 81 64 62 84 88 88 70 73 84 88 94 91 61 85 76 62 78 84 87 99 78 94 60 65 83 98 95 80 71 68 72 71
0.8443373730280022 208.86427265510326 788 116 135 119 138 111 125 116 108 118 106 113 100 101 105 118 105 136 120 107 100 115 114 118 110 112 118 112 110 116 120 125 117 132 101 105 112 107 114 108 125 138 131 114 127 137 130 132 125 106 122
0.888980655751047 115.65181459379721 847 64 75 94 71 93 99 84 60 89 96 95 92 93 61 63 72 99 84 65 67 78 66 72 78 92 99 78 72 86 66 88 66 67 83 98 79 86 64 74 87 80 91 99 67 91 84 95 92 69 98
0.8311668465030081 92.14095742374768 877 89 87 98 67 91 76 81 90 60 61 84 61 89 61 81 76 98 82 79 69 61 75 88 93 79 69 69 96 80 72 80 79 70 93 61 62 97 62 61 80 65 93 97 64 83 66 80 66 62 77
0.893929254693347 154.54222321529247 881 101 118 125 110 133 128 111 127 109 104 136 133 121 111 121 102 133 102 130 105 130 113 112 135 102 115 112 128 132 109 100 129 123 107 105 104 138 111 127 121 109 104 109 127 112 125 115 130 121 125
3960.8535699160198 0.8384158072041087
4415.274545517552 0.902558585690756
3970.4620078360244 1.008854632714836
3695.220877305319 0.9663119681924363
3800.7897073156455 0.9106049670759023
3721.2294208435715 0.8009715220995075
2857.6340701013805 1.0378008924987465
3585.2403132622276 1.1717706421537568
2217.206409392325 1.1135178307800113
3178.0639829815673 1.0388084760985037
5344.012757335717 0.8729119849909932
4032.293184037373 0.985249830529551
5122.428278735129 1.1262387805666791
2516.8473728334 1.00754498821615
3091.426773213298 0.8370258098689869
2971.010303038229 0.906839416276859
3816.328555253021 0.8344416925422306
3599.7740527748247 0.8163435897880646
2943.1456082724617 0.8411323474751531
4154.355883406289 1.1613286485269274
3782.4477185419787 0.9682794092832061
4887.663747877674 1.1969110561492926
6400.838987116211 1.156995089542838
3449.5894430069375 1.1066811036882531
5552.144024442816 0.8846718944166366
3903.3877164084242 1.0011368869275712
2570.992762947759 0.8764577866476367
2851.6006254614767 0.8104191682047384
3139.5231287586903 1.1005998936883197
3159.5128537752216 1.115672480718267
3339.073254031859 0.8967479943815325
4278.469715377591 1.0252281584848613
5023.437888277398 0.9525158465928102
5840.377430667566 1.1214295408785944
4234.041042853222 0.8824672267977358
5155.753358680297 0.995770635249217
3817.3418317663854 1.0452008958211572
3310.436713641289 1.061967880836619
3355.00812040698 1.052011665873058
4121.630405291266 0.9238599661006417
4252.958894746242 0.9744161140585634
3447.4437463958484 0.8385237839562354
4366.278331709477 1.0639978169384658
3252.37369660494 0.9108075427146781
3078.0446397291316 1.1769016953009022
4237.909251426633 1.1652445590581222
4156.590949029121 1.1935433089178804
4628.748565140298 0.9738649939984811
2924.264764309144 1.0024972820646565
1837.1551923468242 0.862750347455518
