3 10
0.8039145695970299 152.75016327309618 611 90 74 87 60 88 63 74 61 74 69
0.839723622193385 151.1992918722421 628 60 83 68 92 66 88 69 64 92 89
0.8129110667860378 177.3659134226604 836 65 71 64 70 60 78 94 96 81 78
1463.7083279344674 1.0066189635454947
728.2087018503141 1.0454577046601548
1318.793863153963 0.8685919808374328
1418.3512351383097 1.193756887176921
1321.3087968427997 1.0948911688291771
1539.54218247111 1.0154495155031733
1800.566888596237 0.9697422512997272
1088.2700169136394 1.0679588578717634
850.9324137279216 0.9741118728621445
406.4882665573824 1.121904206227668
