3 10
0.8803645060993122 162.80091495751688 618 98 78 98 62 80 96 89 71 84 79
0.8652932887435301 178.04212504826262 630 91 63 98 92 65 94 69 89 93 80
0.8570729085072794 145.30760442204266 925 68 73 98 65 78 91 77 64 90 73
1289.3212577896675 1.045915450848671
968.2587629200724 0.822433049220631
1515.1199152775228 1.1941744426740821
1190.5142350704423 1.0626084439631933
1620.3477561312015 0.8731875543260417
733.369279160258 1.0231003924367876
1524.6425891209985 1.0967840689881043
1605.0394819259009 0.8223078234578027
1559.2486564442695 0.8571083792428047
1705.858329164294 1.1132733750018615
