3 10
0.8209870906528296 136.21924452233367 636 96 92 62 73 85 70 96 79 64 62
0.856474992523232 179.09437717685557 829 73 60 62 61 62 76 62 76 88 81
0.842647266649447 126.48636548256997 881 90 90 80 90 98 72 91 67 60 62
1580.1725609688642 0.8381738262217908
1526.3342538760419 0.8838233737329421
1387.4828918423823 0.9157744278845177
1035.2992735084506 1.0427652494172928
636.6032772208114 0.9951289813493095
996.5822306473697 0.8640219765462112
1134.540034428604 0.8470555630828903
896.9953802917028 0.9967658770525452
1082.2165839489805 0.9809724524504525
1176.5363520639235 0.923078258085515
