3 10
0.8948445260827355 125.00815889981268 653 84 91 64 70 84 65 92 90 73 80
0.8424955860648989 161.43408741958746 753 60 67 98 74 61 95 61 87 60 63
0.8555022816665812 176.59722984029423 766 78 66 99 80 86 81 89 93 97 95
1383.741863007943 0.9041202345181163
1417.2778567931289 1.184135596187272
1135.761299579248 1.1162521948012365
876.9066779940105 0.9005144152293888
904.5841840552652 1.193223942196724
1262.2147303362237 1.1026091607494264
1366.3786006013415 0.8192213587495507
1256.4410553543778 1.1884572548732182
1251.5075874824195 1.0157421006758913
1167.4581405790552 0.8885868928551062
