3 10
0.8702810283880795 141.73847013659162 507 93 97 67 86 71 76 60 90 78 85
0.8849626547660752 147.0205695302734 810 91 71 93 80 63 60 85 77 85 77
0.8176733885475961 154.80452215047373 930 93 67 68 69 84 86 82 77 65 92
1192.273011498397 1.1252971613260758
1189.0409128310976 1.1744614592241616
1252.2384171487986 0.9749914242958602
1085.636465396119 1.1642852855100747
1127.7387527232468 0.9548671025175492
1283.514974315982 1.1901239714916336
1077.2525495983464 0.8330729551754754
1429.724423097991 0.8869196527290049
1039.7596939370696 1.004720760488113
1097.7854522247364 1.194417998268428
