3 10
0.8136443476913597 156.9946071423335 584 67 82 90 95 70 87 99 65 67 77
0.8336628361476962 164.33285766973898 670 93 85 77 97 76 94 63 71 90 93
0.8381920902053184 136.34550719675542 764 69 81 72 75 92 73 74 70 95 87
882.6458689591153 1.095442385624347
947.7957718597369 1.1011809876361927
1014.1948215735861 0.9197235039962368
1260.8229454307925 0.8841223742791053
1323.723755701165 1.1413652703103772
1411.1313294208362 0.874944851492386
1119.9078615435424 1.0316435049575656
1185.7423196318068 1.0142721062856404
715.4596986184297 0.9677631441332618
1320.4757053641513 1.12784663936334
