3 10
0.8796591295045864 133.20865446220225 556 98 95 84 94 92 76 99 85 96 61
0.8728474275057334 138.35532601351184 616 64 79 98 94 92 79 95 64 98 77
0.8922849073323565 156.74029932662287 800 75 95 91 75 91 76 83 97 89 93
764.4630326942429 0.8346416066208239
936.9608823044312 1.1716736650537003
673.8761016394124 1.0241362910635872
1356.8777349385173 0.8884893320894625
1155.7064838894785 1.0998927358238126
970.973250681995 0.9843157116216964
1395.3386160735517 1.145604252612806
1029.7706351925492 1.0510580694419187
1429.9243649362525 0.8136157219569603
1332.0312114930994 1.0684424322858965
