3 10
0.8918328936254903 145.0538848718395 710 82 71 69 71 76 73 70 94 78 91
0.8105265468132998 168.5671009152603 772 71 94 60 72 74 82 71 68 95 85
0.8129254930234744 170.54761459705938 936 62 76 93 91 74 95 65 83 84 91
1169.881859498556 1.014370608771742
1484.872352346423 0.888664358707671
1358.9427447708856 0.9254408464501936
1180.3423434035458 1.195698447823871
1401.432039880752 0.858156964967228
1706.3222964652819 1.117822701142975
1567.9039228694419 0.8537820049465004
1238.8237938865475 1.1125514958920637
1462.5429525825932 0.9983421813851228
1151.8464608422582 1.1032177754857655
