3 15
0.8763519809861279 126.99749994754767 535 78 91 70 64 66 99 90 86 94 60 64 62 76 88 80
0.8226808379509696 123.46420304782566 731 82 60 64 89 72 89 84 62 82 79 69 70 95 60 60
0.8024989066467613 177.20956076815378 914 104 124 112 134 123 130 123 136 133 121 127 128 126 132 125
1742.5531184086776 0.6223336801177304
1663.1691679264902 1.3639711413775748
1218.5704351804077 1.3201279890944548
1391.5924336024286 1.2443131303308865
1833.2122531212444 1.3364066438478586
1528.4289131860437 1.3876954057842859
2114.654941234521 1.0678309205816552
1533.6056786675276 0.7640133871956033
1642.0634560333128 1.360700038249814
1282.574676849601 1.2138076583697899
976.8111331266742 0.7393595335740885
1436.14866458104 1.1675160938625742
1630.6177399391097 0.6087573979473626
2074.2817380579686 0.6729735511088546
1857.0307900647483 0.8032580721237422
