3 15
0.8569363885182657 131.44032580043114 508 60 95 88 95 69 83 76 63 92 96 63 84 72 91 95
0.8342219855143365 170.51036002563163 649 137 107 138 122 139 123 114 130 104 130 125 134 117 116 115
0.8311606423466571 171.1837074431183 920 85 72 93 77 95 62 98 96 92 68 69 87 91 64 83
2126.978434517033 1.194468644610259
1756.364062618904 1.163619010725971
1948.629134190991 1.0195214606560925
1700.7026334184445 0.676371606835954
977.0042823573002 1.289257509222772
2117.503917707433 1.3514281850367047
853.3345019371582 1.26919112612106
1542.8653107871214 1.24803895923258
1256.949018213068 0.9356774360722825
1951.5497442493495 1.246629627255622
2096.193320238401 1.021722963273579
1809.6375438300267 1.3551928307974135
1337.537231592664 0.8043055001467705
2454.576408788113 1.3947451865124414
1430.937350287879 1.1415930203916835
