3 15
0.8402784153396472 122.51155847988238 740 88 95 88 73 93 66 65 83 72 98 67 71 68 70 66
0.8756191696035054 146.41618656322962 785 135 105 126 100 125 126 118 111 128 102 118 102 127 126 116
0.8087323802600385 120.708937784391 907 61 71 85 85 95 83 96 80 96 84 81 61 98 82 69
2453.78528914898 1.2735406390015895
1736.056821813642 0.7321921290804856
1618.4415423130336 1.0402931288981518
1273.3979201057355 0.6287021748243687
1375.920921064479 0.8141032361548697
1731.6907443444675 0.7162738173041183
851.3743118036233 1.1226629290660188
1931.3489761515282 0.6036430972821872
2079.174025894982 0.8550181222403412
2190.467741609097 0.7586161942579008
2209.685831164076 0.8046855178557307
1598.3563929741695 1.2579160183033449
1628.4682959070917 0.6290137937187482
2662.777199981441 1.3312603358411896
2169.9252345580926 1.0973771127943333
