3 15
0.8082329584654613 162.81734127604932 882 74 88 61 95 95 91 95 98 72 61 64 67 60 89 97
0.8548644724530479 132.7357613060593 909 121 131 117 130 115 103 115 137 104 116 129 107 133 104 128
0.8301793537405386 125.80542232495779 960 79 94 68 94 64 95 94 79 90 92 89 86 96 91 86
2535.4867399599957 1.3602823012919654
1208.9355450311145 0.9174931721219026
2638.03038382999 1.2716437067956694
1824.8069571064543 1.1923453916632045
2147.660194195204 0.8942091743424437
1330.7951370538947 1.083810038066483
2164.9422145643975 1.2745392052057167
1559.180279295383 1.0937007529364846
1471.9663059733653 0.8333670557714642
1709.9032309646443 0.8045175469425145
1708.6766995975509 1.3570762483039935
1809.764040214624 0.9455090039373806
1478.0264810173378 1.0892424778558942
1921.002140371459 1.2409212422367857
1454.0127463284332 1.216384559216066
