3 15
0.8060249619115096 171.3372386021959 650 72 63 76 65 91 70 62 63 87 71 82 74 95 92 91
0.8058472977485058 122.9884459142751 660 106 138 107 100 106 121 120 102 137 122 125 123 137 112 124
0.834161076894243 132.20746424588384 735 86 99 82 72 71 84 90 65 74 60 61 76 62 98 94
1818.6466782963244 0.8085838970171495
1484.3207643852609 0.6148070932685402
1889.6120587649914 1.3093319389263853
1698.8327864868386 0.9449704962241336
1903.2725431167432 1.2940105185625281
1955.9190673435928 0.7231249460839457
1088.1868622306465 0.6441899030189449
2271.0153718657434 0.90321973145199
1591.176783572481 0.8381287235317745
1367.1363543872415 0.9727739921239977
1684.4939578347964 0.8172918680224608
1209.0372352918093 0.7304836821560715
1424.369281818751 1.2516943747653988
1879.1766841748022 1.1303973157429676
1990.7642485273218 1.0663928217192733
