3 15
0.8704697796178197 137.90044272216574 850 95 93 94 69 84 94 68 99 71 71 82 70 70 78 86
0.8913593276659564 142.1768904311467 932 95 60 96 72 76 69 98 80 60 71 80 63 61 98 73
0.8634000599358627 176.01154572263607 957 112 102 137 119 109 122 120 121 103 115 107 115 129 118 124
1976.969595711385 0.6911574740068843
1507.900420166052 1.2937935527436957
1116.9912296896746 1.3381744387106211
1594.367254058762 0.8812268718503522
1578.7196527332865 1.1127661351915725
1896.1042425637975 0.6083714523316212
2440.912979389329 0.8160775401663256
1708.5359558221376 0.6062832961976915
1331.0049072013248 1.2079565776988985
1490.890384786498 0.6535672632134247
1645.9075100810123 1.17051961321063
1640.8508576226975 1.2151505969079128
1339.8631414106558 1.197088668043047
1838.067755344944 0.6875351729932238
2116.251602654703 0.6229418133774473
