3 15
0.8729687368748842 120.06820945580287 737 82 75 69 65 76 73 98 62 98 88 68 68 79 77 92
0.8257153776619466 172.0362727341731 746 72 66 83 96 95 70 88 65 77 78 94 69 97 95 75
0.8690921155336568 145.04502397031283 894 137 128 120 114 118 105 122 107 108 105 100 119 108 114 129
757.4414660036036 0.9431933831718414
1038.3389821215324 1.3170181360095383
1504.3874910561515 1.3989629936824772
1441.0847546451657 0.7688966502110435
1971.5634591467674 0.7754574099008746
1312.2983136814792 1.338396587820219
2268.187082181928 1.262092825468026
1846.3272985788735 0.7709572662677413
1314.626354257499 1.328587527835576
1862.4415910649034 0.7948820506244727
1874.387399424334 1.1249351343302956
1516.9700803590922 1.3350635248158138
2087.0049787616663 0.9159205873451203
1460.163736051403 1.2843536955618484
1806.8295137008472 0.9335245236351151
