3 15
0.8499977509977219 156.29165860926503 519 73 70 77 98 62 74 60 79 71 62 65 73 73 82 89
0.8148450338596045 174.63726394852 704 103 101 133 139 138 137 122 137 107 135 121 128 139 103 131
0.8876539699500942 171.0714904411606 709 67 93 68 93 84 72 84 85 77 69 70 91 69 79 88
1184.7045860059936 1.308821738928268
1825.081564995021 1.29117852674969
1392.7658987936254 0.7893665256788946
2274.381097390443 0.6419160389907935
1334.408915720741 0.730604816778992
2048.74820213031 0.615280992706933
2113.1343870712844 0.7021632899567652
1822.6662804451137 0.9988785909020221
1218.4387110615594 0.8213897109786007
2547.481449963644 1.2608781477426962
2350.3544532475325 0.7930207037580798
1774.5502148878456 1.2687698529149662
1420.5139382372818 0.9002164223529042
1084.4680339840447 0.6660803235062033
1805.6162931149436 1.1012950463482898
