3 15
0.8881755984548123 128.19234719385793 769 122 126 105 121 120 138 105 101 128 129 126 127 104 112 116
0.8074908124963284 130.79986144482922 811 85 65 90 92 66 95 67 93 94 85 78 63 70 73 66
0.8744633384212726 161.93775062558623 909 69 96 94 81 61 98 64 74 81 88 72 97 63 78 94
1814.4552330709844 1.3738854204082518
2475.09483441193 1.09783115956817
1930.0333670891691 1.234963765093529
1624.7573057071745 1.0233094959275637
1651.1667396269463 0.9190265331520863
2164.8449988183934 0.9185889768816262
2632.220050623858 0.992711800607267
2119.841109154822 1.3111711498075296
2345.8899227415313 0.7946465724415843
2682.554491892627 1.1530321417910818
1414.2128139666984 1.338189640496648
1723.2603800209645 1.2301785356264177
1363.4936883934183 0.6115429791604345
1325.9987901734448 1.352135722316154
1326.3345849435398 0.7691069249671539
