3 15
0.8442987879069487 167.64823269072133 629 108 113 137 103 137 114 124 131 104 118 101 102 115 128 111
0.8424591717021557 123.71999553125855 867 64 61 62 88 60 96 71 92 90 76 82 93 70 62 82
0.8294302149610193 143.07453356162787 952 88 99 80 79 67 92 74 67 89 77 98 91 98 66 90
3064.7209753332686 0.6326321980002072
1491.5865774183203 1.3840634658947748
1324.4563548389704 0.7799159545696716
1604.0398050746883 1.0447680948443967
2008.5263426197128 1.2118291072841876
1769.5248233042112 0.839608358352858
2208.2720614128875 0.8150778759969086
2108.1652468280013 1.1319059078207867
2649.80929364482 0.9038283715567913
2271.5471884615395 0.9225662863450541
1908.6405564261263 0.6057640915273024
1868.938945767955 1.0588586295134976
1646.3825809041446 1.2387777951793248
1758.7105237490316 1.2986339083120249
1130.560697819222 0.7870060217706314
