3 15
0.843430573689031 122.45888932540528 592 94 82 81 85 60 88 71 74 78 92 65 98 93 91 92
0.8087697058106749 155.62837947233982 675 90 68 78 67 87 61 67 87 62 96 84 97 70 97 89
0.8602293462230405 128.67423791260424 976 122 109 136 112 131 134 128 134 109 121 132 124 120 124 121
2094.9907078885294 1.3986173260892547
981.7145467409488 0.943338016859526
1083.6327525110796 1.3896283820005815
2152.2624290683943 0.7035768081795322
1609.7236682109888 0.8899388680898698
2166.9331990361256 0.8870523211090878
2119.865985014606 1.3257268989627886
1264.0547439138663 1.1917085593200256
2226.7599855005174 0.6283546607652412
1419.3329799760088 1.170641646094065
1292.0829151196356 1.3355154236547515
1900.532787759391 0.7499957277122175
2294.654870364144 0.9383144229634408
1568.5735852048454 0.7060369823199663
1350.7636133233814 1.1631093238911676
