5 20
0.8211707038409947 141.47624727204135 572 136 120 131 118 122 127 100 108 125 108 102 107 103 102 116 124 114 134 131 112
0.8552836807707732 165.22069017901305 591 106 134 108 102 123 126 129 104 134 125 115 129 102 102 119 121 105 108 122 107
0.8869693836510796 155.49344310785278 682 74 60 67 95 65 60 82 83 60 81 73 75 90 88 95 64 78 83 75 74
0.8260279704760489 147.15913742397942 842 61 81 63 96 87 99 66 61 99 95 84 95 74 77 72 67 98 78 93 83
0.8336684325532842 122.62353769304498 888 82 86 87 76 89 61 78 65 63 63 79 66 78 88 65 87 87 80 88 63
1757.5720927287452 1.186729420351183
2053.162025953895 1.064916625674114
4105.555804813059 1.0918318917850145
3153.361487113797 1.1889604409837902
2298.3385018540866 0.8751329742563618
3373.5349417640264 0.8499157912342282
3397.230784839202 0.9545646383220869
2956.953854305532 0.9475793461508706
3162.9316587893727 1.1502650872732956
3378.233744223632 0.9291118312727271
1278.919110205094 0.850923243751164
3330.2385126656845 1.0290816058884242
3041.543155859327 1.1047080403806846
2396.4613543285286 0.932442239541439
2821.8820579412277 0.8160411037143998
2795.5482060995255 1.0748285199209584
2384.169864630724 1.0149382283378394
2229.247754596432 0.9512733806268401
3136.3696559890705 1.0540959861117847
3188.5258359094396 1.174285487247284
