5 20
0.8544475561825706 138.22851124665118 676 71 95 68 64 77 95 82 95 80 68 70 83 64 79 61 85 77 98 99 79
0.8968480031200557 134.2906427388337 751 132 127 117 108 111 121 104 104 136 128 118 112 123 107 112 135 102 106 126 134
0.8341022894952538 170.33823065965134 795 68 93 86 88 79 88 70 61 96 79 77 77 68 93 71 81 84 99 61 88
0.8747061429081305 161.05942123019787 924 135 128 127 131 108 112 101 115 129 116 127 110 139 121 113 100 138 102 129 101
0.8998616727160672 166.2419163626461 961 87 85 86 77 77 87 91 62 73 76 71 92 85 70 71 94 77 90 80 80
2989.104465904968 1.0183698049242982
1958.1570307144734 1.1548351245768789
3422.475382997716 0.8724138423987038
2798.3304939101313 0.9549988394325947
1907.104394129905 1.080531816758894
2303.6743478936187 1.1931709119491831
1641.717760162339 0.9389666478176684
2609.699085287971 1.1886167471979046
862.4612615237249 1.0920436440453356
2141.718223802086 0.8130276239877999
2339.3748127721856 1.1449250577782346
2577.827567392877 1.0731556281091374
2824.4435775058664 1.073939183164507
3033.28422464976 0.8142594628956841
3320.6270271495773 0.931333567481256
2749.224927192014 0.967178282243951
2579.8698001086013 0.9687376254664128
1737.9687839968342 1.0348742061340117
2548.4276895118137 1.1445651276260045
3896.692783988431 1.0623827113726905
