5 20
0.8133136697567392 130.42141409720745 563 114 139 121 110 106 106 137 108 136 127 119 132 134 101 129 128 121 122 120 101
0.8670446546759119 136.37461297170984 652 86 99 68 64 84 62 90 94 75 74 77 78 66 88 98 81 96 64 98 88
0.8334648025107652 165.32242568935987 685 72 60 68 62 89 73 70 88 77 82 69 92 95 78 73 64 88 92 67 61
0.8471059854129463 127.30706953111454 842 87 95 76 75 78 64 83 82 67 92 92 86 68 92 70 99 74 87 61 76
0.8842725688974141 132.88275852698723 929 127 130 104 123 104 123 100 124 137 112 113 124 105 111 124 101 126 119 124 135
2642.972767647474 0.8050758112583349
2294.0897552457886 1.0894691456987755
2931.0638840124902 0.9513824522574492
1863.3938141036845 1.1355430709157615
3222.6878951994263 0.9511498143400909
2020.7632523116472 0.8408688132358781
2020.5852024282692 1.027280900290333
3111.3512769271083 0.9246450104890082
1874.9828375461618 0.8171967235944225
3299.4102532919355 0.9954028341691951
2867.0214425173144 0.8572266004431506
2989.6033037636234 0.8991926913883022
3005.02526741308 0.9477525859654335
2655.5703961379504 0.8114823595935916
3571.321405905269 1.0777201785958874
2911.079625837775 0.9203205831062427
2885.9722823871452 1.0800196162150102
2347.4076812544786 0.8083712812639755
3280.783325429788 1.0143763929389336
3137.8911861608526 1.1265374750215527
