5 20
0.8836786595537984 156.22727971418266 504 132 119 117 133 121 110 127 119 119 111 108 124 115 118 110 107 106 101 118 100
0.8327359274062908 135.51443314202814 511 86 92 67 99 69 92 83 61 75 62 90 61 88 82 72 60 64 60 62 90
0.8189712262557335 138.30398516218435 532 137 131 104 135 129 137 116 118 126 126 118 100 121 131 101 102 109 107 139 126
0.8064609780187542 151.65489576491146 921 84 96 62 78 68 90 93 75 98 80 82 90 70 87 81 63 60 83 69 96
0.884098606708232 158.60588144861788 971 76 69 96 73 79 71 68 77 64 92 80 72 96 95 65 94 90 70 90 94
3575.0095156219268 0.9634655710086639
2856.665245245544 0.8996470187504247
1851.262040904589 1.107713177250422
2894.7678990058225 1.1345511407821127
2154.212257347653 0.995711868664882
3217.2622775679692 1.0951372660741905
2273.93177778556 0.8367520653306227
2307.205863976121 0.9733615272833457
2345.914502708298 0.8074788425191005
2504.6622646474334 1.0251264808959744
2406.6891711583453 0.968071455201716
3020.4767991512413 1.1570158401248123
3994.2684504896347 1.0570156019190708
2993.9528751013627 1.1117855565118084
3871.148284387131 1.1264614231150172
2547.7394866929276 1.130561931839192
3249.381368532395 1.1953156500736006
2640.64549796471 0.8164700729355598
2976.121543311002 1.1720984414611406
2847.8218661423903 0.9578299856892857
