5 20
0.892824411991114 160.33984094990544 606 103 111 118 123 105 128 135 124 116 128 134 112 125 113 111 104 117 117 105 121
0.803373168019303 138.69143503878928 704 74 97 86 82 81 93 93 89 90 68 68 84 93 99 73 72 74 73 94 96
0.8871741893715815 135.56569041306489 711 75 82 60 74 75 94 72 84 87 84 88 75 84 81 93 87 81 89 89 66
0.8089318860822049 149.92953518200954 891 109 102 129 106 120 111 113 113 112 119 132 132 113 103 114 121 108 109 106 123
0.8784112679934447 168.86630604885593 967 65 98 80 63 85 92 79 87 68 65 86 89 71 98 79 74 71 73 72 84
1771.4157579530115 1.1934183998498011
2648.9970797344768 0.8474063725514787
1762.6663474858883 1.106800561245765
2716.7567797370193 0.96520321465251
2866.110997786151 0.9628203017246388
2973.996344120104 1.176459006506951
1711.829755583133 1.198208129550439
2816.376398367585 1.0806586564406826
2014.1898329192918 0.9151057591337919
3327.690337390337 1.0201981617289688
3294.0503359777467 0.8864824770693532
2289.592623113291 0.980771203891198
1791.1392848391865 1.140529000222748
3282.638303247764 1.0210371361154043
1852.708092341217 1.1183081384773796
3089.7062185000295 0.9944882086476562
3303.996418176599 1.0389594866294238
2593.2848512730943 1.027038591795776
2744.247053108765 1.1648562012855184
2835.014165147296 1.0825390845477783
