5 20
0.8770079169044592 145.20740286068784 582 98 92 75 68 87 80 79 86 74 76 94 70 85 60 76 99 88 88 68 92
0.8892801533774523 133.98269565171034 760 84 91 98 67 70 85 92 78 78 93 74 61 75 95 67 64 78 74 74 81
0.8135372452822435 146.448922976839 796 98 60 71 96 64 75 76 69 61 89 65 97 69 67 94 66 76 93 82 78
0.8758543831428849 144.9506782988173 800 112 110 111 103 128 125 139 128 104 135 139 114 138 125 102 129 129 110 110 107
0.817208758776676 146.61718130927076 864 126 135 105 139 126 121 108 129 117 127 129 134 122 131 111 115 122 119 130 115
2145.1514595281838 1.1580751171449504
2592.9542778865557 0.8622907107245167
3327.958671003251 1.017577038566086
2109.0064321715026 0.9822784600314648
2938.0571979331958 0.9387761540865843
2527.7287358659178 1.069793773322897
1707.4406408594582 0.9721909525942781
1893.7049181224565 1.1836704452373117
1870.3826582775923 1.1658297269712552
2667.2973152179325 1.1408114318669398
2022.2064738575784 1.0256849654331317
2488.4011664178415 1.0356392706998194
3413.6942345811976 0.8632839591197377
2725.3550661651816 1.1871297334573783
1724.0787027645222 1.1014056526202747
2768.484907424879 0.9755601682763854
2542.4459316250714 1.079647119225442
2101.374263784998 1.012292763334009
2446.9751848712767 0.8937904452992741
3185.4203173235655 1.024062093714167
