5 20
0.8994791391098924 176.8314513834549 540 64 63 84 87 89 99 74 85 96 80 73 75 73 75 79 83 67 88 94 62
0.8061615199132641 144.47319810496788 667 129 118 112 139 112 116 132 105 110 111 126 114 102 107 110 115 116 124 124 115
0.8575585305792477 120.51282784540456 873 138 137 137 128 130 122 110 128 136 123 110 131 120 112 124 130 130 129 108 121
0.8596173008470227 129.94706618780253 905 68 91 69 68 80 76 98 61 93 86 93 84 98 98 61 66 83 60 83 83
0.843356410829039 131.8761106339562 934 91 90 80 64 92 61 64 63 98 85 68 72 68 90 75 70 65 70 94 70
1672.09695860002 1.1609137432336996
2215.3285482437877 1.003239875876121
2371.1735102734333 1.0511101049484495
2585.6522072954676 0.8713549064070066
2009.4723559446725 1.0012617949713725
2820.5956572723103 0.8936806482740669
1885.276436024781 1.030186423582716
2655.3347169563485 1.1764239408068131
2600.9709362528324 0.9858492458081898
3912.5708971746444 0.9832936146157352
2439.620278821046 0.930191231952977
2651.9951553833685 0.8211074450730347
2921.8787778610345 1.0487105732017907
1784.3695480218255 0.8990217814659139
2444.9286946618627 1.1879788276116243
3035.5542616136217 0.9130853159590144
2183.4528106399603 0.8756703591070746
3688.488691835255 0.8080058607296392
3291.6374989155916 1.0327452964421655
2255.3424742247953 1.0258950592010592
