5 20
0.8876809720478698 148.42919203224844 626 78 86 69 69 94 98 60 93 67 60 70 65 90 72 75 64 60 79 75 90
0.8597526193853966 178.7546775600487 769 75 73 82 65 66 76 66 80 63 90 82 70 66 85 97 60 75 76 94 86
0.8258200881968343 149.6449438468327 884 107 133 127 133 125 120 122 111 110 125 139 119 126 132 109 105 111 102 121 107
0.8438565397968498 142.30567946018402 901 106 111 135 123 118 101 135 113 116 128 117 129 101 101 134 106 111 131 121 107
0.8471190239868176 162.07933339052272 949 60 76 67 62 66 95 84 66 90 65 96 99 89 81 96 88 87 92 60 73
2795.063903509154 1.0215272790299612
3125.241368700308 1.0001151321474189
2780.855748752381 1.0494972467613006
4037.7623906912677 0.9532399997582285
1947.2675775065322 1.1611057014697306
1110.8220244773186 0.8299334438458301
2889.4615509113596 0.8673314328124869
2581.171020064509 0.9869212753394561
2628.0724057151588 1.1975000567176828
2910.1889199837838 0.849238867892242
3223.3684316676 0.8737270541396398
2830.7510182370006 0.8103810498188564
3384.2179373552663 0.9160747393696717
2346.3691642029744 0.829638795863316
3266.977905765477 1.1206601289672784
2387.611598437157 1.0200730746536792
2033.3605010417941 0.9107160975004305
3365.516961517719 1.0507769188022784
2141.4969342642994 1.1363292787349741
3519.591175139658 0.9645882879716109
