5 20
0.8190114266794509 125.22970405202621 559 111 110 108 130 109 106 119 110 101 124 125 136 114 132 124 103 130 122 129 109
0.8725796049621204 138.04184604618652 573 66 67 98 89 84 83 71 99 88 99 68 99 83 89 70 79 76 74 86 79
0.8337308070917946 152.03856850145905 845 64 73 96 77 92 62 61 75 87 80 97 86 96 63 95 80 94 75 63 71
0.8894224615391122 133.58341120879632 886 99 98 87 91 73 98 97 67 64 90 81 61 78 82 88 96 93 73 88 89
0.8125252321975396 127.5971685326937 952 120 113 105 109 134 100 136 105 101 136 137 129 110 114 132 119 121 129 111 126
3201.9813170244743 0.9144423832804323
1093.7901935888326 0.9639887777145183
2434.939169997707 0.822226260833073
3417.349138890025 1.1523998392183097
2031.1112501662706 1.0636855799953773
2591.6882646463373 1.1762596725483307
3549.9837683416467 1.0909172950385355
2625.989637326877 1.1661448603562872
3800.941729783015 1.0665352296519781
2733.357688215529 1.1480386704540775
3500.514002024319 1.1902139752307488
3052.6405721462365 1.0798186621079435
1967.9686891603164 0.9171598000016058
2864.657717584707 0.8748409953260302
2975.15026599383 0.8242229855223087
2835.9876277813255 1.130487026629349
2862.6297914363467 1.1054738954834997
2230.9279111360643 1.1222190697094225
3648.60624691657 1.0470386132786964
3252.9113932750206 1.130460300832401
