3 15
0.8405694379213058 157.28610870370045 662 91 87 73 81 82 73 89 73 76 86 84 75 71 69 96
0.8344594526703976 148.8545886215612 691 94 68 78 75 91 69 71 99 97 74 60 75 98 68 72
0.8235007779951972 129.0954838719143 839 68 62 64 85 79 74 62 89 87 85 77 62 97 96 90
1390.5174256090186 1.183965738770461
1259.7996172361027 0.8054645410963619
1477.0075604237152 0.8929937139682145
1481.3667072614244 0.927499668997239
1573.0196605726035 1.1122969174029396
1841.1108592937753 1.193845470290091
2119.7507654088827 1.0839076408333008
1384.8642931159386 1.1464071980386004
1955.0991330694806 0.8494930083179024
1684.4016805284452 1.0670402958758458
1403.0246146973914 1.024822707231826
949.5242451830981 0.9155686512561054
1706.0224880005471 0.8287483122417734
840.2879558518331 1.0865568235548424
1901.2292164666349 1.0771135965036667
