3 15
0.8435389187266761 121.90308570951703 669 89 62 96 90 85 90 69 68 62 98 79 91 84 80 89
0.8630432915953832 132.82693226034758 955 86 69 74 76 60 62 79 82 86 61 89 65 70 88 60
0.801676836232808 152.11574764313468 974 95 83 94 68 85 71 83 86 91 85 92 75 97 92 95
1485.7463665559817 0.9914791401133115
1515.3937639719509 0.8881203333690485
1355.2747979814583 1.191254536746984
2068.9123752968408 1.1018549613368684
1621.3019902970352 1.184793715163346
1657.9105687074332 0.9738784840741462
1858.0246818686119 0.9878245596014501
1524.4263288500251 0.9859730237395254
1869.0449532204505 0.9207952257031286
1028.3417619357317 0.815033253123995
2493.419776942423 1.1693689230366924
2052.5730747291973 1.1033542911347394
1392.6027607394421 1.0483490597067662
1484.3161417188464 1.0862250164163623
1334.2679934443315 1.1905356632904112
