3 15
0.8831691278466803 127.19662498247158 673 81 61 64 76 69 72 62 70 81 82 74 62 89 85 60
0.8618972332551227 178.2936876875783 811 67 64 94 81 72 89 97 83 66 78 98 80 76 87 82
0.8497730893023925 145.87181214659995 925 75 76 79 60 81 96 82 66 67 90 97 77 79 97 73
2383.3034024038157 1.1528679436779425
1502.9430582540292 0.9350976043671366
2325.389200902571 1.0983990122043208
2028.5787875264696 0.98304101436602
1580.1405536071993 1.1222706993851028
1418.9248747902432 0.9699996069845906
1095.7868099132702 1.1803931387297906
1041.7455974558627 1.1171779351731461
1846.096881489202 1.1739702722077514
650.9308723635812 0.9410305908862718
1766.3122757115239 1.1641486773418235
2011.0863591973264 1.061304924347261
1474.0746054070794 1.1044551547167554
930.2775142019626 0.9738056646007579
1068.892458626995 1.0607421481679102
