3 15
0.8273256479143067 155.07929018643978 558 65 98 70 93 67 99 75 98 82 61 69 63 62 89 96
0.8438179883180887 174.2776249235825 592 86 78 78 81 60 84 61 84 62 81 74 62 76 91 80
0.8186276863128894 173.9761822437292 601 65 87 70 74 88 89 74 93 82 63 77 77 69 93 65
1136.494683891304 0.8695837274830491
1500.5140981031493 0.8299056552666971
462.7236291248357 0.817164899459045
945.5759023377309 0.9419858028560899
664.3325915121815 1.0944015478556426
1647.621589266953 0.9503525644615683
1594.2472196946633 1.0711931132647627
2013.667426438843 0.8001558211731308
2304.202805812239 0.9136925132386658
767.3707294755411 1.1732926081644248
770.7218624832784 0.9080615032289675
570.8018515310969 0.8803537172468063
1939.3107525886544 0.8126005846901394
1227.4305237925416 0.9937310118274655
2165.1735775300585 0.9899166205578719
