3 15
0.857425524415223 125.97326468882036 539 62 81 69 64 64 69 87 62 97 85 97 97 88 76 86
0.8659097132889427 159.84229133349697 752 81 86 75 86 95 83 86 99 93 88 75 66 88 65 64
0.8187881222250312 157.97757125244706 928 91 95 78 79 80 65 84 94 97 93 91 75 60 88 86
922.2419391989339 1.1031846594699382
891.489139630633 0.8106119334462316
1171.3484773504706 0.9297348597030182
1438.7765062702344 1.1766318062183831
1457.825524926742 1.002885535707505
1080.0629115829565 0.9554668520373406
938.5104781306693 1.1962046737454772
2072.4087689054713 1.1271729999664215
1652.633548288275 0.8055644548689974
1580.0695115278177 0.874229312280377
1902.0096874017308 0.8453349997071586
1866.7381272116054 1.1366894821392086
674.2279144847552 1.119121897595606
1243.8795726866717 1.1270132114140596
1581.401128472018 1.1462289597050488
