3 15
0.8054465815709713 166.92225644892525 520 66 72 78 72 74 69 83 69 87 69 83 78 76 78 91
0.8945220816327092 158.34741777239265 633 70 92 83 91 96 67 98 79 88 84 95 91 74 85 98
0.8664866662581915 129.50822462220816 964 74 88 97 72 60 97 63 76 63 65 94 99 61 76 67
1980.3946570654387 1.0593366739807495
1675.3303299302588 1.1644799774253505
1293.033648766304 1.0551063571262285
1519.4275619955358 0.8126138009969229
1267.4183620817396 1.1545096004971374
2194.673273640227 0.8986471677016336
1239.980061634108 1.0338520515605978
2004.5181633289385 1.1408971594041786
1199.1949321231973 1.0759381700337372
1292.6334081124674 1.1073488304640748
1987.4565967156752 1.0140790766510424
1320.3924529492447 1.1550969263818212
1342.4214535176466 0.8615467151855015
1084.6451591115483 1.036513040917607
1363.2316459881704 1.1832486271453082
