3 15
0.8954438930429949 137.84205678010596 517 70 96 87 74 68 95 79 78 74 98 92 82 64 65 61
0.8345326373934803 169.4485030966129 539 99 69 96 80 99 84 96 91 97 94 74 62 71 63 94
0.8006153324606295 170.65184197106274 967 67 69 79 99 78 61 84 70 90 91 65 70 63 94 83
988.7420609059571 1.089374541254244
1665.2562090794463 1.0011527052471096
1963.8667640879319 0.877077612058466
2015.5231572641987 0.8112496129032196
1902.9129337794493 0.9618572636011677
1725.07117563187 0.9439083843042079
2170.223641970654 1.054805358157494
713.8201370540055 1.0624250309912462
1766.234175496938 0.9477678655725122
1742.2532106323715 1.041631463527366
1589.2465085316694 0.8090561183391328
1625.968833632251 1.063439213386019
1315.8906355042548 1.0327758923546995
1773.2957763178556 1.0814220341384069
1685.290246127605 0.9455333874871503
