3 15
0.8415678856990958 132.11105308108236 527 86 87 78 63 96 91 97 95 60 96 70 99 68 76 83
0.8641280743247206 168.70576599327765 594 96 91 62 63 66 89 91 94 70 70 98 80 66 76 84
0.8154325015917194 177.83216246396168 841 87 97 68 79 68 78 85 97 76 85 80 87 74 72 79
1191.5899117634876 1.1239810314636172
1737.1715978236282 0.8948991869343714
1569.4717800270785 1.0634041519395636
1378.3696361988161 1.132416659568189
1457.9414968097378 0.8508104971691354
935.0876075779963 1.137067698251709
1439.7049615236022 0.8995577583537225
1359.2916830706297 1.1657591413324593
977.0524156412305 1.1201287606218362
1929.8236179627897 0.9392926336712879
1939.0463817364675 0.8327214661930945
1936.596145407286 0.9712132846030885
1026.4545829840165 1.1121616626194686
2068.3619508095953 1.0518586244505512
1610.4161755547486 0.9705642688286198
