3 15
0.869409006792745 120.94365962063797 630 62 61 93 91 70 90 65 84 75 72 81 83 80 84 81
0.8866076103731273 120.14143238370521 680 78 74 91 99 93 92 82 78 78 64 98 79 83 89 98
0.8166222996407614 125.15042256129264 842 80 71 83 69 66 94 67 89 76 72 84 61 60 68 84
1083.4063374879727 1.1797489454048784
1858.3567092941335 0.9773414397977518
2167.9509599222147 0.8272927072171083
998.1484292815792 0.9988097882425155
1015.905707948256 1.170162810825035
2504.250241660313 0.8890250905971268
1208.4205084596206 0.9234990448481974
799.952787133223 1.1118138759890923
1703.946356515417 0.8467052216844518
1518.025866090863 0.8104021960287264
1756.5886165074605 1.1622987084577232
1879.9980934166758 1.001001002702322
1495.1728075057108 0.8850666489767594
1204.9139279595374 1.0190315974873487
2007.9835405726808 0.9643470966656662
