3 15
0.8405538465756931 125.04461647155554 813 68 91 64 85 86 78 90 64 92 68 95 68 80 81 62
0.849868485214075 151.40820773381427 926 63 95 75 61 65 82 94 69 91 72 85 61 78 91 77
0.860876660923491 146.20745887978916 938 70 83 78 87 73 70 65 99 60 70 74 63 74 90 65
1313.2048124250962 0.9908436393810423
1464.06627066205 0.964055326383006
1383.402286569189 0.9200484870686065
2075.3706135879456 1.0220844713748627
1714.5729038783766 1.0373015722362386
1230.6578635121482 1.007534571606246
1392.8064889714642 1.0209439564103175
1593.661267891293 0.9507293729639817
1339.0519971730457 1.1167265439952945
1102.915883800721 1.1458161695534823
2175.842826756099 1.0278729331098977
774.0730186023045 1.1465348044522168
2232.6234856812957 0.9614016621491184
1708.9343794442757 1.048700547261267
1943.133372220537 1.1968107662116476
