5 20
0.879786846450841 167.5713613900482 886 111 130 129 136 132 124 118 126 117 117 111 120 120 106 104 115 122 108 135 134
0.8519929047734325 135.5637450173295 908 76 82 77 84 93 80 64 96 86 62 88 99 76 73 99 61 70 68 80 68
0.9463522143006213 132.7494860465144 920 61 72 85 76 70 87 82 75 64 81 91 97 85 68 77 94 86 86 75 95
0.8282947144301893 142.71901262991386 991 114 121 106 106 106 115 125 127 126 124 137 128 138 130 102 134 134 101 102 137
0.8830491643655856 157.25895300426217 999 64 89 96 72 62 93 74 97 97 71 72 68 91 64 90 91 84 99 80 61
2046.269607368138 0.8128788364299478
2527.9246880762153 1.030659245331478
2097.598598971188 0.953092065068706
2282.428950971494 0.9664962258621859
3401.7148018320463 1.033391820454714
2067.5422844978657 1.1074824524108322
2409.996797869907 0.8251358561283405
2132.10844482272 1.1677571354732192
2851.601642588608 0.8830253177884768
3936.6865896258455 0.951120453824076
1579.151546041945 0.8701535929172126
2957.0773832298273 0.9508867227596659
2748.662018352167 0.892553798353554
2380.9255096515217 0.8168883570376622
3873.35939806346 0.853863252596646
2760.6728586180616 1.0310954516450015
2389.9606079845594 1.0635585956906521
663.3954105629834 1.168657197915952
2886.827802324485 0.812609693869413
2233.2426141397586 0.9734850282048868
