5 20
0.803498166891172 140.33129319046475 554 71 94 95 67 94 85 97 99 62 83 67 99 63 91 94 68 66 66 91 77
0.7648578684178237 176.00858008878177 892 135 123 138 127 104 111 110 126 133 134 120 135 120 103 129 102 120 119 114 106
0.8004714482402516 146.1446523681946 909 104 136 128 131 121 129 122 106 111 135 106 137 121 137 134 123 130 134 137 119
0.9343483764808063 122.8159756690841 913 76 79 70 96 86 77 91 96 80 82 73 98 69 89 88 84 63 85 96 89
0.9234064548572448 147.4185324579226 962 68 70 99 93 81 68 87 66 75 74 82 91 69 78 60 74 78 88 99 61
1934.3518702633455 0.966581115220646
2405.6448824897757 0.9896548240664566
3416.6518863680585 1.0566089370792766
2576.1769424959602 1.1945577745767495
2173.979534252274 0.8043341044568337
1433.4541520619518 1.1914512753666187
2022.161241191734 1.001048418034394
2291.849690646251 1.016790222094393
2525.421185823448 0.8789965511866075
2638.4164660470124 0.8059444093948651
2234.064466677566 1.1057235689172118
2218.3360226921277 1.0559512706414729
2272.5430910728724 0.9271954109022278
3344.5762208592505 0.9313652353441049
2433.558439230208 1.0549228759476246
2114.6713570296865 1.0296448089290187
2249.6936681824245 0.8185895821029933
2193.2220512481636 0.8413256873905636
2156.0075467864895 1.0396518174399492
2525.4626194378025 0.8913262780290195
