5 20
0.8916239815999829 165.74618700267456 868 117 102 124 108 135 100 131 126 134 129 139 111 114 138 136 101 120 111 103 138
0.781164260464003 171.9304432733664 885 62 79 80 78 82 91 76 67 68 70 65 85 75 64 82 73 71 99 96 91
0.9340490884650475 146.5690922712991 890 100 120 107 104 100 128 123 133 124 131 108 110 101 104 116 121 115 119 116 137
0.9426312591139969 141.25555377400386 969 95 72 74 68 86 67 87 68 87 80 63 98 79 86 74 83 89 69 87 94
0.7895953673040625 173.80232083555478 997 86 89 82 92 83 74 74 61 92 70 91 76 63 86 84 72 99 91 62 79
1711.8319097856204 0.9208715450297696
1926.3976005341347 0.9195969168533337
2755.2735556011307 1.1192779755717117
3090.0982948733445 0.8578179201858933
3107.284675295498 1.1287254207813393
3136.992018669316 0.8242253213095809
2428.953185785656 0.8230582992342208
1473.6026910721907 0.8584965733206369
2917.992753726196 1.0954244334623495
2457.928696918652 1.1534814225547156
2793.917572459897 1.0391209338969682
2864.0736050641267 0.8878455451495835
2573.293413642557 1.0402343654627595
3255.1126636313093 1.071751082967794
3852.9464047495694 1.0576567844802063
2438.797487982478 0.892138901613918
3082.109779340841 0.8770295059608837
2408.0751359021324 0.9713572090737921
2470.1888532910802 0.9760712506909645
3485.817048429081 1.0214912523136492
