5 20
0.9186780046508558 128.56777835256074 534 120 130 134 113 119 123 112 108 136 117 133 126 134 112 101 129 139 123 115 117
0.8634591193978363 170.7077096264255 709 78 85 66 77 72 91 83 78 71 75 81 73 64 82 84 88 94 79 64 79
0.9080515161579893 149.31073753164662 735 96 73 93 70 77 86 85 78 77 63 86 88 94 70 60 63 65 93 78 74
0.8444924033659549 176.29246911774987 796 66 91 91 68 98 80 90 64 67 82 84 94 84 93 94 80 86 67 79 98
0.7970721550379176 146.26382814959814 881 105 117 128 114 133 103 133 118 117 121 134 125 106 134 129 107 100 105 125 104
2920.9556414001368 1.1966565635267181
1782.7615500632555 1.0585841374186589
2053.2257237697977 1.170721322445543
2165.5442608601134 1.0138717377504016
1977.606741870773 0.924394453314949
2338.7646655869326 1.0398104030796587
2107.800120708587 0.8856939057881047
2456.949319661136 1.0477174340922026
2006.1461406054225 0.8787292593872029
3591.896592465854 0.9784973179382557
1891.1719280637508 1.074490009763895
2436.132123951301 1.1636991425724932
658.2423929649133 0.8470013802024006
2307.7430063342313 0.8806882246567579
1730.405762501347 0.8813046623576483
2583.90815400958 1.133747503741568
2653.506845874751 0.8686932068755671
2802.372202844309 1.145908154054431
2597.0779906887265 1.065960215633567
2539.754376487512 1.1354063153981058
