5 20
0.8757820782472889 150.68666296498478 523 115 138 123 129 116 133 131 104 128 124 133 139 125 135 126 130 115 129 102 131
0.8042982021638886 126.78847872845579 571 113 117 128 135 108 109 136 115 132 137 104 134 120 127 135 103 138 109 123 109
0.7748707481255801 172.6135484629852 679 89 99 76 81 62 86 78 93 80 84 64 67 60 85 80 65 98 86 85 81
0.8740913776819803 152.65703557545524 825 82 74 82 89 94 83 72 62 89 87 85 69 79 97 95 78 64 66 86 73
0.8931645671319095 156.72754748135517 965 62 90 66 75 95 70 77 65 80 64 77 95 98 66 92 61 92 95 93 83
2401.502794523955 0.8183854714031562
2602.7750211111543 1.1932784357965098
1440.9909859772742 0.9997675228772759
2070.6329735917216 1.0710623881191308
3465.6587858663133 0.9427596934061787
2988.202738909832 0.8833323307301936
2079.039848918873 1.1930032371501031
2300.7301197211223 1.1611281614528834
2881.239724992365 0.8959092526107395
2322.9798101554034 1.1806855849990174
3089.6835765629708 0.889817930965733
1864.8357664614111 1.1883656498735025
1848.413991702706 1.159678199631728
1065.0211943801019 1.1085708372018417
1679.9405394445005 0.9840685088066284
1882.4519150061615 0.9390726618575089
2378.2404829000707 1.1927812487513472
2214.9174327480846 1.0802585218494691
2582.4156534140543 1.1124754978436562
2242.577650690638 1.010580872067223
