5 20
0.7752172376513883 149.31373502138678 636 100 103 130 138 102 115 137 118 132 124 115 117 117 103 131 122 123 119 100 108
0.7860671918987451 163.15323013542147 651 82 60 77 66 98 95 67 62 85 83 65 76 97 80 89 80 95 86 70 81
0.9299866888802144 178.42853442914657 801 63 82 62 71 69 82 60 81 94 69 84 64 65 83 88 88 95 72 99 77
0.9398348810434318 134.9752075647989 815 63 77 86 96 76 70 64 72 86 90 96 83 85 69 71 96 65 78 69 89
0.7765684622692203 147.78820160573787 915 116 134 118 107 135 131 115 124 120 109 128 116 117 132 100 120 113 106 110 121
2766.3610693207597 1.1555774660480296
2817.671579380988 1.0948292160821493
2317.529762621636 0.8568242357643288
2429.046382488524 1.0216959902573202
3658.627030186497 1.1944963284645058
2573.3121848816727 0.8918902367673304
2384.441566606155 0.8894491744075407
977.6280176547602 0.8717711229501801
2054.7572638637803 1.1577090302511137
2731.7722297555138 0.8080815834129104
1646.9872586286774 0.8916339490728061
2517.0797753918273 1.1953038808266248
2744.2130078063014 1.0569123152261377
2291.6103375145603 0.881328187214515
3332.7701018339894 1.0588009074055553
2428.489103441551 0.8779352912240237
1676.766151627894 0.8487452638387496
1815.154365393605 0.8716489039082336
1854.7012685941286 1.0787914434873793
1972.0803645442716 1.0914916442844396
