5 20
0.8482018174814304 134.36575521414818 662 89 74 69 96 65 85 86 89 85 81 65 95 88 81 86 62 81 91 90 68
0.8058365748970244 130.15544359597297 685 84 62 71 77 71 84 84 90 98 87 68 68 94 98 80 73 92 83 97 99
0.8444566756121015 141.07471143826587 701 64 84 72 86 78 94 62 94 85 65 66 96 73 80 80 88 62 73 85 88
0.8646614248828863 129.75788301660907 802 123 105 109 100 103 120 128 130 135 136 138 117 119 106 110 125 117 101 121 122
0.8316654302569103 172.45392361614375 829 120 116 102 131 130 105 132 125 123 107 134 109 120 119 130 125 104 112 136 127
2095.7217411721795 0.8828868375579931
2155.8981811699377 1.13584164701082
2134.7495670596186 1.0428374612150229
2125.4188500563923 1.1717517715912116
2623.7821646047723 1.0318075537514475
1468.5893993722489 1.1163036406264857
2635.5367881097977 1.1223336118616396
2739.712539939067 0.9348186773094526
1659.0159750367068 1.1732635519603223
1211.5262141222272 1.177418793265439
2146.26905850611 0.8763376753851578
1762.6358582651246 1.0709181158640484
2201.267817818954 1.0382349085217537
2633.3689849746675 1.1376420656541868
2816.397429187567 1.024694858188104
1497.8992425777183 1.1329023587302358
2010.89612976053 1.019498891280813
2216.769607864819 1.057019863722626
2119.491238064645 1.146663977921841
3150.8832951201107 0.9776669837919065
