5 20
0.9221462713095407 139.4658132281619 532 68 82 61 96 87 88 98 69 89 68 61 64 68 79 99 60 97 94 84 74
0.8343414784557791 132.94799031030692 645 114 107 100 108 132 122 132 109 126 113 136 107 117 102 116 105 139 130 138 122
0.8703895363944314 155.05346094744993 760 130 107 107 128 117 110 137 109 107 108 110 106 124 111 135 110 119 118 115 133
0.888347995584635 173.80366453954244 818 64 74 69 79 92 60 86 73 82 97 78 71 62 62 68 67 79 87 61 81
0.900095008725147 136.17678094227153 884 92 99 95 97 77 68 74 68 86 93 87 85 96 97 77 93 87 60 94 99
2294.3879847054527 0.9522077829441089
2191.6267221570433 1.0373751136615914
2538.426146967411 1.062004718947816
1590.5669108109842 1.0266567103227693
2373.57069606723 1.1471723850756392
2921.093007706344 0.8970577049250076
2777.6849793198244 1.0871702725770622
2038.52145860876 1.0504749353754748
1380.9667421859792 0.8538085814956092
2140.6718987780964 0.8953485880249451
1659.2091349870766 0.9719595054052845
2143.1805674302814 1.0822741274517744
2935.828485871488 0.9298193893789625
1529.2996388328336 1.179930909602069
1769.7107892726583 0.9580631446990474
2759.00560471741 0.8711730781369598
1976.4353878057245 0.95394826517111
2644.2924370663663 1.0933326132779395
2530.4263172680226 0.8812877896539427
1593.0915453625958 1.1843569579961883
