5 20
0.9197148850682235 172.7787490523026 502 73 62 83 86 83 80 83 91 69 71 81 66 63 96 74 70 95 60 77 99
0.8557203656084487 125.05950567619274 541 86 79 62 86 95 85 63 76 63 66 88 86 88 81 82 70 75 78 88 97
0.8389910947039657 149.9910705185858 856 82 63 74 61 72 93 60 83 67 60 88 74 74 69 83 71 77 60 66 72
0.939483429018215 179.36017128015132 984 112 103 127 132 126 124 100 134 106 111 118 127 121 101 132 139 109 139 115 136
0.9404628114658136 173.660841148637 990 132 137 112 130 101 116 104 124 106 125 114 135 101 135 138 125 111 113 136 136
806.9243624917533 1.0554712819882255
3327.9675712927415 0.8314511509753256
1533.3391053772198 0.8531192065811569
2498.1271421531064 1.108769107744472
2430.5062434284227 0.8592999835742703
1637.557768870548 0.9787948569573579
2573.446795838033 1.1607272444665524
2121.671616235084 0.9198088540351351
2104.6403154847926 0.9506877276207446
2195.401361112119 1.019518029446897
1539.6082965878202 1.1159825384613107
2480.1611247084375 1.0993010821336546
1794.0085728370566 1.0692862856975567
1954.0100899847941 1.0511463925679743
2505.5819010923924 1.165780261151532
1551.922983611874 1.1658116207984586
1786.2616317311026 1.054125787859714
2374.1411574153017 0.9575821493549723
2522.5386900230133 0.9650518057114582
1556.10012117813 0.979292041317919
