5 20
0.7611395876995302 138.96304186284632 518 91 90 89 83 67 64 92 96 87 83 66 66 67 76 69 80 94 90 93 64
0.8349228342446947 146.07620109137926 608 99 96 79 64 97 97 93 95 78 60 89 67 81 71 60 66 94 70 99 83
0.8693345018028409 131.67626010837216 780 118 116 109 126 100 114 130 137 121 137 120 131 121 118 125 132 128 135 117 106
0.8670272504020247 121.11257203087474 915 123 113 115 109 121 111 128 138 113 125 121 123 127 134 137 111 112 122 127 110
0.8650087345825156 147.35618725909166 978 69 82 99 73 67 81 73 69 80 74 70 80 89 61 69 60 99 61 90 61
1750.912304114206 1.0637923079936886
2603.2091524917246 1.1336503248348662
2722.2523315298354 1.159022721858587
1842.3898088207557 1.134221247932075
1987.2450771342478 1.1247014640478044
1184.9194419494884 1.1580090066994964
2913.196217994515 1.1417309085727527
2766.568284562555 0.8524097250062981
1880.870889473932 1.1398950541373407
3035.0034848996033 1.0578829678740136
1912.6810013448655 1.1258989537321977
2256.14835451655 0.8611950087721822
2939.7319770952145 0.9400044755315421
2230.2338723503594 0.8794549703585066
2689.10069454014 1.1179753730483557
1010.7927417531482 0.8223916372296838
2230.6927035599656 0.8144958960639063
2132.3164037349593 1.1100648292585975
1719.1109380926664 0.8748897699993223
1264.9193655351046 1.0424390569319262
