5 20
0.7565140598492709 122.23546940417668 539 110 122 116 108 121 127 125 106 117 101 135 126 126 104 124 109 116 101 125 122
0.7982867818679004 143.593906277872 619 108 111 130 128 119 117 114 126 127 127 130 127 116 124 117 111 105 124 103 101
0.9484038801467358 170.22302557064944 723 87 67 85 73 82 85 86 70 97 85 66 72 63 76 89 80 83 80 94 83
0.8020972306407422 128.41486104203665 837 87 61 60 75 63 85 69 70 86 74 96 79 72 86 83 83 85 80 80 63
0.9230848921808142 137.2868176369987 912 73 79 80 69 97 81 61 82 72 65 61 69 88 84 73 97 60 64 97 76
1328.3039863673011 1.0138923327481268
2498.0989106014435 1.1636622113615582
2440.6969214129567 1.1833301469513264
2004.3590998279064 0.8398614475716518
3390.696168381626 0.8362768755176158
2358.7673649344856 0.9732654805956902
3003.832270557098 1.1360787131416505
1254.8591437678183 1.1858369637723971
1189.4395050382873 1.1876224313284265
2304.9614044860496 1.1388286662728646
2157.592116200303 0.9422393326558439
2119.604379105839 1.0519299547030685
2001.6462599308113 1.109209288955837
1015.8076441475416 0.9237954722068484
2030.3470451732255 0.8146812774578321
1929.2363986733856 0.9558359330850904
2327.774696069678 0.9509481808095164
1683.1486313495338 0.8222887169730634
2387.6648479758287 0.9137079432679072
1856.572416449876 0.8501943134176387
