5 20
0.9371214368394544 174.68377660212087 669 79 73 89 83 68 75 74 97 81 97 77 81 96 88 85 81 64 63 72 61
0.795975380492676 169.36821724343181 686 104 118 121 116 127 132 121 132 112 123 115 122 108 114 111 115 105 134 112 118
0.7756547184822542 167.13050281787787 776 69 68 82 60 73 70 72 98 90 77 87 92 83 78 79 88 66 99 60 67
0.832398410706537 154.91676397395213 832 90 79 83 61 66 94 93 98 84 79 78 86 91 66 61 71 71 83 77 85
0.7642391015860771 146.40556588861733 935 104 135 124 139 132 139 105 126 109 114 122 125 126 132 121 113 132 126 112 110
2401.6025041164453 0.880306933799272
1385.8027114498673 0.9953965836754571
1367.0216807013642 0.9377192860939556
1806.8758984313893 1.0376963428774744
1830.9806730484831 0.9119142088452653
2325.4826201057194 0.9142206689433031
2262.9423136769587 0.9900618167945242
1421.236487131172 0.8345276323418802
3093.5133481866205 0.8170084611656965
2064.778670454112 0.98701311217067
2684.5810717114864 0.8296130693306171
820.517113118535 1.1945407667353476
1577.5048617964596 1.1476780142076732
1703.3986282664305 1.1136031835353113
2583.0084580162134 1.0120695366993795
2338.3541569789472 1.1545079927357331
2153.7680962681375 0.9614473151799876
1669.4803893656508 0.9834080730106304
2208.947516493186 1.0542919143253577
3481.234362746096 1.0862353855420552
