5 20
0.8075035618636999 158.6373930126205 567 66 99 77 95 98 70 79 98 62 84 80 80 67 80 76 75 82 62 61 67
0.8082330316614301 134.38634275145543 709 117 133 101 124 124 114 129 104 109 133 103 122 124 106 137 137 129 133 128 115
0.8833580921869033 135.09027687389766 759 65 66 81 65 79 71 79 96 89 83 85 87 60 69 96 80 62 94 84 93
0.8637955583282683 139.91261507928505 871 124 139 134 109 134 109 103 115 122 103 107 122 123 133 100 115 138 126 130 135
0.7969601046234345 152.287086118892 973 68 88 66 74 88 66 89 83 66 93 74 74 63 84 75 87 80 61 67 79
2270.314830327274 0.8343648754275144
2313.188965602739 0.8557726014097979
2253.4598691556175 0.8966262557356942
3166.636985765024 0.9449686898924216
2420.387695223087 0.9071071650687781
2172.2758301438253 0.823314306842133
2541.4706231376285 0.8607578658203552
1469.801572026776 0.951767628487225
2325.6235686809073 1.0698394973551115
2805.186051846961 1.1117299004003125
2909.595095923613 0.8506127937736868
2223.7657002786555 0.9388567156436745
1554.349801167738 0.9246697849296697
2940.927483325963 1.11014362784671
3020.3992056492566 0.9310124129364036
1838.6139262878826 0.9382510239345571
2863.4489706258673 1.103621697394901
2165.3870390240777 0.8675588240131962
2867.747023022619 0.8722677104446966
2245.901111180914 0.8175767776509403
