5 20
0.8462633234734909 127.86044939980611 539 95 68 94 93 97 93 82 70 98 94 98 91 74 97 97 99 89 77 93 65
0.8612929776259112 176.47601806351753 631 130 109 136 126 100 122 104 131 121 127 118 114 127 128 135 124 103 114 133 127
0.825640918702965 159.83541773446095 669 74 64 64 63 76 75 93 63 79 67 92 75 89 80 71 66 83 92 66 66
0.8011699100767952 166.3643440947784 811 123 108 104 115 109 139 118 124 120 100 122 115 116 100 129 121 132 101 139 131
0.8065693399657328 151.72356378862173 987 98 86 68 70 63 79 68 87 84 91 70 98 73 93 80 71 84 78 80 61
1284.8706868148806 0.9299812882165448
2037.1289579418967 0.8849652265590495
2451.1886798528653 0.9400193193534
1642.3656348483162 1.1669795708436603
1141.00125469914 0.9724678955637533
2163.7097264465706 1.1120756993700085
2295.604930066556 1.0396152917285375
2135.4987997688713 1.1476369527346804
1792.195561301973 0.9921738419761768
2151.214603327951 1.0975405521174852
1493.7702445315044 0.9661856398175176
1684.8490665495187 1.1389767163499012
1508.1216511001855 1.1345715815067918
1604.277899155759 0.8544320350648067
2457.826640399144 1.1903901788978446
1603.7295018944537 0.8680024662897542
2128.769221675174 1.1346586696278271
3011.7013836499477 1.0517969943523071
2236.3066429528376 0.8552682231064175
2534.2916362352094 1.0410890449923444
