3 15
0.8830847200123949 173.63600280086155 613 61 98 70 97 77 95 72 90 90 76 77 77 71 78 80
0.8851829353460977 162.30909585798096 947 64 78 67 62 82 76 82 80 71 97 89 73 64 74 93
0.8310875005612806 147.12231871146363 981 160 160 142 173 147 144 179 150 148 155 173 155 149 164 147
1824.5650810906882 1.1097406819436104
1992.9930365116597 1.0268659330935925
2224.918990546027 0.8215979869344301
1466.9106820967552 1.0787392472685715
1559.8421885244784 0.8599490829162054
2196.240347315534 0.9029209117874878
1887.6632722289344 1.0480871065143895
1537.8088461037917 0.9953148141897767
1774.8597636146064 0.8228226508440631
1992.6634666344667 0.8751001159349617
2046.025253045144 1.0009733963623866
1781.6959505914679 1.1180679558398108
1674.2364162963222 1.129842910484748
756.0994710395996 1.0790305218012997
1730.6676482541202 0.9697064539215826
