3 15
0.8053753152124834 128.41883151099788 654 83 83 75 77 90 80 70 72 89 65 75 60 97 73 75
0.8017799308648199 150.33663004273055 828 73 76 63 97 83 88 77 63 90 63 92 95 79 63 68
0.851910501428268 140.04428718990698 871 147 164 162 148 141 142 160 164 155 150 175 155 154 143 157
2391.902549175765 0.9143556847160412
1808.3884805587154 1.0376654870147077
1688.7843453531839 0.861629033761418
1467.3110242434122 1.0732594213346915
1667.3728294894536 0.966796890623689
1346.7513414698717 0.84889505806266
2067.387513173937 1.1704184699430038
1430.8842343234817 1.132101318509768
1789.5024827620648 1.181838771350268
1579.4260315041176 0.9654833757277893
1952.121371088056 1.1553460258085948
1814.492639615791 0.8124846910733088
1567.6290747309947 0.8412939144999269
1958.3527187325128 1.1551552292006813
1688.8257557579261 1.1041004574963547
