3 15
0.8604172450331268 170.5387193219237 587 77 70 83 90 71 84 99 63 64 84 84 73 77 93 99
0.8459892350307024 172.4609408373864 698 171 170 167 161 145 157 171 154 157 152 179 147 177 178 167
0.8528714034496874 131.38912014702825 738 82 98 78 97 69 70 91 85 82 87 77 94 79 89 62
1160.4749557427883 0.8081026107840978
1901.835506752748 0.8694911441946493
1593.2028206323507 0.8767221771655924
1483.0433457895604 0.8732312693672266
2172.8972399945533 0.860522641095912
2778.0368533670426 0.9501296394789676
1482.9467287189743 0.9593361925569986
1297.955085932264 0.8914106435828657
2132.592499575664 0.9431649425689022
1488.2699606110168 1.036712914588673
2485.0603941344757 1.0034503463095272
1819.290949465395 1.1213354151788444
2934.9668406762275 1.0043886249400524
2208.01769430835 0.8343073243218883
1136.9977277668504 1.0361322809858844
