3 15
0.8276845456754095 151.07806449221584 533 160 179 155 163 141 172 177 144 147 153 152 151 165 150 171
0.8431103538644567 158.12304460141144 849 74 91 66 66 90 80 84 77 72 81 98 69 93 82 87
0.8130304236587684 161.4506205284344 879 84 89 76 90 95 87 69 79 65 92 77 61 93 93 78
1800.3999235184297 1.1883997534381112
2046.3016911934496 0.8013498513234832
3030.747277278727 1.1480349240274097
2743.5290916654094 0.9517228529925517
2296.193543234293 0.8287299791236797
1648.8325100172017 1.026073509429466
2781.2758148066705 0.9748579465482285
743.4688793958533 0.8747126048501555
2413.5717568239784 1.0843450433252706
3111.7870830294605 0.8515027395492685
1632.461809370955 1.0492269014489586
2334.482758424214 0.9262656675031039
1277.340041945859 1.0913752422472331
2926.9679696327903 0.9570604734635016
1354.7290731880057 0.8314020704747713
