3 15
0.8980223139143604 156.26739509734895 708 65 98 64 86 66 74 91 88 75 91 81 67 62 67 97
0.8852538721992131 162.50654414755158 710 78 74 63 81 87 93 84 85 87 77 98 95 91 76 60
0.8852387104923418 154.1486486905742 853 164 156 144 169 179 147 173 175 144 171 145 166 145 179 172
2024.6766849712064 0.8867901557436025
1232.9468512410854 0.9134171444696035
2293.964131367918 1.0555268143278878
1567.8588418746135 0.8644923370777888
1924.8537977442895 0.9067775518141353
1056.807743954714 0.8395624617382398
2096.1970537340176 0.9082127902826777
2445.9568517475236 1.0239374518624649
1983.2211465635016 1.1041147862697804
1628.174928432766 0.9548772453856365
2088.666594491286 0.9780983868960916
1562.1324419852558 1.1155492461428385
1906.394090196381 1.0297508945893488
1947.764974544276 1.0552953963664957
1955.1913078167386 0.8135646686763223
