3 15
0.8086966013783807 144.12249987086943 573 163 160 156 176 163 176 173 155 164 160 175 179 176 140 162
0.8594518896276485 127.56089733629855 935 76 82 84 60 88 77 82 90 86 83 97 82 78 83 95
0.8092164239405732 144.84317903608957 983 81 62 95 86 74 78 67 75 65 84 76 80 62 66 92
3399.4591001631525 0.8802754687613885
2841.898835770186 1.1274395874156418
2688.156035776058 0.8885193470562006
3030.1907960820695 1.0405679584666447
2194.1664106033086 1.0834364182158216
2832.256817377509 1.1277577634796974
1403.5100347004159 1.104473184883488
2271.5091565084294 0.8170814747165123
2933.792079722719 0.9816622555925025
1989.2915509904067 1.0818633197390917
2898.231079423699 0.9666716427856129
1752.5870184849489 1.0041394875151497
2197.6708500149657 0.9802332760892103
3113.986353992182 0.9062834336532988
2285.963683046124 1.0203688183304291
