3 15
0.8386751680312844 135.1305065479094 565 64 63 94 90 88 75 75 60 98 86 78 80 95 78 62
0.8806677639275164 168.33024114387294 589 158 144 152 144 145 148 178 140 157 148 149 166 151 146 178
0.8914675630832255 150.33214439853649 620 99 82 89 78 62 93 81 66 84 82 60 84 92 93 93
1900.3837395138926 0.967334448629267
1516.2616480047495 1.1890424410162816
2226.3707302103376 0.9013069718036423
1785.1333805776253 1.004961376802868
1395.1542759470835 0.8421531216187479
1538.603731786839 1.1175334950919489
1885.387697902083 1.0808836509125188
1401.9517914517944 1.1608533954844724
2451.0054012906726 0.8219996802338764
1218.836441338161 1.060535898605771
2479.213125812591 1.0268767585312548
1342.3669272010975 1.0182563380591214
1097.017859524481 0.8779934210888369
1865.0604733907544 0.9483070981030867
1455.626839399068 0.9347258174211417
