3 15
0.8005801139139774 179.5781734676211 792 149 158 173 144 143 151 170 140 170 153 171 152 140 179 144
0.802523625410058 160.1536140237458 874 81 99 75 77 93 91 86 89 60 79 74 91 79 64 69
0.8346272835227987 130.41145850485105 998 82 64 99 64 84 88 77 61 73 60 80 88 96 70 85
2590.838577475915 0.8607731356683848
1947.0735216737285 0.9743730840042195
2428.6428170512972 1.0966128717257448
2738.1428723401204 0.9764637611496207
1639.6425121299753 1.1922011099827567
2098.4994928652277 0.8188037913054067
2874.358216640141 0.9277405459645602
3057.842501409861 0.9401562911082455
2849.8388472819947 1.0710246071721206
1832.0639576314147 0.9327640810212181
2826.1353095706845 1.0845903155703647
2779.2806577073025 1.0597817410606505
1939.0344210682879 0.9568465093437608
3658.088284474373 0.886971739848659
1788.5601792918999 0.831065439274878
