3 15
0.89537150277628 126.23767868274852 676 148 147 153 171 167 159 168 154 145 154 153 161 151 165 152
0.8380619368847526 160.9805534193645 853 78 81 84 95 91 83 93 81 90 95 97 93 63 95 75
0.8120740915419113 123.34432644838199 975 64 88 61 62 96 97 89 77 99 64 85 96 67 83 92
1771.8421149871442 1.0931695423006234
2261.111350822473 1.0588021488628492
2498.9858646833895 0.8941551850585879
1747.8520864749219 1.0903273673985403
1846.4909525837577 0.8843092902856052
1416.2299072342587 1.0434791776402341
2589.9898961641943 1.107213080947258
2224.638930779271 1.0368594179605832
2229.7776673377366 0.8339463210121635
3008.574814893164 1.147065323724175
1538.4536634116034 1.1341365355054267
2788.1038210494344 0.86661321221897
1339.9997684250238 1.1090655106280387
2323.631396065474 0.8320990964536396
1684.4447515550833 1.1363350813872704
