3 15
0.8166543731124208 136.97524424206475 578 65 61 83 80 64 62 69 86 93 80 71 65 70 71 86
0.8575523712404033 134.240032232111 847 155 142 173 156 172 148 149 166 178 167 176 169 150 177 151
0.8086734401943959 147.4512210452288 945 99 60 86 80 89 88 81 87 75 60 92 63 74 92 94
2546.7672478027657 1.0245736930450682
1855.5510036767346 0.9077838031240087
1606.0034447265728 0.9753070251185294
1234.7591367964812 1.1547572482300843
2175.22211296469 0.9048492014957275
2252.0911249474807 1.1154209187519946
2053.8176545586807 1.0471410322346648
1304.795560245048 0.9978949166971489
1681.4821920269655 1.1734781186081633
838.8207058105061 1.1321692607543887
1542.8253708387688 1.1363727196971343
1709.3560858802493 1.0121022071864425
2545.2279658453135 1.0823925945613555
1529.6310881130664 1.0745787195450176
1800.7309155080536 1.1423263046258987
