3 15
0.8744523274385552 139.1719680251388 568 77 87 63 96 94 77 76 81 74 76 63 66 68 66 70
0.8478794607794993 148.45833800569366 950 140 174 167 161 172 141 169 176 165 144 151 152 145 179 156
0.8605168681517615 167.82706913180067 997 99 61 99 73 78 96 65 67 84 68 96 73 84 76 82
1719.4002558105328 1.1428175190523475
1315.5596866937808 1.0918377010274543
1740.031700439162 1.1516333907038172
1629.604943543523 1.1726167229418696
2102.5352494445424 0.8526016454332311
2226.723003358715 0.9864436082189517
1578.6259973869549 0.9783967992760046
955.0281171707846 0.8426405876803561
1590.3756597770125 0.9237680927575563
1842.7401174176853 0.9006146831038827
2264.724400635731 1.0134550549783437
1198.4690162645275 0.9717790087865332
1515.1094055941585 1.0101454713177893
2265.706272627443 0.9835122717232826
1747.3860696784445 1.0537921514588207
