3 15
0.898202407093051 128.0948568058548 609 146 162 148 157 159 150 155 178 145 159 156 169 163 148 164
0.8114603699592988 153.38865528791356 613 71 74 91 64 94 80 61 60 78 77 99 62 67 80 90
0.86733836969794 164.57728270594706 956 63 62 74 71 62 95 70 85 93 62 76 81 72 65 60
2673.424191075622 0.9860788149050387
2487.7572454466795 0.8566621184481232
2326.555197081705 1.1683677991741002
1840.6832810693709 0.9882709168824448
3410.665927248595 1.1556359955960611
2396.833901045855 1.0763984399773956
2559.8843286846977 1.1879043219916805
2252.716029135857 1.0345090521051157
2612.284453321021 0.8101516853841972
1658.1998474957581 1.1159109874111388
1520.1764358033802 1.187587974768377
2356.49554140107 0.9441842814110492
1917.832249117789 1.1431688880062827
3372.777218844897 0.9326870331866574
2172.4932887039395 0.9364041782248314
