3 15
0.8012187955822703 120.14096857802585 518 75 83 79 75 72 72 64 92 93 74 93 98 74 70 68
0.844530482064624 168.45895231509127 702 156 141 168 164 145 143 166 144 163 179 151 140 163 142 144
0.8891013526363314 150.1290941412467 924 69 68 76 72 99 63 78 88 75 61 75 84 71 95 73
1406.2663592909014 0.9927841289738775
1972.1244947346142 1.1298411012377194
1974.0216434193312 0.9190634661187385
1892.3898254003198 0.9845114975379704
1779.1609947484915 1.1846270141972255
998.5062231362746 0.8762311585790349
1346.6949588834293 0.891921651508396
1741.9567538073147 0.8349588788084036
1367.6534969722074 1.0219376043932613
2211.339880743537 1.161199961253436
729.8555116291893 0.914017791797977
2285.237751145458 0.8528145852400759
2103.926750468743 0.9317725866668658
1583.0479800827675 0.9327473667075932
2322.663358619774 0.8703388636535122
