3 15
0.8297138397625087 171.8811122766963 687 149 145 144 158 168 150 147 148 177 157 142 145 161 146 168
0.858714845402018 150.28866732592002 712 64 60 73 77 61 79 85 98 69 67 90 98 60 80 80
0.8400014031336203 150.77925538704082 994 73 84 65 80 67 95 98 64 86 81 61 65 80 65 69
2186.537648459801 0.906771116677326
2249.1549385889316 0.8230314712568475
1855.583335526841 0.8359098368447062
1282.4310882995287 1.0898744695232783
1139.7875183196525 1.1739781739419517
1471.2502494171981 1.0871693247058545
2086.2924256996657 0.8762103212025257
2820.257755291841 1.1923429427988184
1911.480250366742 1.0725330650019071
2401.8412848698995 1.0030996889461057
2609.3382117872416 1.1937923186998114
1206.899717582396 1.1769395515289598
1565.9136480190268 1.0907956602140105
1451.7295605769516 0.9329619065618997
1467.6345130665939 0.8156080891192315
