3 15
0.8373826025833351 137.28836767050754 891 92 95 92 78 68 73 64 79 77 70 73 89 64 65 73
0.8381046989862309 143.4747262456583 915 89 87 70 78 76 64 87 87 64 96 87 62 96 71 86
0.8306426873199071 176.5009994270549 961 160 154 166 140 140 162 142 145 163 165 143 157 160 156 163
1500.169171897207 0.8331476742101183
2237.5130620827267 1.1497829496433472
1871.2917738506005 0.8338073256357735
1718.2925555826864 1.105261824829707
2169.392075797673 1.0357552475619516
1790.601715667495 1.1571503273579717
3361.6241429323536 1.0285712624660406
2402.5357284286133 0.9636431651514646
1374.0397035680446 1.0564586011036368
1540.912193390814 0.8411545937968041
1713.6351943516847 0.8583430489444506
2158.3804426812458 1.1431577366946535
2672.0384141299282 0.8994101068994872
1651.5281682438867 0.8171579803792068
2369.905229716639 1.0921132724971305
