3 15
0.8007215710416938 152.83425990407466 518 99 67 85 75 85 91 93 73 80 81 84 68 91 85 93
0.8709739642062855 139.22039205702936 934 63 74 68 98 89 91 78 76 63 67 70 87 92 64 91
0.8053085649940873 175.1322452476925 966 146 177 149 158 152 165 178 145 151 146 143 140 142 141 162
1291.3624023788127 1.198403728461203
1653.147782736724 0.9758415738595569
1668.2304530893966 1.0564769071668931
1310.0405788457635 1.166124895151975
1410.3115802120728 1.1951456512368503
1194.7696559234134 1.1688624206753355
1779.583891594799 0.8045505759839205
1657.8980619546078 0.8976449407258923
1592.7322259494272 0.9265133371259913
1509.8820220028342 0.9252221994497231
2027.5425499156613 1.1276277463376663
1677.7319534336962 1.1787939172145145
1713.5508257052547 1.1868058841821254
1577.6164141939396 0.9012414755970611
1987.6962594796084 0.9346134726830978
