3 15
0.8723330018966521 156.73566888309134 515 61 88 65 76 78 95 86 65 91 81 62 68 81 88 64
0.8365119793736419 129.18770654534674 733 88 89 96 92 94 82 68 69 68 87 69 89 78 60 81
0.898078465947254 145.20820640098492 866 144 163 170 171 165 172 154 168 150 164 176 172 161 148 167
2159.0664559597044 1.1211793501521745
2261.4952501349762 1.1310976369474663
1139.9417032484212 0.8125429840811396
1593.8881429061985 0.8046441503585939
1014.3947330429975 1.1843143596042385
1497.067702072654 1.173438055989625
1857.7958265496363 1.1523158659557635
1202.1426891270378 0.8517854044367522
1779.4305335649628 0.8323923514325494
1373.9271576075355 0.9737422905106468
1521.5061118065566 1.1990575590080301
1115.1594525533883 1.1070706649207533
1388.3816079089445 0.9888827736340263
1249.2119201068595 0.9139276960126493
1518.6780165924408 0.8332155812481172
